0 4 Car 0 0 0 10 10 100 100 1.6765 1.6719 4.3298 -9.2842 4.4027 28.4907 -9.3122 0.8888
0 2 Car 0 0 0 10 10 100 100 1.7545 1.7823 4.1173 -8.7385 4.1616 24.7556 -9.3745 0.9778
0 1 Car 0 0 0 10 10 100 100 1.5377 1.8945 5.0190 7.3051 3.8537 27.3864 -9.3424 0.9831
0 0 Car 0 0 0 10 10 100 100 2.0369 2.0682 4.3020 -20.6781 5.2519 51.4785 -10.8256 0.9881
0 3 Car 0 0 0 10 10 100 100 1.4460 1.9137 4.0710 -48.4760 5.2908 13.0246 -6.2643 0.9743
1 4 Car 0 0 0 10 10 100 100 1.6549 1.8560 4.6483 -10.0571 4.3097 28.6567 -9.2968 0.8067
1 2 Car 0 0 0 10 10 100 100 1.8132 1.7192 4.2841 -9.3824 4.2080 24.7487 -9.3820 0.9494
1 1 Car 0 0 0 10 10 100 100 1.5292 1.7206 5.0908 6.6080 3.8609 27.3472 -9.3401 0.9925
1 0 Car 0 0 0 10 10 100 100 2.0334 2.0563 4.2702 -20.6390 5.2648 51.4340 -10.8182 0.9866
1 3 Car 0 0 0 10 10 100 100 1.4748 1.8640 4.1139 -48.2320 5.3089 12.9968 -6.2771 0.9470
2 4 Car 0 0 0 10 10 100 100 1.6339 1.7715 4.4446 -10.5999 4.4008 28.6592 -9.3511 0.9498
2 2 Car 0 0 0 10 10 100 100 1.7617 1.7803 4.2038 -9.9779 4.2085 24.8222 -9.3788 0.9825
2 1 Car 0 0 0 10 10 100 100 1.5445 1.7805 4.8872 5.8374 3.9026 27.4422 -9.3419 0.9743
2 0 Car 0 0 0 10 10 100 100 2.0161 2.0312 4.3312 -20.6438 5.2663 51.4338 -10.8129 0.9828
2 3 Car 0 0 0 10 10 100 100 1.4625 1.9007 4.2218 -48.1882 5.2769 13.0247 -6.2685 0.9643
3 4 Car 0 0 0 10 10 100 100 1.6466 1.7738 4.3403 -11.4135 4.3818 28.7073 -9.2682 0.8548
3 2 Car 0 0 0 10 10 100 100 1.7474 1.7615 4.2485 -10.6674 4.2693 24.8280 -9.3863 0.9899
3 1 Car 0 0 0 10 10 100 100 1.4897 1.7555 4.8430 5.1832 3.9052 27.5020 -9.3392 0.9703
3 0 Car 0 0 0 10 10 100 100 2.0310 2.0597 4.3149 -20.6376 5.2482 51.5031 -10.8087 0.9848
3 3 Car 0 0 0 10 10 100 100 1.5198 1.9589 4.2151 -48.0402 5.3083 13.0541 -6.2523 0.9367
4 4 Car 0 0 0 10 10 100 100 1.5931 1.7257 4.1843 -12.2542 4.3810 28.8759 -9.3045 0.8952
4 2 Car 0 0 0 10 10 100 100 1.7577 1.7489 4.1425 -11.2516 4.2701 24.9061 -9.3773 0.9828
4 1 Car 0 0 0 10 10 100 100 1.5114 1.7855 4.8951 4.4398 3.9564 27.5543 -9.3346 0.9525
4 0 Car 0 0 0 10 10 100 100 2.0492 2.0785 4.3554 -20.6518 5.2643 51.4892 -10.7983 0.9798
4 3 Car 0 0 0 10 10 100 100 1.5833 1.9218 4.3298 -47.8221 5.3609 13.0018 -6.2815 0.9408
5 4 Car 0 0 0 10 10 100 100 1.5991 1.6819 4.1980 -12.9741 4.4400 28.8676 -9.2858 0.9562
5 2 Car 0 0 0 10 10 100 100 1.8140 1.8057 4.1577 -11.8618 4.3273 24.9443 -9.3774 0.9822
5 1 Car 0 0 0 10 10 100 100 1.5336 1.8418 4.8168 3.6901 3.9739 27.6420 -9.3319 0.9332
5 0 Car 0 0 0 10 10 100 100 2.0204 2.0620 4.2546 -20.6453 5.2450 51.4546 -10.8112 0.9855
5 3 Car 0 0 0 10 10 100 100 1.5247 1.8811 4.1214 -47.5542 5.2946 12.9920 -6.2714 0.9589
6 4 Car 0 0 0 10 10 100 100 1.6396 1.7087 4.4174 -13.6882 4.5111 28.9901 -9.3138 0.9237
6 2 Car 0 0 0 10 10 100 100 1.8223 1.7260 4.0098 -12.5275 4.3287 24.9360 -9.3616 0.9942
6 1 Car 0 0 0 10 10 100 100 1.6142 1.8388 4.7672 2.9080 4.0645 27.7166 -9.3380 0.9608
6 0 Car 0 0 0 10 10 100 100 2.0437 2.0831 4.2748 -20.6499 5.2611 51.4641 -10.8081 0.9903
6 3 Car 0 0 0 10 10 100 100 1.5256 1.9129 4.2515 -47.4300 5.2856 13.0441 -6.2741 0.9487
7 4 Car 0 0 0 10 10 100 100 1.6939 1.7045 4.3861 -14.5155 4.5730 29.0702 -9.3016 0.9276
7 2 Car 0 0 0 10 10 100 100 1.7821 1.8039 4.2728 -13.2380 4.3345 25.0053 -9.3578 0.9827
7 1 Car 0 0 0 10 10 100 100 1.6056 1.9266 4.6715 1.9639 4.0944 27.8094 -9.3541 0.9272
7 0 Car 0 0 0 10 10 100 100 2.0230 2.0741 4.2969 -20.6879 5.2441 51.4647 -10.7990 0.9858
7 3 Car 0 0 0 10 10 100 100 1.5978 1.9442 4.2218 -47.3211 5.3319 13.0452 -6.2460 0.9351
8 4 Car 0 0 0 10 10 100 100 1.6452 1.7592 4.6612 -15.2094 4.5403 29.1635 -9.2925 0.9112
8 2 Car 0 0 0 10 10 100 100 1.7841 1.7887 4.1864 -13.8872 4.3711 25.0120 -9.3735 0.9763
8 1 Car 0 0 0 10 10 100 100 1.5585 1.8443 4.5123 0.9498 4.0590 27.8752 -9.3592 0.9872
8 0 Car 0 0 0 10 10 100 100 2.0422 2.0846 4.3020 -20.6521 5.2469 51.4674 -10.8082 0.9888
8 3 Car 0 0 0 10 10 100 100 1.6218 1.9592 4.4113 -47.2775 5.3384 13.0265 -6.2537 0.9465
9 4 Car 0 0 0 10 10 100 100 1.6475 1.6872 4.1535 -16.1778 4.6155 29.2439 -9.2901 0.9268
9 2 Car 0 0 0 10 10 100 100 1.7945 1.9546 4.1900 -14.6159 4.4125 25.1345 -9.3671 0.9662
9 1 Car 0 0 0 10 10 100 100 1.5731 1.8549 4.5419 0.1102 4.0792 27.9601 -9.3600 0.9901
9 0 Car 0 0 0 10 10 100 100 2.0444 2.0609 4.2392 -20.6421 5.2384 51.4749 -10.8062 0.9881
9 3 Car 0 0 0 10 10 100 100 1.5623 1.9735 4.2006 -47.0529 5.3066 13.0177 -6.2609 0.9779
10 4 Car 0 0 0 10 10 100 100 1.5946 1.7187 4.2088 -17.0223 4.5969 29.3083 -9.2851 0.9224
10 2 Car 0 0 0 10 10 100 100 1.7639 1.7922 4.1861 -15.2864 4.3885 25.1466 -9.3791 0.9858
10 1 Car 0 0 0 10 10 100 100 1.5884 1.8522 4.7718 -0.6959 4.1665 28.0027 -9.3409 0.9684
10 0 Car 0 0 0 10 10 100 100 1.9359 2.0409 4.2016 -20.6379 5.2116 51.4519 -10.8314 0.9870
10 3 Car 0 0 0 10 10 100 100 1.5499 1.9593 4.3004 -46.9373 5.3046 13.0136 -6.2753 0.9733
11 4 Car 0 0 0 10 10 100 100 1.8030 1.7002 4.3509 -17.7957 4.7611 29.4410 -9.2941 0.9072
11 2 Car 0 0 0 10 10 100 100 1.7407 1.7741 4.1677 -16.0570 4.3861 25.1554 -9.3580 0.9954
11 1 Car 0 0 0 10 10 100 100 1.6061 1.7974 4.4790 -1.6618 4.1507 28.0335 -9.3410 0.9700
11 0 Car 0 0 0 10 10 100 100 2.0384 2.0732 4.2863 -20.6665 5.2389 51.4680 -10.8243 0.9910
11 3 Car 0 0 0 10 10 100 100 1.4871 1.8839 4.1738 -46.8446 5.2545 12.9912 -6.2686 0.9607
12 4 Car 0 0 0 10 10 100 100 1.6267 1.6975 4.2538 -18.5619 4.6499 29.5528 -9.2929 0.9550
12 2 Car 0 0 0 10 10 100 100 1.7352 1.7736 4.0717 -16.6779 4.4352 25.1749 -9.3487 0.9817
12 1 Car 0 0 0 10 10 100 100 1.5726 1.8215 4.4030 -2.6210 4.1698 28.1126 -9.3509 0.9608
12 0 Car 0 0 0 10 10 100 100 2.0254 2.0755 4.2815 -20.6726 5.2400 51.5142 -10.8122 0.9884
12 3 Car 0 0 0 10 10 100 100 1.5188 1.8740 4.1303 -46.6818 5.2771 13.0092 -6.2592 0.9784
13 4 Car 0 0 0 10 10 100 100 1.6626 1.7263 4.3474 -19.4533 4.6844 29.6568 -9.2868 0.9380
13 2 Car 0 0 0 10 10 100 100 1.7297 1.7766 4.1315 -17.3744 4.4352 25.2667 -9.3382 0.9881
13 1 Car 0 0 0 10 10 100 100 1.5940 1.8120 4.5529 -3.4063 4.2152 28.1782 -9.3535 0.9762
13 0 Car 0 0 0 10 10 100 100 2.0162 2.0602 4.2560 -20.6599 5.2233 51.4688 -10.8101 0.9881
13 3 Car 0 0 0 10 10 100 100 1.5099 1.8997 4.2876 -46.6516 5.2453 12.9985 -6.2603 0.9615
14 4 Car 0 0 0 10 10 100 100 1.6145 1.6950 4.3040 -20.2951 4.7052 29.7372 -9.2999 0.9596
14 2 Car 0 0 0 10 10 100 100 1.7093 1.7388 4.0688 -18.1368 4.4471 25.3048 -9.3544 0.9977
14 1 Car 0 0 0 10 10 100 100 1.5490 1.7713 4.5045 -4.2472 4.1847 28.2259 -9.3561 0.9773
14 0 Car 0 0 0 10 10 100 100 2.0138 2.0474 4.2756 -20.6518 5.2349 51.4411 -10.8084 0.9847
14 3 Car 0 0 0 10 10 100 100 1.4964 1.8744 4.2244 -46.5783 5.2708 12.9819 -6.2675 0.9819
15 4 Car 0 0 0 10 10 100 100 1.5922 1.6500 4.1757 -21.2874 4.7223 29.8461 -9.2951 0.9068
15 2 Car 0 0 0 10 10 100 100 1.7393 1.7660 4.0127 -18.9329 4.4949 25.3637 -9.3335 0.9928
15 1 Car 0 0 0 10 10 100 100 1.5612 1.8088 4.4909 -5.2142 4.2269 28.3114 -9.3676 0.9905
15 0 Car 0 0 0 10 10 100 100 1.9437 2.0421 4.2284 -20.6571 5.2205 51.4431 -10.8006 0.9832
15 3 Car 0 0 0 10 10 100 100 1.4956 1.9216 4.3994 -46.4622 5.2362 12.9534 -6.2760 0.9242
16 4 Car 0 0 0 10 10 100 100 1.5940 1.6706 4.2616 -22.1416 4.7203 29.9188 -9.3032 0.9610
16 2 Car 0 0 0 10 10 100 100 1.7557 1.6804 4.0662 -19.6518 4.5183 25.3630 -9.3464 0.9883
16 1 Car 0 0 0 10 10 100 100 1.5860 1.7551 4.4788 -6.0639 4.2311 28.3839 -9.3547 0.9768
16 0 Car 0 0 0 10 10 100 100 2.0189 2.0647 4.2431 -20.6833 5.2410 51.4614 -10.8306 0.9816
16 3 Car 0 0 0 10 10 100 100 1.4455 1.8746 3.9926 -46.1897 5.2502 13.0195 -6.2538 0.9753
17 4 Car 0 0 0 10 10 100 100 1.6623 1.7148 4.4074 -23.0994 4.7711 30.0452 -9.3203 0.9692
17 2 Car 0 0 0 10 10 100 100 1.7639 1.8317 4.0545 -20.4760 4.5569 25.4746 -9.3444 0.9836
17 1 Car 0 0 0 10 10 100 100 1.5878 1.8393 4.4417 -6.9811 4.2273 28.4270 -9.3611 0.9612
17 0 Car 0 0 0 10 10 100 100 1.9985 2.0560 4.2551 -20.6774 5.2336 51.4421 -10.8180 0.9939
17 3 Car 0 0 0 10 10 100 100 1.4894 1.8701 4.0252 -46.1471 5.2065 12.9777 -6.2642 0.9944
18 4 Car 0 0 0 10 10 100 100 1.6492 1.7364 4.5404 -23.9397 4.8371 30.1196 -9.2993 0.9770
18 2 Car 0 0 0 10 10 100 100 1.7769 1.8214 4.0276 -21.2906 4.5633 25.5371 -9.3328 0.9856
18 1 Car 0 0 0 10 10 100 100 1.5568 1.7956 4.5035 -7.8663 4.2744 28.4520 -9.3403 0.9505
18 0 Car 0 0 0 10 10 100 100 1.9996 2.0755 4.2805 -20.6558 5.2405 51.4673 -10.7959 0.9890
18 3 Car 0 0 0 10 10 100 100 1.5155 1.9152 4.0326 -46.0126 5.2862 12.9898 -6.2622 0.9873
19 4 Car 0 0 0 10 10 100 100 1.5825 1.6974 4.4370 -25.1419 4.8466 30.2456 -9.3080 0.9404
19 2 Car 0 0 0 10 10 100 100 1.7500 1.7875 4.0726 -22.0751 4.5773 25.5644 -9.3524 0.9927
19 1 Car 0 0 0 10 10 100 100 1.5880 1.7196 4.6204 -8.8998 4.3346 28.5204 -9.3541 0.9669
19 0 Car 0 0 0 10 10 100 100 2.0512 2.0657 4.2520 -20.6411 5.2576 51.4958 -10.7982 0.9885
19 3 Car 0 0 0 10 10 100 100 1.4999 1.9405 4.0167 -46.0128 5.2786 12.9944 -6.2555 0.9873
20 4 Car 0 0 0 10 10 100 100 1.6069 1.6260 4.2578 -26.0581 4.8216 30.3054 -9.3204 0.9879
20 2 Car 0 0 0 10 10 100 100 1.7430 1.8049 4.0720 -22.9104 4.5820 25.6310 -9.3461 0.9920
20 1 Car 0 0 0 10 10 100 100 1.5319 1.7204 4.5746 -9.7926 4.3268 28.5596 -9.3643 0.9843
20 0 Car 0 0 0 10 10 100 100 1.9203 2.0201 4.2223 -20.6269 5.2189 51.4105 -10.8326 0.9844
20 3 Car 0 0 0 10 10 100 100 1.4971 1.8814 4.0659 -45.9552 5.2746 12.9886 -6.2601 0.9897
21 4 Car 0 0 0 10 10 100 100 1.6088 1.6469 4.3747 -27.0542 4.8653 30.4306 -9.3009 0.9677
21 2 Car 0 0 0 10 10 100 100 1.7303 1.7570 4.0389 -23.7138 4.5985 25.6778 -9.3495 0.9960
21 1 Car 0 0 0 10 10 100 100 1.5526 1.7027 4.6772 -10.7838 4.3839 28.7165 -9.3376 0.9843
21 0 Car 0 0 0 10 10 100 100 2.0064 2.0519 4.2882 -20.6748 5.2307 51.4554 -10.8276 0.9859
21 3 Car 0 0 0 10 10 100 100 1.4553 1.9225 4.0242 -45.8877 5.2450 13.0026 -6.2557 0.9932
22 4 Car 0 0 0 10 10 100 100 1.5985 1.7586 4.3197 -28.1408 4.8784 30.5831 -9.3159 0.9669
22 2 Car 0 0 0 10 10 100 100 1.7448 1.8040 3.9890 -24.5445 4.6194 25.7132 -9.3586 0.9828
22 1 Car 0 0 0 10 10 100 100 1.6172 1.9139 4.6358 -11.7033 4.4440 28.8051 -9.3507 0.9742
22 0 Car 0 0 0 10 10 100 100 2.0194 2.0800 4.2566 -20.6377 5.2399 51.4638 -10.7997 0.9909
22 3 Car 0 0 0 10 10 100 100 1.4642 1.9530 4.0661 -45.8832 5.2544 13.0261 -6.2585 0.9903
23 4 Car 0 0 0 10 10 100 100 1.5852 1.6161 4.3020 -29.2021 4.9347 30.6554 -9.2977 0.9471
23 2 Car 0 0 0 10 10 100 100 1.7535 1.7826 4.1160 -25.3300 4.6284 25.7536 -9.3592 0.9739
23 1 Car 0 0 0 10 10 100 100 1.5691 1.7640 4.3935 -12.5362 4.4457 28.8353 -9.3681 0.9818
23 0 Car 0 0 0 10 10 100 100 2.0398 2.0505 4.3040 -20.6576 5.2655 51.4689 -10.8140 0.9872
23 3 Car 0 0 0 10 10 100 100 1.4627 1.9656 4.0044 -45.8407 5.2631 13.0256 -6.2581 0.9880
24 4 Car 0 0 0 10 10 100 100 1.6774 1.7455 4.2700 -30.3063 4.9989 30.7941 -9.2895 0.9310
24 2 Car 0 0 0 10 10 100 100 1.7353 1.6691 4.1537 -26.2243 4.6592 25.7799 -9.3580 0.9903
24 1 Car 0 0 0 10 10 100 100 1.5340 1.7779 4.5416 -13.4392 4.4428 28.8627 -9.3411 0.9759
24 0 Car 0 0 0 10 10 100 100 1.9927 2.0597 4.2692 -20.6554 5.2205 51.4632 -10.8112 0.9797
24 3 Car 0 0 0 10 10 100 100 1.4577 1.9144 3.9597 -45.7745 5.2750 13.0208 -6.2614 0.9936
25 4 Car 0 0 0 10 10 100 100 1.6650 1.8861 4.3248 -31.4170 5.0092 30.9294 -9.2549 0.9552
25 2 Car 0 0 0 10 10 100 100 1.7265 1.7699 4.3004 -27.1257 4.6761 25.8333 -9.3583 0.9617
25 1 Car 0 0 0 10 10 100 100 1.5184 1.6680 4.2930 -14.3424 4.4380 28.9040 -9.3636 0.9820
25 0 Car 0 0 0 10 10 100 100 2.0414 2.0779 4.3123 -20.6545 5.2499 51.5134 -10.7870 0.9871
25 3 Car 0 0 0 10 10 100 100 1.4598 1.9050 4.0549 -45.8132 5.2654 12.9974 -6.2595 0.9939
26 4 Car 0 0 0 10 10 100 100 1.6149 1.6256 4.3930 -32.5592 5.0329 31.0445 -9.3047 0.9443
26 2 Car 0 0 0 10 10 100 100 1.7293 1.7417 4.2329 -27.9105 4.7090 25.9302 -9.3436 0.9781
26 1 Car 0 0 0 10 10 100 100 1.5439 1.7411 4.5021 -15.4596 4.4740 29.0192 -9.3699 0.9757
26 0 Car 0 0 0 10 10 100 100 2.0485 2.0744 4.3132 -20.6518 5.2520 51.4815 -10.8046 0.9856
26 3 Car 0 0 0 10 10 100 100 1.4647 1.8759 3.9853 -45.7802 5.2679 12.9655 -6.2577 0.9757
27 4 Car 0 0 0 10 10 100 100 1.5852 1.7285 4.4681 -33.6812 5.0482 31.2126 -9.2766 0.9571
27 2 Car 0 0 0 10 10 100 100 1.8084 1.7669 4.3342 -28.9531 4.7396 25.9965 -9.3491 0.9651
27 1 Car 0 0 0 10 10 100 100 1.5631 1.7008 4.3159 -16.3065 4.5120 29.0479 -9.3400 0.9757
27 0 Car 0 0 0 10 10 100 100 2.0068 2.0690 4.2675 -20.6597 5.2208 51.4851 -10.8004 0.9850
27 3 Car 0 0 0 10 10 100 100 1.4598 1.9226 3.8314 -45.6946 5.2644 13.0286 -6.2545 0.9719
28 4 Car 0 0 0 10 10 100 100 1.5712 1.7553 4.2048 -34.7491 5.0646 31.2832 -9.2822 0.9512
28 2 Car 0 0 0 10 10 100 100 1.7313 1.7521 4.2331 -29.7818 4.7295 26.0600 -9.3575 0.9343
28 1 Car 0 0 0 10 10 100 100 1.5909 1.7043 4.4341 -17.2196 4.5932 29.1168 -9.3389 0.9698
28 0 Car 0 0 0 10 10 100 100 2.0235 2.0536 4.2487 -20.6715 5.2406 51.4790 -10.8127 0.9841
28 3 Car 0 0 0 10 10 100 100 1.4406 1.9444 4.0634 -45.7887 5.2481 13.0150 -6.2474 0.9804
29 4 Car 0 0 0 10 10 100 100 1.6886 1.7514 4.1307 -35.8180 5.1664 31.4858 -9.3132 0.8687
29 2 Car 0 0 0 10 10 100 100 1.7708 1.6976 4.0863 -30.6442 4.7739 26.1162 -9.3786 0.9162
29 1 Car 0 0 0 10 10 100 100 1.6580 1.7611 4.7479 -18.2001 4.6660 29.2171 -9.3439 0.9409
29 0 Car 0 0 0 10 10 100 100 2.0319 2.0782 4.3026 -20.6615 5.2462 51.4799 -10.8124 0.9923
29 3 Car 0 0 0 10 10 100 100 1.4450 1.9426 3.9359 -45.7385 5.2457 13.0173 -6.2593 0.9866
30 4 Car 0 0 0 10 10 100 100 1.7176 1.7621 4.6484 -37.3401 5.2273 31.6476 -9.2872 0.9094
30 2 Car 0 0 0 10 10 100 100 1.7091 1.7119 4.1285 -31.4643 4.7600 26.1442 -9.3874 0.9144
30 1 Car 0 0 0 10 10 100 100 1.5784 1.7309 4.5406 -19.3013 4.6389 29.2878 -9.3621 0.9832
30 0 Car 0 0 0 10 10 100 100 1.9899 2.0608 4.2583 -20.6545 5.2401 51.4700 -10.7909 0.9868
30 3 Car 0 0 0 10 10 100 100 1.4741 1.9471 4.0582 -45.8419 5.2668 13.0086 -6.2421 0.9921
31 4 Car 0 0 0 10 10 100 100 1.7004 1.8857 4.4459 -38.3115 5.2738 31.8085 -9.3023 0.7464
31 2 Car 0 0 0 10 10 100 100 1.7993 1.7007 4.2914 -32.5088 4.8745 26.2406 -9.4190 0.8660
31 1 Car 0 0 0 10 10 100 100 1.5788 1.6738 4.5109 -20.2184 4.6764 29.2866 -9.3579 0.9683
31 0 Car 0 0 0 10 10 100 100 2.0153 2.0748 4.2670 -20.6680 5.2337 51.4920 -10.8078 0.9880
31 3 Car 0 0 0 10 10 100 100 1.4719 1.9744 3.9954 -45.7807 5.2762 13.0053 -6.2514 0.9934
32 5 Car 0 0 0 10 10 100 100 1.9599 1.1346 3.7139 -7.6866 4.4220 3.0148 -9.4354 0.7891
32 2 Car 0 0 0 10 10 100 100 1.7474 1.7466 4.4318 -33.7150 4.8222 26.3059 -9.3750 0.9156
32 1 Car 0 0 0 10 10 100 100 1.5767 1.8190 4.5649 -21.1293 4.6893 29.3792 -9.3462 0.9429
32 0 Car 0 0 0 10 10 100 100 2.0248 2.0707 4.2489 -20.6504 5.2461 51.4714 -10.8014 0.9834
32 3 Car 0 0 0 10 10 100 100 1.4547 1.9259 3.9835 -45.7748 5.2597 12.9990 -6.2482 0.9830
33 2 Car 0 0 0 10 10 100 100 1.7414 1.6668 4.1951 -34.7132 4.8842 26.3556 -9.4395 0.8553
33 1 Car 0 0 0 10 10 100 100 1.6030 1.7491 4.7067 -22.1403 4.7200 29.4309 -9.3728 0.9427
33 0 Car 0 0 0 10 10 100 100 2.0466 2.0610 4.3067 -20.6700 5.2652 51.4317 -10.8048 0.9800
33 3 Car 0 0 0 10 10 100 100 1.4765 1.9471 4.0352 -45.8121 5.2838 13.0061 -6.2549 0.9942
34 2 Car 0 0 0 10 10 100 100 1.6993 1.7054 4.2710 -36.3803 4.8899 26.3814 -9.4054 0.9503
34 1 Car 0 0 0 10 10 100 100 1.5510 1.7571 4.4939 -23.1957 4.7049 29.4897 -9.3580 0.9434
34 0 Car 0 0 0 10 10 100 100 2.0315 2.0645 4.2640 -20.6744 5.2389 51.4740 -10.8098 0.9896
34 3 Car 0 0 0 10 10 100 100 1.4801 1.9643 4.0623 -45.7468 5.2646 13.0003 -6.2617 0.9895
35 2 Car 0 0 0 10 10 100 100 1.6706 1.6271 4.4316 -37.4651 4.8786 26.4602 -9.3806 0.9554
35 1 Car 0 0 0 10 10 100 100 1.5665 1.7785 4.4492 -24.1260 4.7211 29.5098 -9.3758 0.9702
35 0 Car 0 0 0 10 10 100 100 2.0201 2.0699 4.2368 -20.6553 5.2340 51.4667 -10.8267 0.9857
35 3 Car 0 0 0 10 10 100 100 1.4706 1.9819 4.0269 -45.8197 5.2760 13.0226 -6.2515 0.9964
36 2 Car 0 0 0 10 10 100 100 1.7462 1.7444 4.4416 -38.6425 4.9209 26.5481 -9.4036 0.9501
36 1 Car 0 0 0 10 10 100 100 1.6271 1.7262 4.6181 -25.1550 4.7935 29.5635 -9.3574 0.9506
36 0 Car 0 0 0 10 10 100 100 1.9217 2.0511 4.2200 -20.6426 5.2156 51.4658 -10.7970 0.9843
36 3 Car 0 0 0 10 10 100 100 1.4609 1.9441 3.9894 -45.7999 5.2564 13.0322 -6.2474 0.9944
37 6 Car 0 0 0 10 10 100 100 1.9629 1.4111 2.9874 -58.0793 5.4004 17.2911 -6.3000 0.6822
37 2 Car 0 0 0 10 10 100 100 1.7120 1.7313 4.3358 -39.7598 4.9562 26.6241 -9.3863 0.9755
37 1 Car 0 0 0 10 10 100 100 1.5776 1.8189 4.4125 -26.2449 4.8069 29.5904 -9.3618 0.9265
37 0 Car 0 0 0 10 10 100 100 1.9404 2.0206 4.2302 -20.6548 5.2147 51.4164 -10.8177 0.9659
37 3 Car 0 0 0 10 10 100 100 1.4568 1.9698 3.9495 -45.7567 5.2570 13.0252 -6.2533 0.9936
38 2 Car 0 0 0 10 10 100 100 1.7644 1.6833 4.4412 -40.8043 5.0409 26.6191 -9.4101 0.8538
38 1 Car 0 0 0 10 10 100 100 1.6578 1.7965 4.6476 -27.1852 4.8790 29.6972 -9.3814 0.9265
38 0 Car 0 0 0 10 10 100 100 2.0372 2.0521 4.2515 -20.6461 5.2449 51.4131 -10.8297 0.9879
38 3 Car 0 0 0 10 10 100 100 1.4791 1.9778 3.9749 -45.7943 5.2734 13.0345 -6.2468 0.9907
39 2 Car 0 0 0 10 10 100 100 1.7134 1.7757 4.5401 -41.8448 5.0343 26.7147 -9.3939 0.8186
39 1 Car 0 0 0 10 10 100 100 1.7324 1.8180 4.6328 -28.2773 4.9065 29.7169 -9.3557 0.9152
39 0 Car 0 0 0 10 10 100 100 1.9553 2.0254 4.2105 -20.6689 5.2145 51.4541 -10.8279 0.9767
39 3 Car 0 0 0 10 10 100 100 1.4433 1.9667 4.0438 -45.8139 5.2590 13.0293 -6.2447 0.9988
40 2 Car 0 0 0 10 10 100 100 1.7277 1.5728 3.8623 -42.7291 5.0336 26.6115 -9.3993 0.8955
40 1 Car 0 0 0 10 10 100 100 1.6858 1.8144 4.5785 -29.3402 4.8936 29.7805 -9.3485 0.9195
40 0 Car 0 0 0 10 10 100 100 2.0188 2.0332 4.2794 -20.6464 5.2288 51.4368 -10.8296 0.9833
40 3 Car 0 0 0 10 10 100 100 1.4797 1.9936 4.0264 -45.7945 5.2739 13.0283 -6.2442 0.9918
41 2 Car 0 0 0 10 10 100 100 1.7235 1.6743 4.2748 -44.0139 5.0132 26.8101 -9.4342 0.6575
41 1 Car 0 0 0 10 10 100 100 1.6813 1.8072 4.5631 -30.5876 4.9210 29.8692 -9.3420 0.9186
41 0 Car 0 0 0 10 10 100 100 1.9492 2.0494 4.2083 -20.6742 5.2352 51.4054 -10.8324 0.9796
41 3 Car 0 0 0 10 10 100 100 1.4467 1.9638 4.0219 -45.8118 5.2558 13.0273 -6.2503 0.9964
42 2 Car 0 0 0 10 10 100 100 1.6421 1.7649 4.4606 -45.2293 5.0205 26.8185 -9.4391 0.7897
42 1 Car 0 0 0 10 10 100 100 1.5868 1.7782 4.3797 -31.6246 4.9249 29.9227 -9.3759 0.8559
42 0 Car 0 0 0 10 10 100 100 2.0664 2.0678 4.2928 -20.6499 5.2642 51.4788 -10.8208 0.9852
42 3 Car 0 0 0 10 10 100 100 1.4697 1.9884 4.0177 -45.7988 5.2603 13.0413 -6.2409 0.9891
43 7 Car 0 0 0 10 10 100 100 2.0411 1.5389 3.3744 -54.4840 5.3623 17.3543 -6.3031 0.9000
43 2 Car 0 0 0 10 10 100 100 1.5809 1.5704 4.0915 -46.2094 5.0338 26.8775 -9.4162 0.7787
43 1 Car 0 0 0 10 10 100 100 1.6307 1.6906 4.4579 -32.7448 4.9743 29.9366 -9.3819 0.8337
43 0 Car 0 0 0 10 10 100 100 1.9956 2.0204 4.2269 -20.6304 5.2337 51.4303 -10.8102 0.9778
43 3 Car 0 0 0 10 10 100 100 1.4792 1.9766 4.0334 -45.8091 5.2754 13.0288 -6.2502 0.9944
44 7 Car 0 0 0 10 10 100 100 2.0500 1.5471 3.3982 -53.8142 5.3614 17.3251 -6.3468 0.8381
44 2 Car 0 0 0 10 10 100 100 1.5880 1.6689 4.2775 -47.2298 5.0853 26.9116 -9.4263 0.7908
44 1 Car 0 0 0 10 10 100 100 1.6166 1.8193 4.4476 -33.6625 4.9947 29.9855 -9.3931 0.8843
44 0 Car 0 0 0 10 10 100 100 2.0214 2.0615 4.2957 -20.6591 5.2619 51.3987 -10.8178 0.9851
44 3 Car 0 0 0 10 10 100 100 1.4567 1.9635 4.0292 -45.8322 5.2633 13.0167 -6.2488 0.9967
45 2 Car 0 0 0 10 10 100 100 1.6733 1.8117 4.4288 -48.4267 5.1110 26.9472 -9.4256 0.7875
45 1 Car 0 0 0 10 10 100 100 1.5750 1.7233 4.4324 -34.9076 5.0294 30.0322 -9.3662 0.8549
45 0 Car 0 0 0 10 10 100 100 2.0498 2.0636 4.2680 -20.6651 5.2656 51.4535 -10.8310 0.9902
45 3 Car 0 0 0 10 10 100 100 1.4580 1.9558 4.0103 -45.7670 5.2559 13.0336 -6.2536 0.9877
46 2 Car 0 0 0 10 10 100 100 1.5808 1.7281 4.3500 -49.4539 5.1935 26.9417 -9.3903 0.6297
46 1 Car 0 0 0 10 10 100 100 1.5357 1.7476 4.6555 -35.8470 5.0365 30.0514 -9.3636 0.9433
46 0 Car 0 0 0 10 10 100 100 1.9844 2.0587 4.2427 -20.6752 5.2177 51.4508 -10.8276 0.9899
46 3 Car 0 0 0 10 10 100 100 1.4554 1.9517 4.0375 -45.8076 5.2481 13.0280 -6.2456 0.9938
47 1 Car 0 0 0 10 10 100 100 1.5938 1.7827 4.5775 -37.1939 5.1146 30.1479 -9.3404 0.8664
47 0 Car 0 0 0 10 10 100 100 2.0185 2.0662 4.2545 -20.6452 5.2518 51.4750 -10.8365 0.9841
47 3 Car 0 0 0 10 10 100 100 1.4427 1.9429 4.0010 -45.8041 5.2615 13.0303 -6.2548 0.9913
48 8 Car 0 0 0 10 10 100 100 1.6149 1.8097 4.6596 -38.9664 5.2614 30.2814 -9.3901 0.6552
48 1 Car 0 0 0 10 10 100 100 1.5879 1.8179 4.9426 -38.2764 5.2155 30.1611 -9.4138 0.8793
48 0 Car 0 0 0 10 10 100 100 2.0320 2.0694 4.2782 -20.6380 5.2566 51.4708 -10.8182 0.9911
48 9 Car 0 0 0 10 10 100 100 1.5564 1.8040 3.9721 73.5144 2.0941 22.9225 -9.3572 0.6034
48 3 Car 0 0 0 10 10 100 100 1.4613 1.9764 4.0530 -45.8048 5.2555 13.0279 -6.2610 0.9870
49 1 Car 0 0 0 10 10 100 100 1.5685 1.7809 4.6647 -40.2075 5.1804 30.3184 -9.4052 0.9721
49 0 Car 0 0 0 10 10 100 100 2.0439 2.0716 4.2668 -20.6539 5.2568 51.4453 -10.8129 0.9940
49 9 Car 0 0 0 10 10 100 100 1.6133 2.0147 4.5034 72.2660 2.2234 23.0720 -9.3551 0.7265
49 3 Car 0 0 0 10 10 100 100 1.4385 1.9571 3.9804 -45.8159 5.2553 13.0099 -6.2578 0.9967
50 1 Car 0 0 0 10 10 100 100 1.5622 1.7219 4.6329 -41.4476 5.2220 30.3683 -9.4110 0.9894
50 0 Car 0 0 0 10 10 100 100 1.9840 2.0420 4.2078 -20.5966 5.2184 51.4255 -10.8134 0.9785
50 9 Car 0 0 0 10 10 100 100 1.6212 2.0583 4.3898 70.6945 2.3025 23.2439 -9.3580 0.9096
50 3 Car 0 0 0 10 10 100 100 1.4420 1.9762 4.0321 -45.7895 5.2574 13.0351 -6.2551 0.9951
51 1 Car 0 0 0 10 10 100 100 1.5694 1.7649 4.6571 -42.6800 5.2698 30.3877 -9.3923 0.9691
51 0 Car 0 0 0 10 10 100 100 1.9471 2.0465 4.2015 -20.6511 5.2265 51.4196 -10.8302 0.9873
51 9 Car 0 0 0 10 10 100 100 1.6220 1.9757 4.4057 69.1522 2.2546 23.3324 -9.3638 0.8642
51 3 Car 0 0 0 10 10 100 100 1.4389 1.9260 4.0569 -45.7980 5.2556 13.0175 -6.2534 0.9937
52 2 Car 0 0 0 10 10 100 100 1.5153 1.8846 4.4283 -56.2119 5.4072 27.3096 -9.3816 0.6155
52 1 Car 0 0 0 10 10 100 100 1.5434 1.8336 4.9772 -44.0213 5.3157 30.4763 -9.3859 0.9497
52 0 Car 0 0 0 10 10 100 100 2.0132 2.0727 4.2689 -20.6678 5.2510 51.4574 -10.8095 0.9845
52 9 Car 0 0 0 10 10 100 100 1.6972 1.8832 4.3131 67.4987 2.3379 23.3619 -9.3735 0.8345
52 3 Car 0 0 0 10 10 100 100 1.4531 1.9853 4.0619 -45.7921 5.2619 13.0248 -6.2614 0.9959
53 1 Car 0 0 0 10 10 100 100 1.6376 1.7343 4.8868 -45.1323 5.3265 30.4402 -9.3983 0.9386
53 0 Car 0 0 0 10 10 100 100 2.0061 2.0804 4.2432 -20.6645 5.2376 51.4547 -10.7888 0.9864
53 9 Car 0 0 0 10 10 100 100 1.7503 1.9590 4.3147 65.9486 2.4284 23.5121 -9.3473 0.8787
53 3 Car 0 0 0 10 10 100 100 1.4230 1.9594 3.9526 -45.7627 5.2553 13.0359 -6.2464 0.9983
54 1 Car 0 0 0 10 10 100 100 1.5896 1.6896 4.4574 -46.2364 5.3331 30.4880 -9.3776 0.9518
54 0 Car 0 0 0 10 10 100 100 1.9966 2.0813 4.2142 -20.6669 5.2300 51.4567 -10.8298 0.9905
54 9 Car 0 0 0 10 10 100 100 1.7197 1.8716 4.4059 64.4945 2.3894 23.6135 -9.2957 0.9031
54 3 Car 0 0 0 10 10 100 100 1.4498 1.9866 3.9120 -45.7355 5.2727 13.0577 -6.2477 0.9889
55 1 Car 0 0 0 10 10 100 100 1.6489 1.7748 4.6931 -47.5845 5.4503 30.5288 -9.4106 0.9412
55 0 Car 0 0 0 10 10 100 100 1.9037 2.0676 4.2534 -20.6799 5.2281 51.4549 -10.8100 0.9371
55 9 Car 0 0 0 10 10 100 100 1.6207 1.9477 4.4797 62.9897 2.3062 23.7388 -9.3601 0.9537
55 3 Car 0 0 0 10 10 100 100 1.4622 1.9979 4.0563 -45.7992 5.2676 13.0365 -6.2477 0.9948
56 1 Car 0 0 0 10 10 100 100 1.7607 1.8594 4.7886 -48.8716 5.5976 30.6046 -9.3916 0.8873
56 0 Car 0 0 0 10 10 100 100 1.8464 2.0166 4.3431 -20.8458 5.2553 51.4687 -10.8681 0.8557
56 9 Car 0 0 0 10 10 100 100 1.7027 2.0521 4.2001 61.1710 2.4206 23.8827 -9.3943 0.8765
56 3 Car 0 0 0 10 10 100 100 1.4277 1.9990 3.9909 -45.8024 5.2529 13.0303 -6.2487 0.9784
57 2 Car 0 0 0 10 10 100 100 1.5980 1.8226 4.0735 -61.8859 5.4672 27.4392 -9.3512 0.7758
57 1 Car 0 0 0 10 10 100 100 1.7787 1.8290 4.6370 -49.9718 5.6982 30.6540 -9.4031 0.9094
57 9 Car 0 0 0 10 10 100 100 1.6671 1.9431 4.4493 59.8413 2.4413 23.8922 -9.3687 0.9391
57 3 Car 0 0 0 10 10 100 100 1.4747 1.9951 3.9350 -45.7998 5.2857 13.0404 -6.2526 0.9879
58 1 Car 0 0 0 10 10 100 100 1.7931 1.8436 4.7240 -51.4099 5.6652 30.6593 -9.4161 0.8974
58 9 Car 0 0 0 10 10 100 100 1.6906 1.9066 4.4923 58.2295 2.5419 24.0028 -9.3455 0.9407
58 3 Car 0 0 0 10 10 100 100 1.4506 1.9747 4.0147 -45.8110 5.2896 13.0299 -6.2583 0.9940
59 1 Car 0 0 0 10 10 100 100 1.8288 1.8675 4.7523 -52.6831 5.7086 30.7287 -9.4066 0.8808
59 9 Car 0 0 0 10 10 100 100 1.7552 1.8377 4.5840 56.7024 2.5901 24.0567 -9.3488 0.9232
59 3 Car 0 0 0 10 10 100 100 1.4587 2.0014 4.0069 -45.8004 5.2692 13.0276 -6.2563 0.9882
60 1 Car 0 0 0 10 10 100 100 1.6716 1.7776 4.6625 -53.7839 5.6620 30.7296 -9.4174 0.8871
60 9 Car 0 0 0 10 10 100 100 1.7332 1.9610 4.6074 55.1315 2.6802 24.1871 -9.3593 0.8903
60 3 Car 0 0 0 10 10 100 100 1.4301 1.9812 3.9798 -45.8096 5.2473 13.0319 -6.2544 0.9930
61 1 Car 0 0 0 10 10 100 100 1.7063 1.8639 4.8479 -55.1805 5.7999 30.7565 -9.4257 0.7307
61 9 Car 0 0 0 10 10 100 100 1.7301 2.0073 4.1502 53.4432 2.6599 24.3991 -9.3684 0.8247
61 3 Car 0 0 0 10 10 100 100 1.4702 1.9936 4.0991 -45.8251 5.2703 13.0386 -6.2507 0.9879
62 9 Car 0 0 0 10 10 100 100 1.6665 2.0104 4.5173 52.1202 2.7082 24.4776 -9.3569 0.9263
62 3 Car 0 0 0 10 10 100 100 1.4387 1.9758 3.9466 -45.7901 5.2691 13.0250 -6.2535 0.9868
63 1 Car 0 0 0 10 10 100 100 1.6668 1.7579 4.5491 -57.6304 5.8535 30.7680 -9.4229 0.6154
63 9 Car 0 0 0 10 10 100 100 1.6935 1.7824 4.4244 50.5797 2.7057 24.4631 -9.3595 0.9817
63 3 Car 0 0 0 10 10 100 100 1.4216 1.9977 3.9996 -45.8218 5.2734 13.0501 -6.2555 0.9940
64 0 Car 0 0 0 10 10 100 100 1.8466 1.8540 4.5043 -20.7745 5.4452 51.6425 -10.8330 0.6037
64 9 Car 0 0 0 10 10 100 100 1.6948 1.9415 4.4124 49.0397 2.7901 24.6368 -9.3626 0.9525
64 3 Car 0 0 0 10 10 100 100 1.4623 2.0011 4.0620 -45.7784 5.2882 13.0240 -6.2543 0.9947
65 9 Car 0 0 0 10 10 100 100 1.6120 1.8670 4.4072 47.4854 2.7183 24.7093 -9.3401 0.9729
65 3 Car 0 0 0 10 10 100 100 1.4593 1.9937 3.9995 -45.8002 5.2842 13.0356 -6.2542 0.9865
66 9 Car 0 0 0 10 10 100 100 1.6882 1.8281 4.4469 45.9316 2.8593 24.7737 -9.3353 0.9284
66 3 Car 0 0 0 10 10 100 100 1.4555 2.0041 4.0163 -45.8017 5.2735 13.0350 -6.2531 0.9921
67 9 Car 0 0 0 10 10 100 100 1.7336 1.8814 4.5578 44.4544 2.8717 24.9540 -9.3344 0.9214
67 3 Car 0 0 0 10 10 100 100 1.4420 1.9976 3.9165 -45.7297 5.2664 13.0444 -6.2586 0.9805
68 9 Car 0 0 0 10 10 100 100 1.7435 1.8893 4.5425 43.0223 2.9624 25.0678 -9.3649 0.9823
68 3 Car 0 0 0 10 10 100 100 1.4468 1.9843 4.0917 -45.7770 5.2684 13.0405 -6.2622 0.9909
69 9 Car 0 0 0 10 10 100 100 1.7150 1.9074 4.7456 41.5772 2.9453 25.1661 -9.3314 0.9621
69 3 Car 0 0 0 10 10 100 100 1.4580 2.0181 4.0166 -45.7508 5.2624 13.0542 -6.2567 0.9748
70 9 Car 0 0 0 10 10 100 100 1.7467 1.9931 4.6883 40.0756 3.0235 25.3262 -9.3679 0.9674
70 3 Car 0 0 0 10 10 100 100 1.4388 1.9697 3.9627 -45.7895 5.2561 13.0286 -6.2605 0.9914
71 9 Car 0 0 0 10 10 100 100 1.7004 1.9789 4.5736 38.5142 3.0208 25.4416 -9.3802 0.9925
71 3 Car 0 0 0 10 10 100 100 1.4335 1.9767 4.0372 -45.7918 5.2547 13.0267 -6.2600 0.9947
72 9 Car 0 0 0 10 10 100 100 1.7681 2.0846 4.6128 37.1305 3.1255 25.5633 -9.3596 0.9860
72 3 Car 0 0 0 10 10 100 100 1.4072 1.9819 4.0035 -45.8389 5.2340 13.0241 -6.2573 0.9955
73 9 Car 0 0 0 10 10 100 100 1.7485 2.0707 4.5687 35.5685 3.1399 25.6613 -9.3577 0.9944
73 3 Car 0 0 0 10 10 100 100 1.4257 1.9590 4.0768 -45.7937 5.2545 13.0212 -6.2506 0.9949
74 9 Car 0 0 0 10 10 100 100 1.7439 1.9400 4.5817 34.0166 3.1801 25.7504 -9.3500 0.9892
74 3 Car 0 0 0 10 10 100 100 1.4263 1.9844 4.0718 -45.7869 5.2654 13.0174 -6.2567 0.9959
75 9 Car 0 0 0 10 10 100 100 1.7441 1.9740 4.4756 32.6081 3.1926 25.8398 -9.3596 0.9909
75 3 Car 0 0 0 10 10 100 100 1.4169 1.9674 3.9862 -45.7586 5.2545 13.0151 -6.2535 0.9978
76 9 Car 0 0 0 10 10 100 100 1.7797 1.9949 4.6472 31.1730 3.2118 25.9228 -9.3533 0.9440
76 3 Car 0 0 0 10 10 100 100 1.4405 1.9649 4.0408 -45.7820 5.2744 13.0223 -6.2678 0.9956
77 10 Car 0 0 0 10 10 100 100 1.9109 1.8391 4.6080 -20.7658 5.4006 51.7278 -10.8750 0.6609
77 9 Car 0 0 0 10 10 100 100 1.7258 1.9195 4.5424 29.6756 3.2690 25.9890 -9.3541 0.9652
77 3 Car 0 0 0 10 10 100 100 1.4664 1.9995 3.9973 -45.7751 5.2868 13.0376 -6.2590 0.9972
78 10 Car 0 0 0 10 10 100 100 1.9670 1.9555 4.3928 -20.5976 5.3172 51.4956 -10.7758 0.9354
78 9 Car 0 0 0 10 10 100 100 1.7489 1.8692 4.5663 28.3165 3.2923 26.0932 -9.3531 0.9859
78 3 Car 0 0 0 10 10 100 100 1.4324 1.9960 3.8962 -45.7311 5.2636 13.0288 -6.2651 0.9908
79 10 Car 0 0 0 10 10 100 100 2.0307 2.0974 4.2885 -20.6619 5.2586 51.4876 -10.8160 0.9681
79 9 Car 0 0 0 10 10 100 100 1.7087 1.9059 4.6402 26.9585 3.3060 26.2645 -9.3605 0.9875
79 3 Car 0 0 0 10 10 100 100 1.4609 2.0050 3.9990 -45.7634 5.2728 13.0294 -6.2596 0.9852
80 10 Car 0 0 0 10 10 100 100 2.0052 2.0674 4.2910 -20.6973 5.2347 51.4794 -10.8431 0.9857
80 9 Car 0 0 0 10 10 100 100 1.6881 1.8984 4.5902 25.4599 3.3517 26.3665 -9.3598 0.9840
80 3 Car 0 0 0 10 10 100 100 1.4482 1.9783 3.9545 -45.7670 5.2673 13.0301 -6.2655 0.9936
81 10 Car 0 0 0 10 10 100 100 2.0452 2.0604 4.2597 -20.6390 5.2532 51.4368 -10.8241 0.9877
81 9 Car 0 0 0 10 10 100 100 1.7751 1.9238 4.5986 24.0308 3.4398 26.5073 -9.3452 0.9856
81 3 Car 0 0 0 10 10 100 100 1.4344 1.9873 4.0178 -45.7819 5.2584 13.0302 -6.2656 0.9976
82 10 Car 0 0 0 10 10 100 100 2.0453 2.0598 4.2239 -20.6277 5.2373 51.4669 -10.7925 0.9866
82 9 Car 0 0 0 10 10 100 100 1.7683 1.8790 4.4433 22.5847 3.4307 26.6033 -9.3551 0.9888
82 3 Car 0 0 0 10 10 100 100 1.4626 1.9923 4.0166 -45.7727 5.2764 13.0430 -6.2569 0.9964
83 10 Car 0 0 0 10 10 100 100 2.0250 2.0556 4.2933 -20.6800 5.2506 51.4223 -10.8066 0.9801
83 9 Car 0 0 0 10 10 100 100 1.7698 1.8665 4.5980 21.3092 3.4575 26.6763 -9.3495 0.9742
83 3 Car 0 0 0 10 10 100 100 1.4050 1.9776 3.9341 -45.7892 5.2237 13.0517 -6.2644 0.9901
84 10 Car 0 0 0 10 10 100 100 1.9790 2.0593 4.2300 -20.6764 5.2353 51.4591 -10.7955 0.9848
84 9 Car 0 0 0 10 10 100 100 1.7378 1.8984 4.6157 19.9433 3.5077 26.8095 -9.3531 0.9843
84 3 Car 0 0 0 10 10 100 100 1.4353 1.9457 4.0002 -45.7553 5.2521 13.0318 -6.2677 0.9942
85 10 Car 0 0 0 10 10 100 100 2.0008 2.0306 4.2457 -20.6306 5.2382 51.3967 -10.8317 0.9857
85 9 Car 0 0 0 10 10 100 100 1.7436 1.8963 4.6483 18.6257 3.5460 26.8832 -9.3595 0.9756
85 3 Car 0 0 0 10 10 100 100 1.4249 1.9764 4.0567 -45.7717 5.2477 13.0266 -6.2683 0.9978
86 10 Car 0 0 0 10 10 100 100 1.9892 2.0283 4.2487 -20.6737 5.2261 51.4136 -10.8358 0.9862
86 9 Car 0 0 0 10 10 100 100 1.7120 1.8317 4.5133 17.2402 3.5892 26.9676 -9.3529 0.9953
86 3 Car 0 0 0 10 10 100 100 1.4318 1.9749 3.9770 -45.7963 5.2594 13.0428 -6.2534 0.9971
87 10 Car 0 0 0 10 10 100 100 2.0300 2.0698 4.2680 -20.6563 5.2370 51.4792 -10.7996 0.9893
87 9 Car 0 0 0 10 10 100 100 1.7638 1.9939 4.6261 15.9134 3.6689 27.1030 -9.3594 0.9674
87 3 Car 0 0 0 10 10 100 100 1.4407 1.9501 3.9780 -45.7571 5.2582 13.0210 -6.2676 0.9986
88 10 Car 0 0 0 10 10 100 100 1.9948 2.0527 4.2334 -20.6685 5.2247 51.4414 -10.8291 0.9917
88 9 Car 0 0 0 10 10 100 100 1.7605 1.8121 4.6160 14.6011 3.6648 27.1799 -9.3433 0.9971
88 3 Car 0 0 0 10 10 100 100 1.4740 1.9619 3.9869 -45.7855 5.2892 13.0269 -6.2629 0.9937
89 10 Car 0 0 0 10 10 100 100 2.0158 2.0652 4.3306 -20.6821 5.2777 51.4471 -10.8272 0.9837
89 9 Car 0 0 0 10 10 100 100 1.7278 1.8091 4.6859 13.2906 3.7024 27.3458 -9.3526 0.9910
89 3 Car 0 0 0 10 10 100 100 1.4615 1.9879 4.0544 -45.7686 5.2752 13.0525 -6.2578 0.9957
90 10 Car 0 0 0 10 10 100 100 1.9831 2.0820 4.2330 -20.6694 5.2300 51.4543 -10.7913 0.9868
90 9 Car 0 0 0 10 10 100 100 1.7814 1.9345 5.0116 11.7626 3.7456 27.4262 -9.3477 0.9447
90 3 Car 0 0 0 10 10 100 100 1.4611 1.9836 3.9860 -45.7671 5.2678 13.0276 -6.2575 0.9969
91 10 Car 0 0 0 10 10 100 100 2.0050 2.0678 4.2499 -20.6904 5.2391 51.4205 -10.7989 0.9860
91 9 Car 0 0 0 10 10 100 100 1.7758 1.8253 5.3508 10.2872 3.7764 27.5557 -9.3480 0.9429
91 3 Car 0 0 0 10 10 100 100 1.4412 1.9584 4.0817 -45.7756 5.2525 13.0305 -6.2573 0.9969
92 10 Car 0 0 0 10 10 100 100 2.0187 2.0558 4.2358 -20.6439 5.2438 51.4579 -10.8025 0.9870
92 9 Car 0 0 0 10 10 100 100 1.6992 1.8238 5.2394 8.6073 3.8161 27.6832 -9.3389 0.9454
92 3 Car 0 0 0 10 10 100 100 1.4358 1.9719 3.9748 -45.7892 5.2521 13.0305 -6.2655 0.9980
93 10 Car 0 0 0 10 10 100 100 2.0423 2.0806 4.3016 -20.6501 5.2579 51.4596 -10.8071 0.9875
93 9 Car 0 0 0 10 10 100 100 1.7522 1.8685 5.4446 7.4738 3.8806 27.7710 -9.3499 0.9733
93 3 Car 0 0 0 10 10 100 100 1.4297 1.9645 3.9439 -45.7795 5.2577 13.0279 -6.2695 0.9928
94 10 Car 0 0 0 10 10 100 100 1.9388 2.1161 4.3831 -20.6973 5.2587 51.5091 -10.7964 0.9486
94 9 Car 0 0 0 10 10 100 100 1.7391 1.7083 5.5283 6.2260 3.9089 27.8495 -9.3516 0.9976
94 3 Car 0 0 0 10 10 100 100 1.4579 2.0012 3.9708 -45.7925 5.2695 13.0504 -6.2614 0.9954
95 10 Car 0 0 0 10 10 100 100 1.5730 1.8504 4.1612 -20.8115 5.2118 51.4369 -10.7862 0.7401
95 9 Car 0 0 0 10 10 100 100 1.6829 1.7983 5.0278 5.1000 3.9052 28.0266 -9.3586 0.9611
95 3 Car 0 0 0 10 10 100 100 1.4786 1.9784 4.0808 -45.8203 5.2729 13.0146 -6.2616 0.9921
96 9 Car 0 0 0 10 10 100 100 1.6936 1.7729 4.9305 4.1073 3.9174 28.0447 -9.3731 0.9377
96 3 Car 0 0 0 10 10 100 100 1.4667 1.9650 4.0357 -45.7742 5.2806 13.0348 -6.2604 0.9958
97 9 Car 0 0 0 10 10 100 100 1.7864 1.8151 5.0417 2.5374 4.0301 28.2093 -9.3377 0.7751
97 3 Car 0 0 0 10 10 100 100 1.4518 1.9865 4.0249 -45.7862 5.2765 13.0405 -6.2498 0.9941
98 9 Car 0 0 0 10 10 100 100 1.7213 1.8353 4.5131 0.7101 4.0290 28.3346 -9.3439 0.8173
98 3 Car 0 0 0 10 10 100 100 1.4406 1.9877 3.9712 -45.7627 5.2622 13.0324 -6.2574 0.9906
99 9 Car 0 0 0 10 10 100 100 1.7328 1.8496 4.8285 -0.5171 4.0543 28.3587 -9.3598 0.8580
99 3 Car 0 0 0 10 10 100 100 1.4767 1.9569 4.0082 -45.7898 5.2872 13.0253 -6.2595 0.9963
100 9 Car 0 0 0 10 10 100 100 1.6255 1.7818 4.4494 -1.5037 4.0631 28.5235 -9.3506 0.8089
100 3 Car 0 0 0 10 10 100 100 1.4357 1.9644 4.0391 -45.7582 5.2518 13.0321 -6.2657 0.9968
101 9 Car 0 0 0 10 10 100 100 1.7032 1.9599 4.5652 -2.3936 4.1388 28.5941 -9.3544 0.6397
101 3 Car 0 0 0 10 10 100 100 1.4193 1.9412 4.0290 -45.7930 5.2382 13.0286 -6.2594 0.9938
102 3 Car 0 0 0 10 10 100 100 1.4638 1.9924 3.9214 -45.7685 5.2850 13.0342 -6.2564 0.9947
103 3 Car 0 0 0 10 10 100 100 1.4318 1.9667 4.0397 -45.7593 5.2683 13.0491 -6.2383 0.9978
104 3 Car 0 0 0 10 10 100 100 1.4495 1.9441 4.0457 -45.7973 5.2590 13.0301 -6.2615 0.9931
105 3 Car 0 0 0 10 10 100 100 1.4329 1.9792 3.9848 -45.8009 5.2580 13.0439 -6.2555 0.9915
106 3 Car 0 0 0 10 10 100 100 1.4705 1.9734 4.0382 -45.7953 5.2789 13.0298 -6.2543 0.9959
107 3 Car 0 0 0 10 10 100 100 1.4327 1.9750 4.0097 -45.7819 5.2615 13.0413 -6.2540 0.9980
108 3 Car 0 0 0 10 10 100 100 1.4485 1.9731 3.9058 -45.7970 5.2706 13.0533 -6.2600 0.9953
109 9 Car 0 0 0 10 10 100 100 1.7641 2.0008 4.8509 -11.1295 4.4160 29.1318 -9.2818 0.8243
109 3 Car 0 0 0 10 10 100 100 1.4459 1.9788 4.0091 -45.7886 5.2639 13.0443 -6.2528 0.9981
110 3 Car 0 0 0 10 10 100 100 1.4316 1.9336 3.9003 -45.7526 5.2458 13.0298 -6.2604 0.9942
111 9 Car 0 0 0 10 10 100 100 1.6901 1.8374 4.7877 -13.6500 4.4563 29.3142 -9.3531 0.6984
111 3 Car 0 0 0 10 10 100 100 1.4792 1.9933 4.0205 -45.7550 5.2947 13.0262 -6.2634 0.9971
112 9 Car 0 0 0 10 10 100 100 1.8689 1.9054 5.2599 -14.2593 4.6234 29.3193 -9.3261 0.8598
112 3 Car 0 0 0 10 10 100 100 1.4470 1.9324 4.1082 -45.7784 5.2699 13.0325 -6.2661 0.9975
113 9 Car 0 0 0 10 10 100 100 1.8946 1.9489 5.4588 -15.2904 4.6771 29.4870 -9.3067 0.6700
113 3 Car 0 0 0 10 10 100 100 1.4522 1.9731 3.9918 -45.7730 5.2757 13.0391 -6.2436 0.9948
114 9 Car 0 0 0 10 10 100 100 1.7199 1.9523 5.0693 -16.5934 4.5314 29.5286 -9.4038 0.7292
114 3 Car 0 0 0 10 10 100 100 1.4318 1.9896 3.9939 -45.7784 5.2467 13.0426 -6.2550 0.9943
115 9 Car 0 0 0 10 10 100 100 1.7241 1.9502 4.4853 -17.8812 4.6732 29.6270 -9.3169 0.7993
115 3 Car 0 0 0 10 10 100 100 1.4249 1.9823 4.0233 -45.7875 5.2384 13.0226 -6.2631 0.9973
116 9 Car 0 0 0 10 10 100 100 1.7678 1.9478 4.5313 -18.9458 4.6786 29.7561 -9.3261 0.7537
116 3 Car 0 0 0 10 10 100 100 1.4203 1.9879 3.9467 -45.7565 5.2522 13.0408 -6.2565 0.9981
117 9 Car 0 0 0 10 10 100 100 1.7667 1.7642 4.2505 -20.1522 4.6894 29.7083 -9.3530 0.8961
117 3 Car 0 0 0 10 10 100 100 1.4722 1.9971 4.0542 -45.7690 5.2814 13.0371 -6.2551 0.9949
117 11 Car 0 0 0 10 10 100 100 1.9193 1.8564 5.0068 -20.7017 5.4613 51.9613 -10.8713 0.6204
118 9 Car 0 0 0 10 10 100 100 1.7700 1.8008 4.4529 -21.1018 4.7002 29.8384 -9.3391 0.9020
118 3 Car 0 0 0 10 10 100 100 1.4498 1.9394 4.0821 -45.7512 5.2766 13.0244 -6.2649 0.9979
118 11 Car 0 0 0 10 10 100 100 1.9706 2.0627 4.3042 -20.6252 5.2604 51.5335 -10.7902 0.9244
119 9 Car 0 0 0 10 10 100 100 1.6870 1.8234 4.4207 -22.1044 4.7631 29.8816 -9.3432 0.9189
119 3 Car 0 0 0 10 10 100 100 1.4637 2.0021 4.0630 -45.7626 5.2746 13.0409 -6.2468 0.9964
119 11 Car 0 0 0 10 10 100 100 2.0274 2.0780 4.2340 -20.6084 5.2503 51.4602 -10.8222 0.9886
120 9 Car 0 0 0 10 10 100 100 1.7551 1.8335 4.4981 -23.1426 4.7736 30.0204 -9.3572 0.8816
120 3 Car 0 0 0 10 10 100 100 1.4532 1.9833 3.9796 -45.7905 5.2705 13.0305 -6.2539 0.9940
120 11 Car 0 0 0 10 10 100 100 1.9968 2.0579 4.2528 -20.6370 5.2257 51.4338 -10.8159 0.9892
121 9 Car 0 0 0 10 10 100 100 1.7201 1.7426 4.3505 -24.2049 4.7678 30.0763 -9.3482 0.9539
121 3 Car 0 0 0 10 10 100 100 1.4145 1.9954 4.0166 -45.8151 5.2475 13.0404 -6.2525 0.9939
121 11 Car 0 0 0 10 10 100 100 2.0033 2.0490 4.2644 -20.6437 5.2348 51.4331 -10.8345 0.9887
122 9 Car 0 0 0 10 10 100 100 1.7277 1.8164 4.5589 -25.1975 4.8046 30.1199 -9.3552 0.9285
122 3 Car 0 0 0 10 10 100 100 1.4585 1.9648 3.9282 -45.7865 5.2856 13.0445 -6.2594 0.9935
122 11 Car 0 0 0 10 10 100 100 1.9276 2.0026 4.2185 -20.6220 5.2287 51.3756 -10.8350 0.9726
123 9 Car 0 0 0 10 10 100 100 1.7036 1.8517 4.4742 -26.2384 4.8191 30.2736 -9.3728 0.9510
123 3 Car 0 0 0 10 10 100 100 1.4413 1.9778 4.0426 -45.7801 5.2645 13.0296 -6.2606 0.9940
123 11 Car 0 0 0 10 10 100 100 1.8847 2.0534 4.2304 -20.6544 5.1911 51.4763 -10.8062 0.9772
124 9 Car 0 0 0 10 10 100 100 1.7642 1.8141 4.3617 -27.2995 4.8630 30.2855 -9.3393 0.9389
124 3 Car 0 0 0 10 10 100 100 1.4487 1.9852 4.0331 -45.7737 5.2670 13.0264 -6.2623 0.9988
124 11 Car 0 0 0 10 10 100 100 1.9879 2.0541 4.2423 -20.6855 5.2207 51.4491 -10.8326 0.9908
125 9 Car 0 0 0 10 10 100 100 1.7107 1.7467 4.4551 -28.2917 4.8622 30.3400 -9.3458 0.9637
125 3 Car 0 0 0 10 10 100 100 1.4503 2.0192 4.0388 -45.7588 5.2701 13.0400 -6.2484 0.9922
125 11 Car 0 0 0 10 10 100 100 1.9612 2.0468 4.2167 -20.6620 5.1992 51.4310 -10.8539 0.9922
126 9 Car 0 0 0 10 10 100 100 1.6965 1.8781 4.7376 -29.3185 4.8849 30.4877 -9.3678 0.9236
126 3 Car 0 0 0 10 10 100 100 1.4249 1.9931 4.0584 -45.7641 5.2385 13.0252 -6.2576 0.9943
126 11 Car 0 0 0 10 10 100 100 1.8929 2.0617 4.2515 -20.6577 5.2105 51.4538 -10.8228 0.9927
127 9 Car 0 0 0 10 10 100 100 1.7495 1.8620 4.7446 -30.5004 4.9433 30.6023 -9.3326 0.8985
127 3 Car 0 0 0 10 10 100 100 1.4296 1.9389 4.0616 -45.7791 5.2658 13.0376 -6.2637 0.9951
127 11 Car 0 0 0 10 10 100 100 1.9359 2.0660 4.2670 -20.6726 5.2271 51.4795 -10.8482 0.9937
128 9 Car 0 0 0 10 10 100 100 1.7326 1.8094 5.1305 -31.7663 4.9741 30.6304 -9.3312 0.9695
128 3 Car 0 0 0 10 10 100 100 1.4379 1.9724 3.9561 -45.7468 5.2667 13.0419 -6.2644 0.9950
128 11 Car 0 0 0 10 10 100 100 1.9471 2.0539 4.2487 -20.6552 5.2609 51.4269 -10.8318 0.9836
129 9 Car 0 0 0 10 10 100 100 1.8104 1.8135 5.2736 -32.9414 5.0849 30.7600 -9.3472 0.9444
129 3 Car 0 0 0 10 10 100 100 1.4720 2.0062 3.9839 -45.7823 5.2798 13.0271 -6.2432 0.9907
129 11 Car 0 0 0 10 10 100 100 1.9453 2.0642 4.2568 -20.6518 5.2375 51.4477 -10.8291 0.9829
130 9 Car 0 0 0 10 10 100 100 1.7593 1.8620 4.9808 -33.8754 5.0718 30.8841 -9.3374 0.9206
130 3 Car 0 0 0 10 10 100 100 1.4450 1.9759 4.0265 -45.7929 5.2564 13.0271 -6.2596 0.9962
130 11 Car 0 0 0 10 10 100 100 1.9744 2.0535 4.2936 -20.6402 5.2475 51.4465 -10.8372 0.9922
131 9 Car 0 0 0 10 10 100 100 1.7584 1.7793 4.8971 -34.8815 5.0681 30.8973 -9.3286 0.9120
131 3 Car 0 0 0 10 10 100 100 1.4446 2.0044 3.9879 -45.8173 5.2695 13.0367 -6.2468 0.9956
131 11 Car 0 0 0 10 10 100 100 1.9893 2.0576 4.3474 -20.6760 5.2533 51.5328 -10.8194 0.9841
132 9 Car 0 0 0 10 10 100 100 1.7844 1.8817 5.3081 -36.2467 5.1288 31.0622 -9.3330 0.9113
132 3 Car 0 0 0 10 10 100 100 1.4445 1.9709 3.9996 -45.8043 5.2533 13.0364 -6.2509 0.9862
132 11 Car 0 0 0 10 10 100 100 2.0306 2.0390 4.3056 -20.6347 5.2753 51.4844 -10.8671 0.9817
133 9 Car 0 0 0 10 10 100 100 1.7913 1.9144 5.4675 -37.3225 5.1737 31.1399 -9.3372 0.9567
133 3 Car 0 0 0 10 10 100 100 1.4397 1.9846 4.0110 -45.7907 5.2629 13.0164 -6.2587 0.9980
133 11 Car 0 0 0 10 10 100 100 1.9702 2.0127 4.2519 -20.6403 5.2391 51.4317 -10.8682 0.9818
134 9 Car 0 0 0 10 10 100 100 1.7693 1.7680 4.7434 -38.1188 5.1850 31.2217 -9.3686 0.7933
134 3 Car 0 0 0 10 10 100 100 1.4619 1.9519 3.8880 -45.7505 5.2663 13.0276 -6.2661 0.9924
134 11 Car 0 0 0 10 10 100 100 2.0293 2.0390 4.2702 -20.6314 5.2608 51.4620 -10.8610 0.9794
135 9 Car 0 0 0 10 10 100 100 1.8172 1.9286 5.5403 -39.7885 5.2025 31.3939 -9.3769 0.8212
135 3 Car 0 0 0 10 10 100 100 1.4423 1.9659 4.0536 -45.7916 5.2543 13.0268 -6.2563 0.9933
135 11 Car 0 0 0 10 10 100 100 1.9800 2.0451 4.2777 -20.6610 5.2720 51.4291 -10.8714 0.9799
136 9 Car 0 0 0 10 10 100 100 1.6431 1.8019 4.5663 -41.8990 5.1865 31.5425 -9.3654 0.7200
136 3 Car 0 0 0 10 10 100 100 1.4596 1.9859 4.0287 -45.7888 5.2855 13.0306 -6.2604 0.9973
136 11 Car 0 0 0 10 10 100 100 1.9662 2.0321 4.2481 -20.6724 5.2629 51.3548 -10.8525 0.9821
137 9 Car 0 0 0 10 10 100 100 1.7077 1.8437 4.3806 -43.1924 5.1888 31.6548 -9.3361 0.7319
137 3 Car 0 0 0 10 10 100 100 1.4213 1.9414 3.8980 -45.7668 5.2477 13.0270 -6.2571 0.9877
137 11 Car 0 0 0 10 10 100 100 2.0423 2.0477 4.2859 -20.6604 5.2557 51.4112 -10.8645 0.9853
138 9 Car 0 0 0 10 10 100 100 1.7394 1.8411 4.6431 -44.2499 5.2340 31.7148 -9.3444 0.8906
138 3 Car 0 0 0 10 10 100 100 1.4346 1.9928 4.0433 -45.7855 5.2582 13.0563 -6.2533 0.9963
138 11 Car 0 0 0 10 10 100 100 2.0394 2.0478 4.3056 -20.6495 5.2735 51.4126 -10.8519 0.9880
139 9 Car 0 0 0 10 10 100 100 1.7314 1.7434 4.7831 -45.4284 5.2834 31.7976 -9.3523 0.9317
139 3 Car 0 0 0 10 10 100 100 1.4588 1.9678 4.0296 -45.7663 5.2799 13.0304 -6.2598 0.9980
139 11 Car 0 0 0 10 10 100 100 2.0410 2.0497 4.3058 -20.6384 5.2667 51.4203 -10.8501 0.9854
140 9 Car 0 0 0 10 10 100 100 1.6963 1.7386 4.6456 -46.6689 5.3174 31.9020 -9.3398 0.9785
140 3 Car 0 0 0 10 10 100 100 1.4577 1.9908 4.0081 -45.7950 5.2574 13.0278 -6.2604 0.9955
140 11 Car 0 0 0 10 10 100 100 2.0066 2.0298 4.2526 -20.6099 5.2575 51.4231 -10.8477 0.9839
141 9 Car 0 0 0 10 10 100 100 1.7427 1.8005 4.8380 -47.9460 5.3869 32.0657 -9.3516 0.9433
141 3 Car 0 0 0 10 10 100 100 1.4573 1.9738 4.0734 -45.7853 5.2687 13.0327 -6.2525 0.9960
141 11 Car 0 0 0 10 10 100 100 2.0345 2.0216 4.2551 -20.6151 5.2604 51.4009 -10.8459 0.9870
142 9 Car 0 0 0 10 10 100 100 1.6774 1.7274 4.6049 -49.0654 5.3548 32.0690 -9.3331 0.9239
142 3 Car 0 0 0 10 10 100 100 1.4398 1.9903 3.9320 -45.7618 5.2509 13.0352 -6.2623 0.9945
142 11 Car 0 0 0 10 10 100 100 2.0451 2.0403 4.2684 -20.6264 5.2763 51.4610 -10.8638 0.9841
143 9 Car 0 0 0 10 10 100 100 1.7414 1.7927 4.8571 -50.4944 5.5000 32.1945 -9.3522 0.9218
143 3 Car 0 0 0 10 10 100 100 1.4443 1.9938 4.0345 -45.7832 5.2612 13.0383 -6.2580 0.9965
143 11 Car 0 0 0 10 10 100 100 2.0213 2.0305 4.2401 -20.6434 5.2609 51.4349 -10.8790 0.9879
144 9 Car 0 0 0 10 10 100 100 1.7246 1.8720 4.6806 -51.7624 5.5176 32.3374 -9.3491 0.8965
144 3 Car 0 0 0 10 10 100 100 1.4262 1.9470 3.8672 -45.7280 5.2596 13.0338 -6.2661 0.9919
144 11 Car 0 0 0 10 10 100 100 2.0440 2.0362 4.2322 -20.5954 5.2628 51.4099 -10.8486 0.9904
145 9 Car 0 0 0 10 10 100 100 1.7182 1.8398 4.6491 -53.0389 5.5328 32.4570 -9.3869 0.9286
145 3 Car 0 0 0 10 10 100 100 1.4531 1.9975 4.0036 -45.7531 5.2712 13.0321 -6.2580 0.9977
145 11 Car 0 0 0 10 10 100 100 1.9921 2.0727 4.2691 -20.5960 5.2727 51.4319 -10.8485 0.9821
146 9 Car 0 0 0 10 10 100 100 1.7687 1.8482 4.7412 -54.3236 5.6300 32.5295 -9.3552 0.9020
146 3 Car 0 0 0 10 10 100 100 1.4477 1.9625 3.9976 -45.7560 5.2577 13.0309 -6.2562 0.9975
146 11 Car 0 0 0 10 10 100 100 2.0251 2.0638 4.2571 -20.6102 5.2607 51.4675 -10.8441 0.9837
147 3 Car 0 0 0 10 10 100 100 1.4367 1.9743 3.9848 -45.7869 5.2620 13.0246 -6.2564 0.9979
147 11 Car 0 0 0 10 10 100 100 1.9971 2.0437 4.2007 -20.5821 5.2531 51.4472 -10.8374 0.9824
148 3 Car 0 0 0 10 10 100 100 1.4721 1.9960 4.0589 -45.7870 5.2810 13.0260 -6.2501 0.9984
148 11 Car 0 0 0 10 10 100 100 1.9797 2.0266 4.1726 -20.6139 5.2291 51.4271 -10.8320 0.9825
149 3 Car 0 0 0 10 10 100 100 1.4683 1.9579 4.0292 -45.7627 5.2754 13.0330 -6.2589 0.9936
149 11 Car 0 0 0 10 10 100 100 1.9503 2.0541 4.2071 -20.6622 5.2271 51.4850 -10.8391 0.9870
150 3 Car 0 0 0 10 10 100 100 1.4336 1.9799 4.0212 -45.7810 5.2413 13.0304 -6.2574 0.9948
150 11 Car 0 0 0 10 10 100 100 1.9848 2.0591 4.1757 -20.6376 5.2238 51.4314 -10.8312 0.9862
151 3 Car 0 0 0 10 10 100 100 1.4572 1.9851 4.0471 -45.7925 5.2726 13.0303 -6.2582 0.9973
151 11 Car 0 0 0 10 10 100 100 2.0373 2.0628 4.2430 -20.6264 5.2598 51.4658 -10.8246 0.9797
152 3 Car 0 0 0 10 10 100 100 1.4448 1.9679 3.9334 -45.7754 5.2571 13.0482 -6.2532 0.9952
152 11 Car 0 0 0 10 10 100 100 1.9684 2.0417 4.1720 -20.6486 5.2142 51.4295 -10.8355 0.9848
153 3 Car 0 0 0 10 10 100 100 1.4448 1.9768 3.9843 -45.8118 5.2596 13.0298 -6.2566 0.9971
153 11 Car 0 0 0 10 10 100 100 2.0416 2.0554 4.2843 -20.5776 5.2625 51.4447 -10.8737 0.9766
154 3 Car 0 0 0 10 10 100 100 1.4478 1.9762 4.0354 -45.7735 5.2632 13.0419 -6.2505 0.9949
154 11 Car 0 0 0 10 10 100 100 2.0333 2.0468 4.2455 -20.6129 5.2569 51.4124 -10.8539 0.9811
155 3 Car 0 0 0 10 10 100 100 1.4592 1.9711 4.0224 -45.7931 5.2786 13.0409 -6.2544 0.9949
155 11 Car 0 0 0 10 10 100 100 1.9645 2.0208 4.2077 -20.5884 5.2153 51.4433 -10.8320 0.9663
156 3 Car 0 0 0 10 10 100 100 1.4474 1.9717 3.9775 -45.7847 5.2704 13.0321 -6.2606 0.9961
156 11 Car 0 0 0 10 10 100 100 1.9469 2.0179 4.1466 -20.6376 5.1919 51.4145 -10.8114 0.9747
157 3 Car 0 0 0 10 10 100 100 1.4405 1.9849 3.8862 -45.7652 5.2628 13.0480 -6.2503 0.9935
157 11 Car 0 0 0 10 10 100 100 2.0051 2.0367 4.1951 -20.6079 5.2335 51.3665 -10.8431 0.9818
158 3 Car 0 0 0 10 10 100 100 1.4510 1.9687 4.0148 -45.8045 5.2662 13.0238 -6.2586 0.9980
158 11 Car 0 0 0 10 10 100 100 1.9900 2.0286 4.1355 -20.6015 5.2193 51.3558 -10.8465 0.9839
159 3 Car 0 0 0 10 10 100 100 1.4247 1.9291 3.9130 -45.7529 5.2437 13.0094 -6.2609 0.9948
159 11 Car 0 0 0 10 10 100 100 1.9833 2.0111 4.1889 -20.6079 5.2192 51.4372 -10.8515 0.9783
160 3 Car 0 0 0 10 10 100 100 1.4322 1.9470 3.9038 -45.7410 5.2574 13.0278 -6.2615 0.9955
160 11 Car 0 0 0 10 10 100 100 2.0411 2.0293 4.2232 -20.5991 5.2408 51.4116 -10.8557 0.9800
161 3 Car 0 0 0 10 10 100 100 1.4562 1.9719 3.9833 -45.7656 5.2724 13.0259 -6.2552 0.9920
161 11 Car 0 0 0 10 10 100 100 2.0233 2.0164 4.2748 -20.6210 5.2367 51.4323 -10.8505 0.9820
162 3 Car 0 0 0 10 10 100 100 1.4648 1.9940 3.9978 -45.7866 5.2682 13.0302 -6.2525 0.9971
162 11 Car 0 0 0 10 10 100 100 2.0463 2.0390 4.2417 -20.5894 5.2375 51.4705 -10.8300 0.9776
163 3 Car 0 0 0 10 10 100 100 1.4522 1.9952 3.9510 -45.7824 5.2624 13.0265 -6.2559 0.9983
163 11 Car 0 0 0 10 10 100 100 2.0192 2.0546 4.2198 -20.6127 5.2312 51.5141 -10.8251 0.9711
164 3 Car 0 0 0 10 10 100 100 1.4309 1.9793 4.0292 -45.7865 5.2402 13.0321 -6.2630 0.9954
164 11 Car 0 0 0 10 10 100 100 1.9863 2.0120 4.2042 -20.6231 5.2296 51.4500 -10.8541 0.9841
165 3 Car 0 0 0 10 10 100 100 1.4460 1.9872 3.9565 -45.7444 5.2599 13.0415 -6.2557 0.9945
165 11 Car 0 0 0 10 10 100 100 1.9999 2.0217 4.2525 -20.6567 5.2387 51.4851 -10.8539 0.9789
166 3 Car 0 0 0 10 10 100 100 1.4296 1.9284 3.9226 -45.7583 5.2538 13.0234 -6.2528 0.9975
166 11 Car 0 0 0 10 10 100 100 2.0358 2.0353 4.2233 -20.6395 5.2299 51.4540 -10.8248 0.9846
167 3 Car 0 0 0 10 10 100 100 1.4427 1.9750 3.9659 -45.7647 5.2644 13.0242 -6.2630 0.9965
167 11 Car 0 0 0 10 10 100 100 2.0549 2.0629 4.2465 -20.6276 5.2501 51.4849 -10.8267 0.9819
168 3 Car 0 0 0 10 10 100 100 1.4661 1.9416 3.9647 -45.7792 5.2786 13.0215 -6.2546 0.9976
168 11 Car 0 0 0 10 10 100 100 2.0430 2.0712 4.2557 -20.6324 5.2452 51.5248 -10.8282 0.9785
169 3 Car 0 0 0 10 10 100 100 1.4071 1.9642 4.0040 -45.8054 5.2409 13.0192 -6.2537 0.9952
169 11 Car 0 0 0 10 10 100 100 2.0090 2.0262 4.2426 -20.6353 5.2310 51.4706 -10.8436 0.9778
170 3 Car 0 0 0 10 10 100 100 1.4327 1.9541 4.0431 -45.8053 5.2451 13.0274 -6.2583 0.9943
170 11 Car 0 0 0 10 10 100 100 2.0341 2.0593 4.2648 -20.6667 5.2470 51.4891 -10.8385 0.9786
171 3 Car 0 0 0 10 10 100 100 1.4628 1.9599 3.9499 -45.7912 5.2816 13.0365 -6.2653 0.9932
171 11 Car 0 0 0 10 10 100 100 1.9987 2.0468 4.2010 -20.6227 5.2099 51.4772 -10.8490 0.9810
172 3 Car 0 0 0 10 10 100 100 1.4461 1.9507 4.0372 -45.7587 5.2580 13.0267 -6.2632 0.9972
172 11 Car 0 0 0 10 10 100 100 1.9560 2.0156 4.2005 -20.6418 5.1994 51.4547 -10.8318 0.9734
173 3 Car 0 0 0 10 10 100 100 1.4327 1.9657 3.9682 -45.7783 5.2510 13.0472 -6.2503 0.9970
173 11 Car 0 0 0 10 10 100 100 2.0352 2.0531 4.2087 -20.6210 5.2378 51.5066 -10.8463 0.9813
174 3 Car 0 0 0 10 10 100 100 1.4592 1.9904 3.9980 -45.7367 5.2781 13.0389 -6.2554 0.9984
174 11 Car 0 0 0 10 10 100 100 2.0002 2.0525 4.2311 -20.6271 5.2137 51.4843 -10.8296 0.9760
175 3 Car 0 0 0 10 10 100 100 1.4667 1.9983 3.9870 -45.7777 5.2824 13.0433 -6.2586 0.9978
175 11 Car 0 0 0 10 10 100 100 2.0309 2.0529 4.2126 -20.6133 5.2310 51.5202 -10.8175 0.9763
176 3 Car 0 0 0 10 10 100 100 1.4466 1.9625 3.9878 -45.7721 5.2653 13.0254 -6.2586 0.9990
176 11 Car 0 0 0 10 10 100 100 1.9534 2.0054 4.2094 -20.6288 5.2211 51.4711 -10.8365 0.9746
177 3 Car 0 0 0 10 10 100 100 1.4682 2.0071 4.0035 -45.7878 5.2743 13.0281 -6.2590 0.9955
177 11 Car 0 0 0 10 10 100 100 2.0339 2.0505 4.2290 -20.6011 5.2299 51.5077 -10.8298 0.9810
178 3 Car 0 0 0 10 10 100 100 1.4256 1.9659 4.0388 -45.8026 5.2402 13.0095 -6.2571 0.9959
178 11 Car 0 0 0 10 10 100 100 2.0431 2.0662 4.2545 -20.6422 5.2533 51.4903 -10.8396 0.9818
179 3 Car 0 0 0 10 10 100 100 1.4487 1.9776 3.9623 -45.7711 5.2752 13.0340 -6.2544 0.9936
179 11 Car 0 0 0 10 10 100 100 2.0219 2.0484 4.2299 -20.6298 5.2396 51.4919 -10.8281 0.9802
180 3 Car 0 0 0 10 10 100 100 1.4427 1.9983 3.9705 -45.7844 5.2599 13.0342 -6.2561 0.9954
180 11 Car 0 0 0 10 10 100 100 2.0392 2.0751 4.2969 -20.6545 5.2519 51.5044 -10.8525 0.9762
181 3 Car 0 0 0 10 10 100 100 1.4323 1.9527 4.0732 -45.7753 5.2596 13.0333 -6.2580 0.9986
181 11 Car 0 0 0 10 10 100 100 2.0043 2.0420 4.2035 -20.6052 5.2247 51.4673 -10.8389 0.9747
182 3 Car 0 0 0 10 10 100 100 1.4635 1.9449 3.9093 -45.7326 5.2755 13.0119 -6.2663 0.9956
182 11 Car 0 0 0 10 10 100 100 1.9901 2.0476 4.2135 -20.6359 5.2290 51.4891 -10.8615 0.9829
183 3 Car 0 0 0 10 10 100 100 1.4729 1.9700 3.9961 -45.8086 5.2800 13.0283 -6.2445 0.9962
183 11 Car 0 0 0 10 10 100 100 1.9619 2.0752 4.2728 -20.6477 5.2189 51.4741 -10.7951 0.9836
184 3 Car 0 0 0 10 10 100 100 1.4349 1.9620 4.0046 -45.7879 5.2514 13.0310 -6.2605 0.9975
184 11 Car 0 0 0 10 10 100 100 1.9301 2.0329 4.2154 -20.6370 5.2072 51.4170 -10.7968 0.9852
185 3 Car 0 0 0 10 10 100 100 1.4901 1.9850 4.0144 -45.7972 5.2968 13.0453 -6.2508 0.9936
185 11 Car 0 0 0 10 10 100 100 2.0242 2.0705 4.2857 -20.6565 5.2401 51.4598 -10.8152 0.9868
186 3 Car 0 0 0 10 10 100 100 1.4348 1.9531 3.8649 -45.7205 5.2614 13.0277 -6.2590 0.9949
186 11 Car 0 0 0 10 10 100 100 1.9929 2.0595 4.2332 -20.6745 5.2255 51.4641 -10.8162 0.9842
187 3 Car 0 0 0 10 10 100 100 1.4252 1.9478 3.9219 -45.7214 5.2467 13.0230 -6.2546 0.9965
187 11 Car 0 0 0 10 10 100 100 2.0371 2.0697 4.2973 -20.6472 5.2592 51.4595 -10.8360 0.9817
188 3 Car 0 0 0 10 10 100 100 1.4495 1.9853 3.9706 -45.7596 5.2610 13.0330 -6.2548 0.9978
188 11 Car 0 0 0 10 10 100 100 1.9791 2.0375 4.2484 -20.6495 5.2305 51.4331 -10.7934 0.9829
189 3 Car 0 0 0 10 10 100 100 1.4521 1.9603 4.0039 -45.7768 5.2794 13.0304 -6.2609 0.9985
189 11 Car 0 0 0 10 10 100 100 2.0442 2.0711 4.2859 -20.6640 5.2456 51.4726 -10.8256 0.9904
190 3 Car 0 0 0 10 10 100 100 1.4268 1.9924 4.0269 -45.7734 5.2516 13.0193 -6.2532 0.9976
190 11 Car 0 0 0 10 10 100 100 2.0364 2.0752 4.2824 -20.6506 5.2454 51.4671 -10.8145 0.9934
191 3 Car 0 0 0 10 10 100 100 1.4599 1.9686 3.9811 -45.7957 5.2688 13.0305 -6.2521 0.9964
191 11 Car 0 0 0 10 10 100 100 1.9372 2.0497 4.2164 -20.6580 5.2203 51.4230 -10.7988 0.9823
192 3 Car 0 0 0 10 10 100 100 1.4447 1.9717 4.0467 -45.7829 5.2614 13.0283 -6.2547 0.9977
192 11 Car 0 0 0 10 10 100 100 2.0534 2.0423 4.2973 -20.6327 5.2555 51.4600 -10.8425 0.9838
193 3 Car 0 0 0 10 10 100 100 1.4363 1.9543 4.0174 -45.7844 5.2569 13.0208 -6.2693 0.9984
193 11 Car 0 0 0 10 10 100 100 1.9410 2.0697 4.2404 -20.6613 5.2074 51.4330 -10.8146 0.9883
194 3 Car 0 0 0 10 10 100 100 1.4178 1.9724 3.9707 -45.7847 5.2558 13.0362 -6.2506 0.9984
194 11 Car 0 0 0 10 10 100 100 2.0067 2.0669 4.2772 -20.6412 5.2241 51.4199 -10.7999 0.9921
195 3 Car 0 0 0 10 10 100 100 1.4489 1.9821 4.0346 -45.7843 5.2746 13.0303 -6.2533 0.9963
195 11 Car 0 0 0 10 10 100 100 2.0080 2.0602 4.2641 -20.6364 5.2414 51.4737 -10.8016 0.9863
196 3 Car 0 0 0 10 10 100 100 1.4471 1.9893 3.9974 -45.7533 5.2764 13.0396 -6.2578 0.9983
196 11 Car 0 0 0 10 10 100 100 2.0461 2.0824 4.3061 -20.6671 5.2515 51.4451 -10.8113 0.9922
197 3 Car 0 0 0 10 10 100 100 1.4744 1.9776 4.0576 -45.8029 5.2688 13.0431 -6.2534 0.9916
197 11 Car 0 0 0 10 10 100 100 1.9371 2.0662 4.1816 -20.6625 5.2381 51.4508 -10.7997 0.9770
198 3 Car 0 0 0 10 10 100 100 1.4565 1.9960 3.9654 -45.7766 5.2623 13.0319 -6.2660 0.9966
198 11 Car 0 0 0 10 10 100 100 1.9581 2.0484 4.2365 -20.6488 5.2300 51.4217 -10.8043 0.9844
199 3 Car 0 0 0 10 10 100 100 1.4537 1.9718 4.0374 -45.7962 5.2665 13.0345 -6.2516 0.9969
199 11 Car 0 0 0 10 10 100 100 1.9929 2.0536 4.2095 -20.6719 5.2349 51.4482 -10.8266 0.9894
200 3 Car 0 0 0 10 10 100 100 1.4339 1.9760 3.9569 -45.7772 5.2487 13.0213 -6.2626 0.9962
200 11 Car 0 0 0 10 10 100 100 2.0389 2.0670 4.3004 -20.6447 5.2517 51.4687 -10.8118 0.9899
201 3 Car 0 0 0 10 10 100 100 1.4272 1.9644 3.9390 -45.7631 5.2482 13.0128 -6.2665 0.9947
201 11 Car 0 0 0 10 10 100 100 1.9797 2.0639 4.2515 -20.6655 5.2327 51.4232 -10.8325 0.9897
202 3 Car 0 0 0 10 10 100 100 1.4580 1.9827 3.9628 -45.7863 5.2673 13.0365 -6.2595 0.9947
202 11 Car 0 0 0 10 10 100 100 1.9612 2.0779 4.2545 -20.6704 5.2222 51.4706 -10.7897 0.9829
203 3 Car 0 0 0 10 10 100 100 1.4342 1.9803 3.9951 -45.7797 5.2484 13.0430 -6.2574 0.9962
203 11 Car 0 0 0 10 10 100 100 1.8563 2.0336 4.2628 -20.6184 5.3434 51.4788 -10.7635 0.9373
204 3 Car 0 0 0 10 10 100 100 1.4580 2.0008 4.0095 -45.7767 5.2755 13.0442 -6.2502 0.9968
204 11 Car 0 0 0 10 10 100 100 2.0214 2.0755 4.2481 -20.6222 5.2355 51.4926 -10.7897 0.9915
205 3 Car 0 0 0 10 10 100 100 1.4482 1.9839 3.9567 -45.8141 5.2662 13.0412 -6.2458 0.9956
205 11 Car 0 0 0 10 10 100 100 2.0409 2.0676 4.2782 -20.6491 5.2558 51.4863 -10.8087 0.9883
206 3 Car 0 0 0 10 10 100 100 1.4542 1.9708 3.9937 -45.7749 5.2672 13.0281 -6.2552 0.9988
206 11 Car 0 0 0 10 10 100 100 1.9718 2.0422 4.2092 -20.6870 5.2186 51.3940 -10.8331 0.9780
207 3 Car 0 0 0 10 10 100 100 1.4250 1.9656 3.9856 -45.7896 5.2472 13.0399 -6.2654 0.9959
207 11 Car 0 0 0 10 10 100 100 2.0134 2.0647 4.2365 -20.6545 5.2292 51.4230 -10.8248 0.9867
208 3 Car 0 0 0 10 10 100 100 1.4726 1.9934 4.0405 -45.7982 5.2782 13.0190 -6.2532 0.9945
208 11 Car 0 0 0 10 10 100 100 2.0340 2.0762 4.2381 -20.6188 5.2447 51.4714 -10.8173 0.9922
209 3 Car 0 0 0 10 10 100 100 1.4594 1.9730 4.0138 -45.7501 5.2857 13.0183 -6.2531 0.9983
209 11 Car 0 0 0 10 10 100 100 1.9909 2.0657 4.2339 -20.6374 5.2256 51.4789 -10.8182 0.9884
210 3 Car 0 0 0 10 10 100 100 1.4463 1.9613 3.9803 -45.7865 5.2579 13.0412 -6.2588 0.9949
210 11 Car 0 0 0 10 10 100 100 2.0235 2.0537 4.2681 -20.6590 5.2521 51.4256 -10.8295 0.9869
211 3 Car 0 0 0 10 10 100 100 1.4805 1.9542 3.9845 -45.7903 5.2873 13.0275 -6.2539 0.9933
211 11 Car 0 0 0 10 10 100 100 2.0399 2.0541 4.2517 -20.6696 5.2503 51.4570 -10.8217 0.9907
212 3 Car 0 0 0 10 10 100 100 1.4617 1.9947 3.9374 -45.7664 5.2779 13.0459 -6.2569 0.9962
212 11 Car 0 0 0 10 10 100 100 2.0223 2.0520 4.2675 -20.6692 5.2423 51.4535 -10.8135 0.9900
213 3 Car 0 0 0 10 10 100 100 1.4423 1.9782 4.0024 -45.8018 5.2765 13.0409 -6.2585 0.9969
213 11 Car 0 0 0 10 10 100 100 2.0286 2.0240 4.2270 -20.6520 5.2411 51.4115 -10.8211 0.9855
214 3 Car 0 0 0 10 10 100 100 1.4600 1.9806 4.0447 -45.7755 5.2823 13.0339 -6.2533 0.9974
214 11 Car 0 0 0 10 10 100 100 2.0362 2.0723 4.2290 -20.6499 5.2489 51.4578 -10.8149 0.9884
215 3 Car 0 0 0 10 10 100 100 1.4332 1.9822 3.9504 -45.7937 5.2536 13.0355 -6.2623 0.9963
215 11 Car 0 0 0 10 10 100 100 1.9239 2.0519 4.2245 -20.6675 5.2221 51.4483 -10.8171 0.9734
216 3 Car 0 0 0 10 10 100 100 1.4444 1.9634 4.0224 -45.7815 5.2640 13.0344 -6.2636 0.9971
216 11 Car 0 0 0 10 10 100 100 1.9694 2.0373 4.1872 -20.6525 5.2315 51.4258 -10.8209 0.9885
217 3 Car 0 0 0 10 10 100 100 1.4553 1.9632 4.0288 -45.7995 5.2835 13.0341 -6.2564 0.9969
217 11 Car 0 0 0 10 10 100 100 2.0557 2.0655 4.2900 -20.6403 5.2558 51.4608 -10.8104 0.9890
218 3 Car 0 0 0 10 10 100 100 1.4962 2.0129 4.0034 -45.7863 5.2857 13.0599 -6.2403 0.9960
218 11 Car 0 0 0 10 10 100 100 1.9292 2.0507 4.1838 -20.6601 5.1933 51.4534 -10.8236 0.9879
219 3 Car 0 0 0 10 10 100 100 1.4564 1.9806 3.9588 -45.7897 5.2572 13.0183 -6.2697 0.9948
219 11 Car 0 0 0 10 10 100 100 2.0454 2.0631 4.2811 -20.6497 5.2479 51.4600 -10.8023 0.9873
220 3 Car 0 0 0 10 10 100 100 1.4665 1.9892 3.9513 -45.7600 5.2694 13.0352 -6.2615 0.9981
220 11 Car 0 0 0 10 10 100 100 1.9952 2.0554 4.2395 -20.6550 5.2361 51.4437 -10.7978 0.9851
221 3 Car 0 0 0 10 10 100 100 1.4520 1.9717 3.9649 -45.8018 5.2672 13.0401 -6.2669 0.9981
221 11 Car 0 0 0 10 10 100 100 2.0521 2.0809 4.2326 -20.6330 5.2455 51.4970 -10.8000 0.9853
222 3 Car 0 0 0 10 10 100 100 1.4386 1.9323 3.8260 -45.7216 5.2587 13.0172 -6.2604 0.9918
222 11 Car 0 0 0 10 10 100 100 2.0126 2.0764 4.2699 -20.6632 5.2386 51.4586 -10.8165 0.9873
223 3 Car 0 0 0 10 10 100 100 1.4588 1.9847 4.0326 -45.8054 5.2603 13.0395 -6.2628 0.9918
223 11 Car 0 0 0 10 10 100 100 2.0172 2.0546 4.2512 -20.6769 5.2455 51.4573 -10.8164 0.9853
224 3 Car 0 0 0 10 10 100 100 1.4519 1.9483 3.9241 -45.7656 5.2694 13.0234 -6.2559 0.9925
224 11 Car 0 0 0 10 10 100 100 2.0443 2.0410 4.2871 -20.6576 5.2424 51.4450 -10.8253 0.9850
225 3 Car 0 0 0 10 10 100 100 1.4429 1.9778 4.0070 -45.7994 5.2514 13.0371 -6.2590 0.9926
225 11 Car 0 0 0 10 10 100 100 2.0505 2.0735 4.3172 -20.6731 5.2613 51.4547 -10.8081 0.9824
226 3 Car 0 0 0 10 10 100 100 1.4627 1.9853 3.8906 -45.6861 5.2748 13.0288 -6.2524 0.9941
226 11 Car 0 0 0 10 10 100 100 2.0557 2.0712 4.2603 -20.6614 5.2516 51.4565 -10.8068 0.9902
227 3 Car 0 0 0 10 10 100 100 1.4672 1.9373 4.0073 -45.7851 5.2824 13.0223 -6.2606 0.9965
227 11 Car 0 0 0 10 10 100 100 2.0186 2.0816 4.2481 -20.6283 5.2391 51.5248 -10.7992 0.9879
228 3 Car 0 0 0 10 10 100 100 1.4552 1.9700 3.9455 -45.8112 5.2697 13.0506 -6.2600 0.9948
228 11 Car 0 0 0 10 10 100 100 2.0201 2.0702 4.2905 -20.6680 5.2380 51.4926 -10.8009 0.9893
229 3 Car 0 0 0 10 10 100 100 1.4922 1.9675 3.9223 -45.7773 5.2982 13.0257 -6.2646 0.9941
229 11 Car 0 0 0 10 10 100 100 2.0390 2.0632 4.2834 -20.6673 5.2589 51.4818 -10.8237 0.9895
230 3 Car 0 0 0 10 10 100 100 1.4392 1.9650 3.9474 -45.7663 5.2578 13.0207 -6.2566 0.9929
230 11 Car 0 0 0 10 10 100 100 2.0624 2.0797 4.2622 -20.6448 5.2384 51.4539 -10.8104 0.9893
231 3 Car 0 0 0 10 10 100 100 1.4401 1.9754 4.0008 -45.7717 5.2537 13.0421 -6.2693 0.9946
231 11 Car 0 0 0 10 10 100 100 2.0252 2.0628 4.2474 -20.6557 5.2437 51.4597 -10.8102 0.9900
232 3 Car 0 0 0 10 10 100 100 1.4612 1.9629 4.0117 -45.7814 5.2719 13.0324 -6.2595 0.9960
232 11 Car 0 0 0 10 10 100 100 2.0037 2.1111 4.2725 -20.6700 5.2349 51.4839 -10.8050 0.9833
233 3 Car 0 0 0 10 10 100 100 1.4419 1.9996 3.9678 -45.8015 5.2465 13.0390 -6.2625 0.9947
233 11 Car 0 0 0 10 10 100 100 1.9810 2.0735 4.2585 -20.6732 5.2199 51.4677 -10.8092 0.9859
234 3 Car 0 0 0 10 10 100 100 1.4329 1.9802 3.9490 -45.7973 5.2525 13.0460 -6.2596 0.9975
234 11 Car 0 0 0 10 10 100 100 2.0109 2.0531 4.2475 -20.6660 5.2350 51.4439 -10.8209 0.9856
235 12 Car 0 0 0 10 10 100 100 1.6487 1.6905 4.0009 65.6992 2.4696 23.3185 -9.3380 0.7306
235 3 Car 0 0 0 10 10 100 100 1.4612 1.9787 3.9935 -45.7924 5.2700 13.0371 -6.2596 0.9952
235 11 Car 0 0 0 10 10 100 100 2.0278 2.0621 4.2668 -20.6633 5.2436 51.4630 -10.8154 0.9932
236 3 Car 0 0 0 10 10 100 100 1.4591 1.9687 3.8845 -45.7040 5.2777 13.0487 -6.2631 0.9955
236 11 Car 0 0 0 10 10 100 100 2.0482 2.0817 4.2641 -20.6701 5.2579 51.4690 -10.8155 0.9901
237 3 Car 0 0 0 10 10 100 100 1.4226 1.9669 3.9658 -45.7447 5.2531 13.0242 -6.2643 0.9955
237 11 Car 0 0 0 10 10 100 100 1.9998 2.0861 4.2599 -20.6647 5.2582 51.4646 -10.8045 0.9880
238 3 Car 0 0 0 10 10 100 100 1.4524 1.9806 4.0095 -45.8078 5.2654 13.0491 -6.2504 0.9926
238 11 Car 0 0 0 10 10 100 100 1.9828 2.0758 4.2528 -20.6601 5.2265 51.4481 -10.7977 0.9869
238 13 Car 0 0 0 10 10 100 100 1.5825 1.7017 3.9822 61.5292 2.4888 23.6296 -9.3131 0.9636
239 3 Car 0 0 0 10 10 100 100 1.4355 1.9489 3.9201 -45.7859 5.2540 13.0303 -6.2654 0.9951
239 11 Car 0 0 0 10 10 100 100 1.9929 2.0683 4.2291 -20.6413 5.2309 51.4582 -10.8140 0.9905
239 13 Car 0 0 0 10 10 100 100 1.5417 1.6393 3.8768 60.2451 2.5103 23.7213 -9.3461 0.9021
240 3 Car 0 0 0 10 10 100 100 1.4392 1.9688 3.9952 -45.7873 5.2531 13.0280 -6.2637 0.9980
240 11 Car 0 0 0 10 10 100 100 2.0028 2.0746 4.2765 -20.6740 5.2268 51.4789 -10.8153 0.9879
240 13 Car 0 0 0 10 10 100 100 1.6259 1.7261 4.0581 59.0090 2.5732 23.8642 -9.3362 0.8759
241 3 Car 0 0 0 10 10 100 100 1.4575 1.9973 3.9095 -45.7569 5.2729 13.0346 -6.2608 0.9956
241 11 Car 0 0 0 10 10 100 100 1.9949 2.0720 4.2325 -20.6613 5.2342 51.4884 -10.8075 0.9849
241 13 Car 0 0 0 10 10 100 100 1.7301 1.7177 4.1467 57.6966 2.6392 23.9676 -9.3243 0.9740
242 3 Car 0 0 0 10 10 100 100 1.4278 1.9614 4.0053 -45.7908 5.2441 13.0297 -6.2594 0.9960
242 11 Car 0 0 0 10 10 100 100 2.0146 2.0636 4.2723 -20.6597 5.2460 51.4701 -10.8075 0.9871
242 13 Car 0 0 0 10 10 100 100 1.5569 1.7670 4.2535 56.5246 2.7057 24.1390 -9.3444 0.7281
243 3 Car 0 0 0 10 10 100 100 1.4399 1.9710 3.8670 -45.7154 5.2608 13.0462 -6.2538 0.9881
243 11 Car 0 0 0 10 10 100 100 2.0450 2.0606 4.2907 -20.6511 5.2555 51.4371 -10.8202 0.9850
243 13 Car 0 0 0 10 10 100 100 1.5971 1.7469 4.2195 55.2775 2.7134 24.1854 -9.3553 0.9541
244 3 Car 0 0 0 10 10 100 100 1.4528 1.9811 3.9767 -45.7615 5.2743 13.0352 -6.2587 0.9982
244 11 Car 0 0 0 10 10 100 100 2.0228 2.0967 4.3122 -20.6827 5.2639 51.5140 -10.8106 0.9815
244 13 Car 0 0 0 10 10 100 100 1.5709 1.6321 3.7343 53.7443 2.6755 24.3219 -9.2954 0.8417
245 3 Car 0 0 0 10 10 100 100 1.4280 1.9754 3.9753 -45.7716 5.2452 13.0263 -6.2675 0.9965
245 11 Car 0 0 0 10 10 100 100 2.0354 2.0402 4.2802 -20.6862 5.2377 51.4252 -10.8344 0.9837
245 13 Car 0 0 0 10 10 100 100 1.4548 1.6751 4.2594 52.8796 2.8193 24.3614 -9.3456 0.8837
246 3 Car 0 0 0 10 10 100 100 1.4322 1.9777 3.9887 -45.7755 5.2530 13.0288 -6.2525 0.9986
246 11 Car 0 0 0 10 10 100 100 2.0730 2.0731 4.2701 -20.6644 5.2518 51.4617 -10.7843 0.9891
246 13 Car 0 0 0 10 10 100 100 1.5563 1.6138 4.2857 51.7600 2.7388 24.4869 -9.3394 0.9596
247 3 Car 0 0 0 10 10 100 100 1.4334 1.9810 4.0056 -45.7876 5.2512 13.0392 -6.2591 0.9968
247 11 Car 0 0 0 10 10 100 100 2.0516 2.0690 4.3038 -20.6547 5.2487 51.4461 -10.8140 0.9864
247 13 Car 0 0 0 10 10 100 100 1.5637 1.6256 4.0641 50.5997 2.7234 24.5453 -9.3424 0.9558
248 3 Car 0 0 0 10 10 100 100 1.4495 1.9866 3.9598 -45.8109 5.2711 13.0480 -6.2572 0.9951
248 11 Car 0 0 0 10 10 100 100 2.0121 2.0484 4.2140 -20.6376 5.2354 51.4117 -10.8287 0.9883
248 13 Car 0 0 0 10 10 100 100 1.5633 1.7773 4.1530 49.4870 2.7863 24.7296 -9.3452 0.9583
249 3 Car 0 0 0 10 10 100 100 1.4402 1.9926 3.9610 -45.7738 5.2519 13.0233 -6.2639 0.9973
249 11 Car 0 0 0 10 10 100 100 2.0206 2.0963 4.2437 -20.6428 5.2389 51.4928 -10.8073 0.9873
249 13 Car 0 0 0 10 10 100 100 1.5658 1.8310 4.1220 48.4527 2.8076 24.8247 -9.3261 0.9084
250 3 Car 0 0 0 10 10 100 100 1.4391 1.9979 3.9113 -45.7896 5.2583 13.0332 -6.2506 0.9956
250 11 Car 0 0 0 10 10 100 100 2.0178 2.0924 4.2562 -20.6594 5.2374 51.4964 -10.7813 0.9888
250 13 Car 0 0 0 10 10 100 100 1.5902 1.8794 4.4302 47.5239 2.9079 24.9081 -9.3982 0.8893
251 3 Car 0 0 0 10 10 100 100 1.4485 1.9847 4.0104 -45.7601 5.2821 13.0425 -6.2494 0.9987
251 11 Car 0 0 0 10 10 100 100 2.0023 2.0646 4.2720 -20.6670 5.2354 51.4564 -10.8162 0.9892
251 13 Car 0 0 0 10 10 100 100 1.6612 1.8167 4.3513 46.2666 2.9111 25.0562 -9.3451 0.9339
252 3 Car 0 0 0 10 10 100 100 1.4435 1.9685 3.9571 -45.7569 5.2566 13.0255 -6.2625 0.9979
252 11 Car 0 0 0 10 10 100 100 2.0042 2.0386 4.2394 -20.6410 5.2355 51.4069 -10.8269 0.9889
252 13 Car 0 0 0 10 10 100 100 1.5925 1.8109 4.4263 45.4409 2.8824 25.0955 -9.3569 0.7988
253 3 Car 0 0 0 10 10 100 100 1.4418 1.9779 3.9872 -45.7901 5.2646 13.0244 -6.2502 0.9948
253 11 Car 0 0 0 10 10 100 100 2.0267 2.0810 4.2248 -20.6498 5.2378 51.4889 -10.8155 0.9934
253 13 Car 0 0 0 10 10 100 100 1.6375 1.8381 4.2195 44.3737 3.0068 25.1629 -9.3623 0.8770
254 3 Car 0 0 0 10 10 100 100 1.4371 1.9792 3.9573 -45.7701 5.2518 13.0276 -6.2479 0.9949
254 11 Car 0 0 0 10 10 100 100 2.0389 2.0504 4.3139 -20.6304 5.2608 51.4483 -10.8139 0.9862
254 13 Car 0 0 0 10 10 100 100 1.4989 1.8106 4.4097 43.3437 2.9133 25.2488 -9.3224 0.8428
255 3 Car 0 0 0 10 10 100 100 1.4543 1.9869 3.9920 -45.7649 5.2605 13.0218 -6.2663 0.9982
255 11 Car 0 0 0 10 10 100 100 2.0552 2.0587 4.2536 -20.6496 5.2599 51.4734 -10.8298 0.9920
255 13 Car 0 0 0 10 10 100 100 1.5101 1.6559 4.0436 42.1495 3.0003 25.3588 -9.3302 0.8737
256 3 Car 0 0 0 10 10 100 100 1.4446 1.9535 3.9875 -45.7961 5.2546 13.0303 -6.2647 0.9942
256 11 Car 0 0 0 10 10 100 100 2.0246 2.0424 4.2709 -20.6461 5.2407 51.4429 -10.8233 0.9858
256 13 Car 0 0 0 10 10 100 100 1.5625 1.5945 3.8136 41.2638 2.9538 25.4466 -9.2788 0.9890
257 3 Car 0 0 0 10 10 100 100 1.4657 1.9987 4.0901 -45.7655 5.2658 13.0444 -6.2701 0.9992
257 11 Car 0 0 0 10 10 100 100 1.9692 2.0642 4.2569 -20.6781 5.2288 51.4723 -10.7875 0.9767
257 13 Car 0 0 0 10 10 100 100 1.5671 1.6563 4.3084 40.6433 3.0260 25.4760 -9.3428 0.9586
258 3 Car 0 0 0 10 10 100 100 1.4470 1.9805 4.0082 -45.7859 5.2518 13.0034 -6.2663 0.9981
258 11 Car 0 0 0 10 10 100 100 2.0148 2.0817 4.2759 -20.6491 5.2565 51.4783 -10.8278 0.9897
258 13 Car 0 0 0 10 10 100 100 1.5451 1.5903 4.2246 39.7065 3.0199 25.5016 -9.3267 0.9760
259 3 Car 0 0 0 10 10 100 100 1.4460 1.9725 3.8972 -45.7585 5.2577 13.0251 -6.2680 0.9946
259 11 Car 0 0 0 10 10 100 100 1.9128 2.0525 4.2241 -20.6753 5.2074 51.4611 -10.7792 0.9752
259 13 Car 0 0 0 10 10 100 100 1.5659 1.6206 4.2997 39.0009 3.0469 25.6027 -9.3524 0.9693
260 3 Car 0 0 0 10 10 100 100 1.4496 1.9626 4.0877 -45.8067 5.2701 13.0309 -6.2622 0.9964
260 11 Car 0 0 0 10 10 100 100 2.0104 2.0803 4.2370 -20.6584 5.2307 51.4693 -10.8247 0.9897
260 13 Car 0 0 0 10 10 100 100 1.5539 1.6557 3.7824 37.8757 3.0489 25.7103 -9.3449 0.9876
261 3 Car 0 0 0 10 10 100 100 1.4621 1.9972 3.9326 -45.7598 5.2637 13.0493 -6.2545 0.9942
261 11 Car 0 0 0 10 10 100 100 2.0169 2.0659 4.2546 -20.6375 5.2451 51.4694 -10.8001 0.9903
261 13 Car 0 0 0 10 10 100 100 1.5876 1.6362 4.3756 37.4249 3.0920 25.7275 -9.3344 0.9690
262 3 Car 0 0 0 10 10 100 100 1.4405 1.9838 3.9744 -45.7725 5.2568 13.0503 -6.2541 0.9926
262 11 Car 0 0 0 10 10 100 100 2.0037 2.0751 4.2802 -20.6545 5.2395 51.4575 -10.8028 0.9852
262 13 Car 0 0 0 10 10 100 100 1.6437 1.7040 4.2610 36.5512 3.1272 25.8226 -9.3320 0.9526
263 3 Car 0 0 0 10 10 100 100 1.4191 1.9963 3.9939 -45.7863 5.2352 13.0491 -6.2492 0.9939
263 11 Car 0 0 0 10 10 100 100 2.0270 2.0753 4.2688 -20.6475 5.2416 51.4815 -10.7918 0.9908
263 13 Car 0 0 0 10 10 100 100 1.6204 1.7139 4.3589 35.7725 3.1445 25.9114 -9.3286 0.9892
264 3 Car 0 0 0 10 10 100 100 1.4451 1.9788 4.0386 -45.7924 5.2636 13.0316 -6.2701 0.9982
264 11 Car 0 0 0 10 10 100 100 1.9957 2.0571 4.2458 -20.6722 5.2245 51.4503 -10.8001 0.9919
264 13 Car 0 0 0 10 10 100 100 1.6095 1.7037 4.4090 35.0548 3.1395 25.9570 -9.3406 0.9722
265 3 Car 0 0 0 10 10 100 100 1.4455 2.0024 3.9673 -45.7782 5.2683 13.0432 -6.2571 0.9975
265 11 Car 0 0 0 10 10 100 100 2.0228 2.0733 4.2585 -20.6726 5.2419 51.4437 -10.8005 0.9877
265 13 Car 0 0 0 10 10 100 100 1.6125 1.6416 4.2544 34.2678 3.1456 26.0159 -9.3430 0.9714
266 3 Car 0 0 0 10 10 100 100 1.4802 1.9978 3.9769 -45.7435 5.2792 13.0333 -6.2601 0.9953
266 11 Car 0 0 0 10 10 100 100 1.9446 2.0555 4.2215 -20.6671 5.2264 51.4565 -10.8074 0.9812
266 13 Car 0 0 0 10 10 100 100 1.5820 1.5849 4.2455 33.5639 3.1554 26.0527 -9.3485 0.9902
267 3 Car 0 0 0 10 10 100 100 1.4196 1.9995 3.9889 -45.7566 5.2496 13.0345 -6.2579 0.9992
267 11 Car 0 0 0 10 10 100 100 1.9891 2.0580 4.3011 -20.6389 5.2354 51.4741 -10.8170 0.9833
267 13 Car 0 0 0 10 10 100 100 1.6198 1.6442 4.3566 32.9072 3.1917 26.1461 -9.3320 0.9396
268 3 Car 0 0 0 10 10 100 100 1.4253 1.9913 3.9463 -45.7646 5.2325 13.0418 -6.2639 0.9957
268 11 Car 0 0 0 10 10 100 100 2.0161 2.0812 4.2813 -20.6514 5.2388 51.4903 -10.7856 0.9837
268 13 Car 0 0 0 10 10 100 100 1.6026 1.6519 4.4386 32.1787 3.2138 26.2289 -9.3291 0.9858
269 3 Car 0 0 0 10 10 100 100 1.4592 1.9689 3.7999 -45.6726 5.2740 13.0456 -6.2610 0.9883
269 11 Car 0 0 0 10 10 100 100 1.9380 2.0371 4.2109 -20.6522 5.2140 51.4558 -10.8119 0.9864
269 13 Car 0 0 0 10 10 100 100 1.6107 1.6915 4.4116 31.5881 3.2207 26.2770 -9.3392 0.9753
270 3 Car 0 0 0 10 10 100 100 1.4534 1.9845 3.9124 -45.7147 5.2649 13.0417 -6.2575 0.9950
270 11 Car 0 0 0 10 10 100 100 1.9303 2.0858 4.2136 -20.6447 5.2096 51.4736 -10.7980 0.9857
270 13 Car 0 0 0 10 10 100 100 1.5519 1.6457 4.1569 30.8624 3.1987 26.3121 -9.3545 0.9758
271 3 Car 0 0 0 10 10 100 100 1.4793 1.9718 3.9320 -45.8082 5.2851 13.0278 -6.2616 0.9975
271 11 Car 0 0 0 10 10 100 100 2.0736 2.0717 4.2931 -20.6507 5.2646 51.4518 -10.8311 0.9878
271 13 Car 0 0 0 10 10 100 100 1.5783 1.6976 4.2306 30.3020 3.2308 26.3543 -9.3385 0.9895
272 3 Car 0 0 0 10 10 100 100 1.4352 1.9706 4.0193 -45.7918 5.2520 13.0279 -6.2570 0.9965
272 11 Car 0 0 0 10 10 100 100 1.9853 2.0632 4.2206 -20.6756 5.2227 51.4490 -10.8096 0.9876
272 13 Car 0 0 0 10 10 100 100 1.5902 1.6336 4.3022 29.6955 3.2757 26.3693 -9.3481 0.9956
273 3 Car 0 0 0 10 10 100 100 1.4321 1.9762 4.0023 -45.7885 5.2633 13.0564 -6.2573 0.9972
273 11 Car 0 0 0 10 10 100 100 2.0257 2.0791 4.2292 -20.6649 5.2394 51.4673 -10.8192 0.9899
273 13 Car 0 0 0 10 10 100 100 1.5870 1.6576 4.3606 29.1499 3.2722 26.4451 -9.3457 0.9810
274 3 Car 0 0 0 10 10 100 100 1.4534 1.9763 3.9638 -45.7830 5.2703 13.0274 -6.2561 0.9951
274 11 Car 0 0 0 10 10 100 100 2.0656 2.0363 4.3253 -20.6391 5.2603 51.4343 -10.8114 0.9813
274 13 Car 0 0 0 10 10 100 100 1.6032 1.6822 4.3266 28.6258 3.3207 26.5106 -9.3447 0.9515
275 3 Car 0 0 0 10 10 100 100 1.4392 1.9788 3.9131 -45.7533 5.2577 13.0380 -6.2516 0.9961
275 11 Car 0 0 0 10 10 100 100 2.0391 2.0930 4.2747 -20.6353 5.2283 51.5003 -10.7950 0.9885
275 13 Car 0 0 0 10 10 100 100 1.6125 1.6364 4.1262 28.1088 3.3255 26.5396 -9.3427 0.9885
276 3 Car 0 0 0 10 10 100 100 1.4379 1.9635 3.9550 -45.7717 5.2656 13.0232 -6.2639 0.9963
276 11 Car 0 0 0 10 10 100 100 2.0273 2.0669 4.3051 -20.6819 5.2389 51.4398 -10.8181 0.9909
276 13 Car 0 0 0 10 10 100 100 1.6155 1.7113 4.4003 27.7966 3.3542 26.5915 -9.3406 0.9813
277 3 Car 0 0 0 10 10 100 100 1.4208 1.9670 3.9613 -45.7825 5.2410 13.0315 -6.2677 0.9905
277 11 Car 0 0 0 10 10 100 100 2.0581 2.0455 4.3042 -20.6600 5.2682 51.4221 -10.8244 0.9852
277 13 Car 0 0 0 10 10 100 100 1.6038 1.6770 4.2576 27.2473 3.3318 26.6739 -9.3416 0.9881
278 3 Car 0 0 0 10 10 100 100 1.4417 2.0064 4.0323 -45.7867 5.2554 13.0400 -6.2606 0.9980
278 11 Car 0 0 0 10 10 100 100 2.0562 2.0343 4.3235 -20.6632 5.2621 51.4333 -10.8194 0.9822
278 13 Car 0 0 0 10 10 100 100 1.6209 1.6983 4.2938 26.7953 3.3482 26.7006 -9.3306 0.9885
279 3 Car 0 0 0 10 10 100 100 1.4555 1.9938 3.9911 -45.8063 5.2681 13.0448 -6.2549 0.9938
279 11 Car 0 0 0 10 10 100 100 2.0309 2.0722 4.2650 -20.6596 5.2538 51.4490 -10.8178 0.9901
279 13 Car 0 0 0 10 10 100 100 1.6070 1.6277 4.2972 26.3436 3.3550 26.6802 -9.3594 0.9897
280 3 Car 0 0 0 10 10 100 100 1.4351 1.9752 3.9984 -45.7859 5.2402 13.0350 -6.2613 0.9923
280 11 Car 0 0 0 10 10 100 100 2.0587 2.0776 4.3148 -20.6522 5.2587 51.4700 -10.8084 0.9887
280 13 Car 0 0 0 10 10 100 100 1.5860 1.7013 4.1505 25.9650 3.3711 26.7639 -9.3453 0.9728
281 3 Car 0 0 0 10 10 100 100 1.4331 1.9837 3.9473 -45.7681 5.2655 13.0455 -6.2513 0.9972
281 11 Car 0 0 0 10 10 100 100 2.1003 2.0780 4.3011 -20.6543 5.2794 51.4887 -10.8070 0.9890
281 13 Car 0 0 0 10 10 100 100 1.5801 1.6382 4.4436 25.5622 3.3526 26.7448 -9.3499 0.9900
282 3 Car 0 0 0 10 10 100 100 1.4411 1.9756 3.9809 -45.7937 5.2613 13.0254 -6.2668 0.9982
282 11 Car 0 0 0 10 10 100 100 2.1179 2.0648 4.2877 -20.6163 5.3229 51.5038 -10.8101 0.9622
282 13 Car 0 0 0 10 10 100 100 1.6050 1.7125 4.2879 25.1631 3.3737 26.8034 -9.3530 0.9817
283 3 Car 0 0 0 10 10 100 100 1.4249 1.9859 3.9845 -45.7806 5.2456 13.0246 -6.2602 0.9979
283 11 Car 0 0 0 10 10 100 100 2.1202 2.0128 4.3620 -20.6322 5.3522 51.5018 -10.8229 0.9689
283 13 Car 0 0 0 10 10 100 100 1.5901 1.6020 4.3380 24.8470 3.4258 26.7968 -9.3618 0.9711
284 3 Car 0 0 0 10 10 100 100 1.4739 1.9676 4.0150 -45.7936 5.2820 13.0343 -6.2491 0.9965
284 13 Car 0 0 0 10 10 100 100 1.6049 1.7083 4.3584 24.4085 3.4242 26.8471 -9.3569 0.9827
285 14 Car 0 0 0 10 10 100 100 1.6215 1.3960 3.1943 -4.6083 3.8804 3.3211 -6.1985 0.8343
285 3 Car 0 0 0 10 10 100 100 1.4596 1.9609 4.0311 -45.7615 5.2627 13.0278 -6.2628 0.9985
285 11 Car 0 0 0 10 10 100 100 1.8883 1.8769 4.4958 -20.6670 5.3135 51.5666 -10.8340 0.6929
285 13 Car 0 0 0 10 10 100 100 1.6494 1.6569 4.4316 24.0569 3.4556 26.8370 -9.3706 0.9925
286 3 Car 0 0 0 10 10 100 100 1.4178 1.9813 3.9604 -45.7809 5.2419 13.0520 -6.2518 0.9903
286 11 Car 0 0 0 10 10 100 100 1.9882 1.9475 4.5014 -20.6507 5.3478 51.5706 -10.7954 0.9113
286 13 Car 0 0 0 10 10 100 100 1.6394 1.6886 4.4359 23.7034 3.4527 26.8849 -9.3708 0.9853
287 3 Car 0 0 0 10 10 100 100 1.4498 1.9895 3.9958 -45.8041 5.2500 13.0363 -6.2584 0.9888
287 11 Car 0 0 0 10 10 100 100 1.9161 2.0356 4.4253 -20.6748 5.2434 51.5421 -10.7989 0.9273
287 13 Car 0 0 0 10 10 100 100 1.5829 1.6068 3.9922 23.0751 3.4113 26.8929 -9.3553 0.9876
288 3 Car 0 0 0 10 10 100 100 1.4554 1.9665 4.0114 -45.7941 5.2682 13.0320 -6.2640 0.9971
288 11 Car 0 0 0 10 10 100 100 1.9108 2.0961 4.3137 -20.6772 5.2486 51.4886 -10.7956 0.9477
288 13 Car 0 0 0 10 10 100 100 1.6117 1.6577 4.0238 22.7899 3.4353 26.9439 -9.3595 0.9870
289 3 Car 0 0 0 10 10 100 100 1.4455 1.9945 3.9228 -45.7326 5.2617 13.0382 -6.2546 0.9922
289 11 Car 0 0 0 10 10 100 100 1.9770 2.0417 4.2642 -20.6504 5.2532 51.4570 -10.8248 0.9740
289 13 Car 0 0 0 10 10 100 100 1.5903 1.6338 4.3872 22.4980 3.4554 26.9166 -9.3658 0.9865
290 3 Car 0 0 0 10 10 100 100 1.4389 1.9569 3.9970 -45.7759 5.2572 13.0202 -6.2587 0.9969
290 11 Car 0 0 0 10 10 100 100 2.0199 2.0204 4.3323 -20.6844 5.2737 51.4458 -10.8205 0.9839
290 13 Car 0 0 0 10 10 100 100 1.5608 1.6021 4.3117 22.1480 3.4743 26.9279 -9.3550 0.9913
291 3 Car 0 0 0 10 10 100 100 1.4531 1.9474 3.9529 -45.7862 5.2591 13.0152 -6.2594 0.9955
291 11 Car 0 0 0 10 10 100 100 2.0558 2.0573 4.3035 -20.6652 5.2783 51.4774 -10.8251 0.9818
291 13 Car 0 0 0 10 10 100 100 1.5567 1.5946 4.3435 21.8214 3.4868 26.9451 -9.3667 0.9928
292 3 Car 0 0 0 10 10 100 100 1.4322 1.9747 3.8098 -45.6711 5.2533 13.0385 -6.2529 0.9952
292 11 Car 0 0 0 10 10 100 100 2.0029 2.0551 4.2643 -20.6712 5.2348 51.4663 -10.8366 0.9903
292 13 Car 0 0 0 10 10 100 100 1.5590 1.5484 4.4223 21.3941 3.4958 26.9377 -9.3631 0.9925
293 3 Car 0 0 0 10 10 100 100 1.4413 1.9888 3.8846 -45.7239 5.2569 13.0492 -6.2638 0.9903
293 11 Car 0 0 0 10 10 100 100 2.0647 2.0642 4.2765 -20.6603 5.2650 51.4740 -10.8283 0.9919
293 13 Car 0 0 0 10 10 100 100 1.5672 1.5693 4.3710 20.9882 3.5063 26.9709 -9.3633 0.9936
294 3 Car 0 0 0 10 10 100 100 1.4412 2.0030 3.9833 -45.7604 5.2665 13.0412 -6.2543 0.9970
294 11 Car 0 0 0 10 10 100 100 2.0297 2.0457 4.2355 -20.6748 5.2463 51.4184 -10.8218 0.9866
294 13 Car 0 0 0 10 10 100 100 1.5829 1.6241 4.3112 20.6661 3.4918 27.0433 -9.3793 0.9899
295 3 Car 0 0 0 10 10 100 100 1.4424 1.9820 4.0247 -45.7680 5.2579 13.0277 -6.2722 0.9979
295 11 Car 0 0 0 10 10 100 100 2.0192 2.0737 4.3173 -20.6889 5.2571 51.4947 -10.8176 0.9856
295 13 Car 0 0 0 10 10 100 100 1.5562 1.6357 4.4079 20.3657 3.5397 27.0514 -9.3739 0.9968
296 3 Car 0 0 0 10 10 100 100 1.4651 2.0057 3.9868 -45.7467 5.2826 13.0580 -6.2581 0.9965
296 11 Car 0 0 0 10 10 100 100 2.0020 2.0314 4.2382 -20.6735 5.2346 51.4328 -10.8245 0.9756
296 13 Car 0 0 0 10 10 100 100 1.5552 1.5964 4.3003 19.9121 3.5377 27.0412 -9.3760 0.9970
297 3 Car 0 0 0 10 10 100 100 1.4080 1.9929 3.9733 -45.7423 5.2218 13.0394 -6.2641 0.9912
297 11 Car 0 0 0 10 10 100 100 2.0472 2.0725 4.2833 -20.6553 5.2593 51.4734 -10.8105 0.9907
297 13 Car 0 0 0 10 10 100 100 1.5468 1.6130 4.3420 19.6150 3.5514 27.0823 -9.3775 0.9974
298 3 Car 0 0 0 10 10 100 100 1.4223 1.9759 3.9390 -45.7831 5.2507 13.0333 -6.2591 0.9946
298 11 Car 0 0 0 10 10 100 100 2.0503 2.0630 4.2805 -20.6799 5.2730 51.4864 -10.8290 0.9893
298 13 Car 0 0 0 10 10 100 100 1.5886 1.5758 4.4025 19.2877 3.5754 27.0560 -9.3724 0.9963
299 3 Car 0 0 0 10 10 100 100 1.4610 2.0458 4.0089 -45.7973 5.2868 13.0478 -6.2556 0.9977
299 11 Car 0 0 0 10 10 100 100 2.0468 2.0778 4.2384 -20.6638 5.2454 51.4896 -10.8029 0.9862
299 13 Car 0 0 0 10 10 100 100 1.5146 1.5762 4.2860 18.9144 3.5522 27.0723 -9.3848 0.9901
300 3 Car 0 0 0 10 10 100 100 1.4360 1.9690 3.9790 -45.7588 5.2525 13.0187 -6.2690 0.9967
300 11 Car 0 0 0 10 10 100 100 2.0413 2.0722 4.2570 -20.6569 5.2478 51.4546 -10.8010 0.9870
300 13 Car 0 0 0 10 10 100 100 1.5552 1.6133 4.3327 18.5956 3.5743 27.0773 -9.3803 0.9961
301 3 Car 0 0 0 10 10 100 100 1.4709 2.0117 4.0181 -45.8029 5.2720 13.0287 -6.2574 0.9968
301 11 Car 0 0 0 10 10 100 100 2.0401 2.0592 4.2886 -20.6282 5.2561 51.4609 -10.7896 0.9912
301 13 Car 0 0 0 10 10 100 100 1.5536 1.5835 4.3720 18.2390 3.5919 27.0776 -9.3742 0.9862
302 3 Car 0 0 0 10 10 100 100 1.4283 1.9766 3.9499 -45.7629 5.2402 13.0369 -6.2626 0.9964
302 11 Car 0 0 0 10 10 100 100 2.0350 2.0794 4.2577 -20.6606 5.2374 51.4721 -10.8257 0.9922
302 13 Car 0 0 0 10 10 100 100 1.5773 1.6017 4.3363 17.9477 3.6081 27.1139 -9.3805 0.9932
303 3 Car 0 0 0 10 10 100 100 1.4334 1.9633 3.9679 -45.7883 5.2595 13.0461 -6.2605 0.9987
303 11 Car 0 0 0 10 10 100 100 2.0143 2.0322 4.2506 -20.6578 5.2396 51.4310 -10.8109 0.9843
303 13 Car 0 0 0 10 10 100 100 1.5633 1.5276 4.3068 17.6556 3.5970 27.1113 -9.3787 0.9865
304 3 Car 0 0 0 10 10 100 100 1.4520 1.9747 4.0028 -45.7884 5.2616 13.0167 -6.2642 0.9957
304 11 Car 0 0 0 10 10 100 100 1.9953 2.0809 4.2665 -20.6501 5.2222 51.4902 -10.7881 0.9861
304 13 Car 0 0 0 10 10 100 100 1.5604 1.5526 4.2657 17.2851 3.5847 27.1291 -9.3796 0.9965
305 3 Car 0 0 0 10 10 100 100 1.4429 1.9703 3.9143 -45.7630 5.2583 13.0337 -6.2562 0.9931
305 11 Car 0 0 0 10 10 100 100 2.0070 2.0640 4.2638 -20.6729 5.2220 51.4525 -10.8010 0.9834
305 13 Car 0 0 0 10 10 100 100 1.5829 1.5592 4.3851 16.9745 3.6112 27.1436 -9.3643 0.9870
306 3 Car 0 0 0 10 10 100 100 1.4314 1.9687 3.9678 -45.7868 5.2521 13.0408 -6.2545 0.9974
306 11 Car 0 0 0 10 10 100 100 2.0137 2.0565 4.2494 -20.6675 5.2413 51.4547 -10.8570 0.9907
306 13 Car 0 0 0 10 10 100 100 1.5814 1.5983 4.3763 16.7022 3.6234 27.1554 -9.3698 0.9928
307 3 Car 0 0 0 10 10 100 100 1.4465 1.9754 4.0118 -45.7667 5.2565 13.0245 -6.2673 0.9963
307 11 Car 0 0 0 10 10 100 100 2.0398 2.0672 4.2892 -20.6775 5.2524 51.4559 -10.8081 0.9874
307 13 Car 0 0 0 10 10 100 100 1.5613 1.6135 4.3901 16.4143 3.6379 27.1922 -9.3617 0.9886
308 3 Car 0 0 0 10 10 100 100 1.4488 2.0085 3.8254 -45.6596 5.2598 13.0293 -6.2669 0.9945
308 11 Car 0 0 0 10 10 100 100 1.9898 2.0677 4.2590 -20.6777 5.2327 51.4651 -10.8012 0.9778
308 13 Car 0 0 0 10 10 100 100 1.6102 1.5550 4.3466 16.1362 3.6745 27.1616 -9.3659 0.9958
309 3 Car 0 0 0 10 10 100 100 1.4406 1.9729 3.9142 -45.7685 5.2632 13.0370 -6.2625 0.9974
309 11 Car 0 0 0 10 10 100 100 2.0312 2.0969 4.3082 -20.6565 5.2457 51.4733 -10.7873 0.9888
309 13 Car 0 0 0 10 10 100 100 1.6464 1.6110 4.3978 15.9065 3.6993 27.2125 -9.3748 0.9914
