0 5 Car 0 0 0 10 10 100 100 1.4441 1.7872 4.7277 11.7141 3.7255 27.1160 -9.3299 0.6533
0 4 Car 0 0 0 10 10 100 100 1.5556 1.8208 4.0955 62.1358 2.2945 8.7390 -6.2415 0.8121
0 3 Car 0 0 0 10 10 100 100 1.9950 1.8776 5.1435 53.4071 2.6905 5.6690 -6.2922 0.9740
0 1 Car 0 0 0 10 10 100 100 1.5353 1.7627 4.5900 -2.8272 3.9908 24.5066 -9.3435 0.9834
0 2 Car 0 0 0 10 10 100 100 1.5786 1.8092 4.5098 4.3079 4.0090 30.9473 -9.3768 0.9768
0 0 Car 0 0 0 10 10 100 100 1.7352 1.5645 4.3871 20.7318 3.1817 22.6455 -9.3538 0.9978
1 4 Car 0 0 0 10 10 100 100 1.5719 1.8863 4.2434 63.3989 2.3097 8.7447 -6.2697 0.8200
1 3 Car 0 0 0 10 10 100 100 1.9667 1.8947 4.6407 54.1707 2.6282 5.6542 -6.2848 0.9862
1 1 Car 0 0 0 10 10 100 100 1.5082 1.8544 4.7023 -3.3689 3.9646 24.6354 -9.3598 0.9646
1 2 Car 0 0 0 10 10 100 100 1.5966 1.7999 4.6936 4.0638 4.0466 30.9619 -9.3853 0.9697
1 0 Car 0 0 0 10 10 100 100 1.7213 1.5645 4.3713 20.7139 3.1736 22.6383 -9.3514 0.9976
2 4 Car 0 0 0 10 10 100 100 1.5738 1.8051 4.2257 64.6981 2.2038 8.5151 -6.1839 0.8768
2 3 Car 0 0 0 10 10 100 100 1.9208 1.7125 4.3272 55.1324 2.6037 5.5875 -6.2849 0.8706
2 1 Car 0 0 0 10 10 100 100 1.4880 1.7518 4.5773 -3.9295 3.9865 24.6531 -9.3550 0.9779
2 2 Car 0 0 0 10 10 100 100 1.5871 1.7320 4.6892 3.8090 4.0527 30.9422 -9.3806 0.9756
2 0 Car 0 0 0 10 10 100 100 1.7217 1.5614 4.3587 20.7168 3.1717 22.6368 -9.3505 0.9978
3 4 Car 0 0 0 10 10 100 100 1.5954 1.8468 4.2444 65.9125 2.2525 8.4661 -6.2139 0.7550
3 3 Car 0 0 0 10 10 100 100 1.8763 1.8299 4.9256 56.3748 2.4965 5.5750 -6.2920 0.9144
3 1 Car 0 0 0 10 10 100 100 1.5598 1.8364 4.7856 -4.7303 4.1181 24.7352 -9.3514 0.9760
3 2 Car 0 0 0 10 10 100 100 1.6062 1.8439 4.6430 3.5258 4.0573 31.0402 -9.3850 0.9880
3 6 Car 0 0 0 10 10 100 100 1.4676 1.7660 4.3709 11.2071 3.7497 27.0766 -9.3101 0.7410
3 0 Car 0 0 0 10 10 100 100 1.7184 1.5570 4.3365 20.7137 3.1713 22.6419 -9.3587 0.9976
4 3 Car 0 0 0 10 10 100 100 2.1111 1.7827 4.5130 57.1858 2.5910 5.5967 -6.3065 0.9410
4 1 Car 0 0 0 10 10 100 100 1.5687 1.7970 4.8422 -5.4685 4.1063 24.7904 -9.3540 0.9808
4 2 Car 0 0 0 10 10 100 100 1.5984 1.7694 4.5775 3.1440 4.0953 31.0559 -9.3850 0.9941
4 6 Car 0 0 0 10 10 100 100 1.4699 1.8596 4.3435 11.1280 3.7539 27.1394 -9.3389 0.8749
4 0 Car 0 0 0 10 10 100 100 1.7442 1.5578 4.3742 20.7064 3.1936 22.6400 -9.3476 0.9977
5 4 Car 0 0 0 10 10 100 100 1.6041 1.7613 4.1890 68.3874 2.1879 8.6565 -6.3373 0.8408
5 3 Car 0 0 0 10 10 100 100 2.0011 1.7481 4.1696 58.1861 2.5354 5.4996 -6.2612 0.9627
5 1 Car 0 0 0 10 10 100 100 1.5281 1.7686 4.6859 -6.2491 4.1003 24.8112 -9.3718 0.9528
5 2 Car 0 0 0 10 10 100 100 1.6194 1.7564 4.6517 2.8687 4.1107 31.0621 -9.3909 0.9916
5 6 Car 0 0 0 10 10 100 100 1.5091 1.9333 4.5180 11.0723 3.7615 27.1519 -9.3392 0.9047
5 0 Car 0 0 0 10 10 100 100 1.7432 1.5282 4.3517 20.7071 3.1959 22.6297 -9.3522 0.9988
6 3 Car 0 0 0 10 10 100 100 1.9925 1.6898 4.5181 59.2818 2.4860 5.5341 -6.2735 0.8042
6 1 Car 0 0 0 10 10 100 100 1.4939 1.8153 4.6477 -7.0913 4.1132 24.8803 -9.3655 0.9724
6 2 Car 0 0 0 10 10 100 100 1.6529 1.8468 4.6005 2.5426 4.1416 31.0992 -9.4037 0.9884
6 6 Car 0 0 0 10 10 100 100 1.5071 1.7982 4.5724 10.9575 3.7425 27.1460 -9.3410 0.9172
6 0 Car 0 0 0 10 10 100 100 1.7383 1.5632 4.4262 20.6960 3.1787 22.6318 -9.3489 0.9988
7 3 Car 0 0 0 10 10 100 100 2.0315 1.7940 4.4684 60.3846 2.4564 5.4876 -6.2954 0.7002
7 1 Car 0 0 0 10 10 100 100 1.4986 1.7997 4.7834 -7.8747 4.1317 24.9143 -9.3603 0.9789
7 2 Car 0 0 0 10 10 100 100 1.6103 1.7696 4.5058 2.0834 4.1432 31.0775 -9.3867 0.9914
7 6 Car 0 0 0 10 10 100 100 1.5032 1.9437 4.6417 10.7843 3.7555 27.1831 -9.3413 0.9275
7 0 Car 0 0 0 10 10 100 100 1.7423 1.5412 4.4022 20.6843 3.1912 22.6269 -9.3521 0.9991
8 3 Car 0 0 0 10 10 100 100 2.0716 1.8541 4.6010 61.4954 2.4785 5.4751 -6.2898 0.8146
8 1 Car 0 0 0 10 10 100 100 1.5104 1.8247 4.6450 -8.6502 4.1502 24.9814 -9.3544 0.9667
8 2 Car 0 0 0 10 10 100 100 1.6043 1.8279 4.4968 1.7627 4.1445 31.0981 -9.3890 0.9916
8 6 Car 0 0 0 10 10 100 100 1.5337 1.8685 4.5806 10.5555 3.7701 27.1962 -9.3367 0.8424
8 0 Car 0 0 0 10 10 100 100 1.7390 1.5661 4.4115 20.6735 3.1706 22.6394 -9.3503 0.9987
9 1 Car 0 0 0 10 10 100 100 1.5704 1.8158 4.5140 -9.4143 4.2244 25.0321 -9.3624 0.9741
9 2 Car 0 0 0 10 10 100 100 1.5773 1.7058 4.4653 1.3453 4.1040 31.1075 -9.3843 0.9904
9 6 Car 0 0 0 10 10 100 100 1.4940 1.8247 4.1132 10.0733 3.7693 27.1950 -9.3378 0.9609
9 0 Car 0 0 0 10 10 100 100 1.7333 1.5803 4.4572 20.6896 3.1716 22.6394 -9.3557 0.9986
10 1 Car 0 0 0 10 10 100 100 1.6160 1.9006 4.9236 -10.5026 4.2935 25.1391 -9.3692 0.9677
10 2 Car 0 0 0 10 10 100 100 1.5623 1.7452 4.6830 0.9772 4.1278 31.1113 -9.3855 0.9955
10 6 Car 0 0 0 10 10 100 100 1.4793 1.8281 4.2267 9.8674 3.7710 27.1912 -9.3419 0.9822
10 0 Car 0 0 0 10 10 100 100 1.7347 1.5630 4.4053 20.6671 3.1801 22.6253 -9.3610 0.9995
11 1 Car 0 0 0 10 10 100 100 1.5785 1.7949 4.8155 -11.4165 4.3234 25.2133 -9.3569 0.9778
11 2 Car 0 0 0 10 10 100 100 1.6054 1.7947 4.8071 0.4811 4.1556 31.1512 -9.3869 0.9845
11 6 Car 0 0 0 10 10 100 100 1.5266 1.9435 4.5175 9.7537 3.8023 27.2253 -9.3545 0.9744
11 0 Car 0 0 0 10 10 100 100 1.7270 1.5587 4.4380 20.6750 3.1710 22.6301 -9.3533 0.9982
12 1 Car 0 0 0 10 10 100 100 1.5463 1.8421 4.9128 -12.3163 4.3187 25.2699 -9.3583 0.9691
12 2 Car 0 0 0 10 10 100 100 1.5966 1.7975 4.7326 0.0883 4.1437 31.1742 -9.3837 0.9878
12 6 Car 0 0 0 10 10 100 100 1.5259 1.8622 4.5331 9.5068 3.7905 27.2119 -9.3604 0.9837
12 0 Car 0 0 0 10 10 100 100 1.7395 1.5518 4.4484 20.6909 3.1697 22.6274 -9.3562 0.9980
13 1 Car 0 0 0 10 10 100 100 1.5896 1.8321 4.8288 -13.2795 4.3788 25.3140 -9.3697 0.9575
13 2 Car 0 0 0 10 10 100 100 1.5375 1.7286 4.8532 -0.3465 4.1210 31.1672 -9.3806 0.9719
13 6 Car 0 0 0 10 10 100 100 1.5079 1.8631 4.7336 9.3287 3.7898 27.2496 -9.3598 0.9925
13 0 Car 0 0 0 10 10 100 100 1.7512 1.5806 4.4762 20.7037 3.1950 22.6424 -9.3578 0.9980
14 1 Car 0 0 0 10 10 100 100 1.5700 1.8403 4.8498 -14.2758 4.3785 25.4571 -9.3737 0.9807
14 2 Car 0 0 0 10 10 100 100 1.5798 1.7735 4.6848 -0.7443 4.1488 31.2150 -9.3869 0.9948
14 6 Car 0 0 0 10 10 100 100 1.5212 1.8503 4.7673 9.0838 3.8134 27.2842 -9.3705 0.9947
14 0 Car 0 0 0 10 10 100 100 1.7342 1.5505 4.4039 20.6788 3.1689 22.6293 -9.3470 0.9992
15 1 Car 0 0 0 10 10 100 100 1.5813 1.8852 4.7994 -15.2680 4.4094 25.4984 -9.3519 0.9586
15 2 Car 0 0 0 10 10 100 100 1.5556 1.8373 4.7046 -1.2808 4.1400 31.2221 -9.3911 0.9830
15 6 Car 0 0 0 10 10 100 100 1.5250 1.8822 4.5173 8.6971 3.8208 27.2810 -9.3693 0.9651
15 0 Car 0 0 0 10 10 100 100 1.7275 1.5449 4.4040 20.6740 3.1682 22.6224 -9.3576 0.9986
16 1 Car 0 0 0 10 10 100 100 1.5320 1.7115 4.7997 -16.2650 4.4172 25.5283 -9.3548 0.9928
16 2 Car 0 0 0 10 10 100 100 1.5866 1.7757 4.4647 -1.8923 4.1895 31.2258 -9.3700 0.9799
16 6 Car 0 0 0 10 10 100 100 1.4584 1.8418 4.6098 8.3465 3.8097 27.2912 -9.3680 0.9762
16 0 Car 0 0 0 10 10 100 100 1.7505 1.5621 4.4205 20.6801 3.1811 22.6284 -9.3701 0.9977
17 1 Car 0 0 0 10 10 100 100 1.5827 1.8962 4.9520 -17.2682 4.4716 25.6372 -9.3657 0.9563
17 2 Car 0 0 0 10 10 100 100 1.6303 1.8061 4.6012 -2.2340 4.2257 31.2512 -9.3848 0.9884
17 6 Car 0 0 0 10 10 100 100 1.4839 1.8924 4.6329 7.9462 3.8231 27.3361 -9.3653 0.9877
17 0 Car 0 0 0 10 10 100 100 1.7300 1.5457 4.3426 20.6430 3.1811 22.6239 -9.3535 0.9985
18 1 Car 0 0 0 10 10 100 100 1.5847 1.7890 4.8285 -18.3469 4.5086 25.6840 -9.3707 0.9610
18 2 Car 0 0 0 10 10 100 100 1.5962 1.7978 4.3811 -2.7974 4.2237 31.2843 -9.3688 0.9604
18 6 Car 0 0 0 10 10 100 100 1.4920 1.9129 4.7829 7.6346 3.8319 27.3791 -9.3664 0.9823
18 0 Car 0 0 0 10 10 100 100 1.7546 1.5631 4.3722 20.6127 3.1807 22.6265 -9.3614 0.9983
19 1 Car 0 0 0 10 10 100 100 1.5985 1.7627 4.8500 -19.4720 4.5593 25.7661 -9.3680 0.9865
19 2 Car 0 0 0 10 10 100 100 1.6433 1.8205 4.6952 -3.1426 4.2089 31.3464 -9.3585 0.9644
19 6 Car 0 0 0 10 10 100 100 1.4871 1.9014 4.7231 7.2159 3.8512 27.4518 -9.3655 0.9572
19 0 Car 0 0 0 10 10 100 100 1.7622 1.5495 4.3397 20.6331 3.1916 22.6203 -9.3623 0.9987
20 1 Car 0 0 0 10 10 100 100 1.5781 1.7788 4.7947 -20.5209 4.5541 25.8322 -9.3637 0.9891
20 2 Car 0 0 0 10 10 100 100 1.6796 1.8727 4.5539 -3.6881 4.2370 31.4183 -9.3870 0.9507
20 6 Car 0 0 0 10 10 100 100 1.4821 1.9600 4.8536 6.8797 3.8528 27.4293 -9.3526 0.9864
20 0 Car 0 0 0 10 10 100 100 1.7646 1.5485 4.3697 20.6019 3.1922 22.6265 -9.3675 0.9982
21 1 Car 0 0 0 10 10 100 100 1.5828 1.7696 4.8221 -21.6598 4.5888 25.8845 -9.3579 0.9916
21 2 Car 0 0 0 10 10 100 100 1.5741 1.7135 4.5086 -4.0960 4.2473 31.3568 -9.3883 0.9846
21 6 Car 0 0 0 10 10 100 100 1.4979 1.9256 4.9872 6.4476 3.8761 27.4471 -9.3699 0.9496
21 0 Car 0 0 0 10 10 100 100 1.7474 1.5406 4.3452 20.5828 3.1824 22.6263 -9.3649 0.9987
22 1 Car 0 0 0 10 10 100 100 1.6070 1.7990 4.8114 -22.7785 4.6348 25.9800 -9.3550 0.9844
22 2 Car 0 0 0 10 10 100 100 1.5445 1.7338 4.4382 -4.5557 4.2495 31.3443 -9.3902 0.9936
22 6 Car 0 0 0 10 10 100 100 1.4721 1.8181 4.7369 5.9493 3.8790 27.4114 -9.3698 0.9362
22 0 Car 0 0 0 10 10 100 100 1.7546 1.5367 4.3895 20.5607 3.1797 22.6244 -9.3583 0.9979
23 1 Car 0 0 0 10 10 100 100 1.5428 1.7732 4.7302 -23.9179 4.6277 26.0349 -9.3695 0.9839
23 2 Car 0 0 0 10 10 100 100 1.5676 1.7758 4.5729 -5.0564 4.2749 31.3739 -9.4076 0.9949
23 6 Car 0 0 0 10 10 100 100 1.4680 1.8154 4.6214 5.4300 3.8880 27.4649 -9.3739 0.9153
23 0 Car 0 0 0 10 10 100 100 1.7475 1.5197 4.4114 20.5362 3.1782 22.6306 -9.3600 0.9993
24 1 Car 0 0 0 10 10 100 100 1.5936 1.7810 4.7314 -25.1029 4.6619 26.1104 -9.3767 0.9916
24 2 Car 0 0 0 10 10 100 100 1.5701 1.8175 4.6890 -5.5211 4.2908 31.4086 -9.4165 0.9819
24 6 Car 0 0 0 10 10 100 100 1.4800 1.7615 4.8011 5.0152 3.9153 27.4421 -9.3533 0.9181
24 0 Car 0 0 0 10 10 100 100 1.7565 1.5619 4.3639 20.4408 3.2062 22.6333 -9.3722 0.9984
25 1 Car 0 0 0 10 10 100 100 1.5660 1.7272 4.6946 -26.2916 4.6623 26.1294 -9.3709 0.9903
25 2 Car 0 0 0 10 10 100 100 1.5822 1.7984 4.7142 -6.0581 4.3130 31.4136 -9.4068 0.9911
25 6 Car 0 0 0 10 10 100 100 1.4724 1.8052 4.8412 4.4701 3.9309 27.4869 -9.3644 0.9254
25 0 Car 0 0 0 10 10 100 100 1.7628 1.5232 4.3631 20.3894 3.1976 22.6236 -9.3666 0.9979
26 1 Car 0 0 0 10 10 100 100 1.5622 1.7673 4.5096 -27.4787 4.6907 26.2318 -9.3692 0.9632
26 2 Car 0 0 0 10 10 100 100 1.5779 1.8943 4.7156 -6.5105 4.3228 31.4355 -9.4127 0.9895
26 6 Car 0 0 0 10 10 100 100 1.5075 1.8780 4.8139 3.8447 3.9743 27.5327 -9.3776 0.9463
26 0 Car 0 0 0 10 10 100 100 1.7445 1.5759 4.4053 20.3421 3.1809 22.6450 -9.3671 0.9989
27 1 Car 0 0 0 10 10 100 100 1.6538 1.8162 4.6700 -28.6392 4.7514 26.3354 -9.3539 0.9734
27 2 Car 0 0 0 10 10 100 100 1.6042 1.8412 4.7331 -7.0141 4.3285 31.4325 -9.4172 0.9614
27 6 Car 0 0 0 10 10 100 100 1.5166 1.8356 4.9212 3.3323 3.9823 27.5583 -9.3714 0.9658
27 0 Car 0 0 0 10 10 100 100 1.7880 1.5415 4.3579 20.2702 3.2178 22.6455 -9.3669 0.9990
28 1 Car 0 0 0 10 10 100 100 1.6094 1.7285 4.5838 -29.8370 4.7779 26.3713 -9.3624 0.9626
28 2 Car 0 0 0 10 10 100 100 1.6497 1.8518 4.7401 -7.4679 4.3672 31.4307 -9.4229 0.9405
28 6 Car 0 0 0 10 10 100 100 1.5213 1.8953 5.0006 2.7281 4.0108 27.6284 -9.3785 0.9656
28 0 Car 0 0 0 10 10 100 100 1.7887 1.5375 4.3481 20.1711 3.2228 22.6473 -9.3631 0.9989
29 1 Car 0 0 0 10 10 100 100 1.5854 1.8020 4.5704 -31.0600 4.7536 26.4292 -9.3601 0.9695
29 2 Car 0 0 0 10 10 100 100 1.5354 1.7209 4.6425 -7.9313 4.3315 31.4100 -9.4092 0.9755
29 6 Car 0 0 0 10 10 100 100 1.5395 1.8590 4.9370 2.1350 4.0411 27.6281 -9.3767 0.9471
29 0 Car 0 0 0 10 10 100 100 1.7994 1.5548 4.4366 20.0840 3.2377 22.6636 -9.3721 0.9988
30 1 Car 0 0 0 10 10 100 100 1.5581 1.8264 4.3007 -32.2770 4.7975 26.5201 -9.3807 0.9608
30 2 Car 0 0 0 10 10 100 100 1.5553 1.7758 4.6708 -8.3895 4.3654 31.4392 -9.4037 0.9676
30 6 Car 0 0 0 10 10 100 100 1.5302 1.8915 4.7442 1.3076 4.0304 27.6606 -9.3843 0.9646
30 0 Car 0 0 0 10 10 100 100 1.7857 1.5428 4.3847 19.9437 3.2252 22.6664 -9.3662 0.9991
31 1 Car 0 0 0 10 10 100 100 1.5241 1.7412 4.7757 -33.7004 4.8435 26.5485 -9.3759 0.9661
31 2 Car 0 0 0 10 10 100 100 1.5508 1.7791 4.7205 -8.8911 4.3612 31.4327 -9.4236 0.9620
31 6 Car 0 0 0 10 10 100 100 1.5218 1.9085 4.8258 0.6016 4.0726 27.7349 -9.3697 0.9641
31 0 Car 0 0 0 10 10 100 100 1.7827 1.5821 4.4968 19.8222 3.2214 22.6917 -9.3685 0.9976
32 1 Car 0 0 0 10 10 100 100 1.5747 1.7909 4.6528 -34.9250 4.9112 26.5913 -9.4026 0.9524
32 2 Car 0 0 0 10 10 100 100 1.5524 1.8192 4.6422 -9.3935 4.3605 31.4657 -9.4207 0.9717
32 6 Car 0 0 0 10 10 100 100 1.4966 2.0329 4.8932 0.0888 4.0561 27.8604 -9.3753 0.9915
32 0 Car 0 0 0 10 10 100 100 1.7799 1.5475 4.3802 19.6740 3.2287 22.6845 -9.3680 0.9993
33 1 Car 0 0 0 10 10 100 100 1.5600 1.7812 4.4651 -36.2667 4.9242 26.6885 -9.4154 0.9599
33 2 Car 0 0 0 10 10 100 100 1.5295 1.7943 4.4644 -9.8337 4.3687 31.4488 -9.4266 0.9635
33 6 Car 0 0 0 10 10 100 100 1.5306 1.8982 5.0060 -0.5973 4.0990 27.7530 -9.3687 0.9476
33 0 Car 0 0 0 10 10 100 100 1.7769 1.5416 4.3416 19.4896 3.2301 22.6962 -9.3756 0.9993
34 1 Car 0 0 0 10 10 100 100 1.5759 1.7883 4.8508 -37.7371 4.9707 26.7483 -9.3889 0.9575
34 2 Car 0 0 0 10 10 100 100 1.5599 1.7476 4.4367 -10.3180 4.4076 31.4498 -9.4280 0.9864
34 6 Car 0 0 0 10 10 100 100 1.5088 2.0435 4.7672 -1.3223 4.0839 27.8590 -9.3927 0.9611
34 0 Car 0 0 0 10 10 100 100 1.7774 1.5707 4.4093 19.3748 3.2312 22.7116 -9.3766 0.9977
35 1 Car 0 0 0 10 10 100 100 1.5366 1.7627 4.5979 -39.0055 5.0131 26.8196 -9.4040 0.9779
35 2 Car 0 0 0 10 10 100 100 1.5866 1.7571 4.6276 -11.0347 4.4646 31.4737 -9.4225 0.9886
35 6 Car 0 0 0 10 10 100 100 1.5250 1.9133 4.7363 -2.0250 4.1103 27.8602 -9.3986 0.9449
35 0 Car 0 0 0 10 10 100 100 1.7883 1.5510 4.2226 19.0350 3.2634 22.7148 -9.3682 0.9989
36 1 Car 0 0 0 10 10 100 100 1.4295 1.7759 4.3955 -40.2839 5.0731 26.8577 -9.4083 0.9757
36 2 Car 0 0 0 10 10 100 100 1.6104 1.8484 4.7037 -11.6559 4.4914 31.5264 -9.4266 0.9813
36 6 Car 0 0 0 10 10 100 100 1.5139 1.8333 4.5287 -2.8342 4.1314 27.8733 -9.3870 0.9771
36 0 Car 0 0 0 10 10 100 100 1.7685 1.5471 4.3079 18.9186 3.2312 22.7178 -9.3734 0.9981
37 1 Car 0 0 0 10 10 100 100 1.6089 1.8019 4.5014 -41.7592 5.1116 26.9047 -9.4189 0.9352
37 2 Car 0 0 0 10 10 100 100 1.6072 1.9114 4.6466 -12.2254 4.5008 31.5269 -9.4437 0.9749
37 6 Car 0 0 0 10 10 100 100 1.4871 1.8496 4.7462 -3.4001 4.1418 27.9214 -9.3908 0.9737
37 0 Car 0 0 0 10 10 100 100 1.7666 1.5530 4.3606 18.6930 3.2446 22.7323 -9.3832 0.9985
38 1 Car 0 0 0 10 10 100 100 1.6176 1.7541 4.3849 -43.0567 5.1935 26.9319 -9.3983 0.9346
38 2 Car 0 0 0 10 10 100 100 1.6011 1.8609 4.7614 -12.8753 4.5129 31.5203 -9.4254 0.9780
38 6 Car 0 0 0 10 10 100 100 1.4740 1.9038 4.5956 -4.0731 4.1407 27.9485 -9.3956 0.9646
38 0 Car 0 0 0 10 10 100 100 1.8048 1.5479 4.4080 18.4499 3.2940 22.7574 -9.3780 0.9991
39 1 Car 0 0 0 10 10 100 100 1.5878 1.7444 4.6323 -44.5810 5.2404 26.9645 -9.4139 0.9702
39 2 Car 0 0 0 10 10 100 100 1.6117 1.7713 4.6840 -13.4523 4.5313 31.4660 -9.4242 0.9829
39 6 Car 0 0 0 10 10 100 100 1.5011 1.8696 4.8508 -4.9414 4.1908 27.9645 -9.3904 0.9762
39 0 Car 0 0 0 10 10 100 100 1.7836 1.5738 4.3993 18.1951 3.2850 22.7913 -9.3761 0.9990
40 1 Car 0 0 0 10 10 100 100 1.5235 1.8275 4.5506 -46.0798 5.1454 27.0513 -9.4084 0.8962
40 2 Car 0 0 0 10 10 100 100 1.5832 1.8218 4.7042 -13.9949 4.5450 31.4557 -9.4278 0.9715
40 6 Car 0 0 0 10 10 100 100 1.5101 1.8728 4.8399 -5.6862 4.2059 28.0472 -9.3923 0.9707
40 0 Car 0 0 0 10 10 100 100 1.7798 1.5653 4.4045 17.8993 3.2823 22.7825 -9.3768 0.9990
41 1 Car 0 0 0 10 10 100 100 1.5757 1.8393 4.6713 -47.5198 5.2366 27.0929 -9.4377 0.8581
41 2 Car 0 0 0 10 10 100 100 1.5970 1.7546 4.6879 -14.6080 4.5667 31.4437 -9.4431 0.9747
41 6 Car 0 0 0 10 10 100 100 1.5089 1.9546 4.9761 -6.5220 4.2362 28.0664 -9.3911 0.9743
41 0 Car 0 0 0 10 10 100 100 1.7981 1.5780 4.4070 17.6356 3.3086 22.7911 -9.3895 0.9977
42 1 Car 0 0 0 10 10 100 100 1.5221 1.7576 3.9272 -48.6173 5.2987 27.0930 -9.4231 0.8840
42 2 Car 0 0 0 10 10 100 100 1.5972 1.7108 4.6868 -15.3038 4.5830 31.4558 -9.4261 0.9931
42 6 Car 0 0 0 10 10 100 100 1.4988 1.8684 4.8391 -7.2845 4.2505 28.0639 -9.3969 0.9745
42 0 Car 0 0 0 10 10 100 100 1.7660 1.5258 4.3626 17.2894 3.2791 22.8117 -9.3748 0.9986
43 1 Car 0 0 0 10 10 100 100 1.6252 1.7462 4.3812 -50.2109 5.4123 27.0426 -9.4515 0.7707
43 2 Car 0 0 0 10 10 100 100 1.5663 1.7735 4.6859 -15.9345 4.5835 31.4870 -9.4202 0.9900
43 6 Car 0 0 0 10 10 100 100 1.4999 1.8578 4.8028 -8.1006 4.2665 28.0944 -9.4033 0.9703
43 0 Car 0 0 0 10 10 100 100 1.7509 1.5413 4.3630 16.9824 3.2877 22.8169 -9.3824 0.9956
44 1 Car 0 0 0 10 10 100 100 1.6576 1.8094 4.6258 -51.8326 5.4154 27.0924 -9.4381 0.6901
44 2 Car 0 0 0 10 10 100 100 1.5597 1.8239 4.7043 -16.7033 4.5938 31.4963 -9.4313 0.9885
44 6 Car 0 0 0 10 10 100 100 1.5160 1.8594 4.6547 -8.8760 4.2961 28.1265 -9.4013 0.9688
44 0 Car 0 0 0 10 10 100 100 1.7613 1.5682 4.4497 16.6621 3.3119 22.8453 -9.3882 0.9949
45 1 Car 0 0 0 10 10 100 100 1.6297 1.7714 4.7768 -53.5933 5.3852 27.0853 -9.4360 0.7070
45 2 Car 0 0 0 10 10 100 100 1.5755 1.7749 4.7184 -17.3727 4.6114 31.4512 -9.4252 0.9853
45 6 Car 0 0 0 10 10 100 100 1.5259 1.8355 4.7896 -9.7638 4.3440 28.1466 -9.4113 0.9842
45 0 Car 0 0 0 10 10 100 100 1.7824 1.5667 4.4136 16.2984 3.3604 22.8866 -9.3763 0.9987
46 1 Car 0 0 0 10 10 100 100 1.7198 1.7541 4.3551 -54.8765 5.5375 27.2276 -9.4362 0.7743
46 2 Car 0 0 0 10 10 100 100 1.5345 1.7417 4.7049 -18.0172 4.6257 31.4585 -9.4367 0.9777
46 6 Car 0 0 0 10 10 100 100 1.5764 1.9463 4.9114 -10.6825 4.4040 28.1873 -9.4137 0.9863
46 0 Car 0 0 0 10 10 100 100 1.7399 1.5768 4.4753 15.9391 3.3286 22.8907 -9.3845 0.9957
47 1 Car 0 0 0 10 10 100 100 1.6970 1.8029 4.5339 -56.4091 5.5624 27.3139 -9.3829 0.8087
47 2 Car 0 0 0 10 10 100 100 1.6434 1.7229 4.6997 -18.7384 4.7040 31.4907 -9.4242 0.9848
47 6 Car 0 0 0 10 10 100 100 1.5228 1.8249 4.8306 -11.5952 4.3748 28.1454 -9.4203 0.9612
47 0 Car 0 0 0 10 10 100 100 1.7715 1.5445 4.4372 15.5236 3.3505 22.8898 -9.3848 0.9981
48 1 Car 0 0 0 10 10 100 100 1.7507 1.7823 4.4426 -57.9240 5.6483 27.2544 -9.4163 0.7951
48 2 Car 0 0 0 10 10 100 100 1.6575 1.7491 4.7896 -19.4538 4.7283 31.5025 -9.4345 0.9875
48 6 Car 0 0 0 10 10 100 100 1.5553 1.8193 4.8193 -12.4246 4.4370 28.1130 -9.4371 0.9817
48 0 Car 0 0 0 10 10 100 100 1.7628 1.5820 4.4554 15.1401 3.3622 22.9504 -9.3854 0.9881
49 1 Car 0 0 0 10 10 100 100 1.5930 1.7934 4.2491 -59.4060 5.5972 27.2283 -9.3997 0.6413
49 2 Car 0 0 0 10 10 100 100 1.6250 1.8241 4.7885 -20.2364 4.7295 31.5135 -9.4609 0.9788
49 6 Car 0 0 0 10 10 100 100 1.5356 1.8593 4.7281 -13.2833 4.4465 28.1144 -9.4408 0.9640
49 0 Car 0 0 0 10 10 100 100 1.7516 1.5754 4.4496 14.6486 3.3966 22.9503 -9.3734 0.9953
50 2 Car 0 0 0 10 10 100 100 1.6007 1.8600 4.7094 -20.9995 4.7279 31.4936 -9.4546 0.9881
50 6 Car 0 0 0 10 10 100 100 1.5922 1.9690 4.9607 -14.3030 4.5143 28.1524 -9.4398 0.9777
50 0 Car 0 0 0 10 10 100 100 1.7674 1.5914 4.4281 14.1968 3.4155 23.0344 -9.3866 0.9984
51 2 Car 0 0 0 10 10 100 100 1.5937 1.8030 4.7168 -21.7041 4.7261 31.4123 -9.4434 0.9635
51 6 Car 0 0 0 10 10 100 100 1.5308 1.9192 4.8712 -15.3065 4.5051 28.1198 -9.4560 0.9750
51 0 Car 0 0 0 10 10 100 100 1.7326 1.5519 4.3898 13.7689 3.4054 23.0379 -9.3733 0.9751
52 2 Car 0 0 0 10 10 100 100 1.6035 1.7914 4.7721 -22.5072 4.7521 31.4588 -9.4256 0.9876
52 6 Car 0 0 0 10 10 100 100 1.5359 1.7985 4.8000 -16.1372 4.5449 28.0483 -9.4567 0.9790
52 0 Car 0 0 0 10 10 100 100 1.7244 1.5896 4.4980 13.3211 3.3968 23.0743 -9.3795 0.9924
53 2 Car 0 0 0 10 10 100 100 1.5988 1.7720 4.7228 -23.2667 4.7849 31.4390 -9.4529 0.9906
53 6 Car 0 0 0 10 10 100 100 1.5218 1.8093 4.9235 -17.1942 4.5485 28.0107 -9.4672 0.9874
53 0 Car 0 0 0 10 10 100 100 1.7373 1.5523 4.5163 12.8681 3.4037 23.0788 -9.3822 0.9976
54 2 Car 0 0 0 10 10 100 100 1.5793 1.8152 4.7896 -23.9404 4.8121 31.4532 -9.4528 0.9613
54 6 Car 0 0 0 10 10 100 100 1.4836 1.7986 4.8320 -18.1419 4.5519 27.9254 -9.4836 0.9899
54 0 Car 0 0 0 10 10 100 100 1.7236 1.5842 4.4195 12.3813 3.3651 23.1077 -9.3890 0.9966
55 2 Car 0 0 0 10 10 100 100 1.5579 1.8024 4.7192 -24.7261 4.8163 31.3945 -9.4448 0.9566
55 6 Car 0 0 0 10 10 100 100 1.5052 1.7953 4.8193 -19.1583 4.5745 27.9204 -9.4721 0.9749
55 0 Car 0 0 0 10 10 100 100 1.7610 1.6384 4.4331 11.8892 3.4070 23.1527 -9.3801 0.9921
56 2 Car 0 0 0 10 10 100 100 1.6118 1.7902 4.4923 -25.5598 4.8306 31.4437 -9.4280 0.9869
56 6 Car 0 0 0 10 10 100 100 1.5392 1.8286 4.8947 -20.2040 4.6366 27.8622 -9.4839 0.9872
56 0 Car 0 0 0 10 10 100 100 1.7328 1.6292 4.5532 11.3398 3.4310 23.1746 -9.3839 0.9934
57 2 Car 0 0 0 10 10 100 100 1.6190 1.7387 4.4155 -26.4561 4.8686 31.4086 -9.4279 0.9754
57 6 Car 0 0 0 10 10 100 100 1.5253 1.8306 4.7470 -21.2300 4.6509 27.8175 -9.4632 0.9484
57 0 Car 0 0 0 10 10 100 100 1.7342 1.6362 4.6391 10.7787 3.4275 23.2066 -9.3826 0.9853
58 2 Car 0 0 0 10 10 100 100 1.6269 1.8137 4.5657 -27.1524 4.8768 31.4441 -9.4231 0.9708
58 6 Car 0 0 0 10 10 100 100 1.5140 1.7870 4.8316 -22.2820 4.6695 27.7070 -9.4788 0.9769
58 0 Car 0 0 0 10 10 100 100 1.7243 1.6334 4.7358 10.1977 3.4160 23.2070 -9.3804 0.9967
59 2 Car 0 0 0 10 10 100 100 1.6368 1.7524 4.4986 -28.0531 4.9172 31.4853 -9.4334 0.9609
59 6 Car 0 0 0 10 10 100 100 1.4702 1.7947 4.7272 -23.3524 4.6573 27.6719 -9.4859 0.9903
59 0 Car 0 0 0 10 10 100 100 1.7163 1.7306 4.9734 9.4980 3.4546 23.2587 -9.3859 0.9987
60 2 Car 0 0 0 10 10 100 100 1.6062 1.7749 4.4626 -28.8721 4.9233 31.5005 -9.4094 0.9405
60 6 Car 0 0 0 10 10 100 100 1.4929 1.7455 4.8082 -24.3727 4.6928 27.6056 -9.4715 0.9900
60 0 Car 0 0 0 10 10 100 100 1.7399 1.7143 4.9936 8.9417 3.4814 23.3106 -9.3881 0.9971
61 2 Car 0 0 0 10 10 100 100 1.5719 1.7080 4.5620 -29.6752 4.9107 31.5050 -9.4151 0.9556
61 6 Car 0 0 0 10 10 100 100 1.4869 1.7514 4.7148 -25.4926 4.6950 27.5313 -9.4637 0.9826
61 0 Car 0 0 0 10 10 100 100 1.7542 1.6835 4.8585 8.3818 3.5193 23.3065 -9.3847 0.9917
62 2 Car 0 0 0 10 10 100 100 1.5767 1.8438 4.5999 -30.4778 4.9651 31.5535 -9.4084 0.9516
62 6 Car 0 0 0 10 10 100 100 1.4949 1.7680 4.6560 -26.6001 4.7413 27.5194 -9.4674 0.9853
62 0 Car 0 0 0 10 10 100 100 1.7732 1.6766 4.9632 7.7262 3.5818 23.3428 -9.3888 0.9969
63 2 Car 0 0 0 10 10 100 100 1.6577 1.7778 4.6235 -31.3015 5.0122 31.5275 -9.4105 0.9682
63 6 Car 0 0 0 10 10 100 100 1.5236 1.7877 4.8276 -27.6945 4.7635 27.4295 -9.4664 0.9786
63 0 Car 0 0 0 10 10 100 100 1.7518 1.6634 4.8852 7.1320 3.5736 23.3726 -9.3871 0.9862
64 2 Car 0 0 0 10 10 100 100 1.6566 1.7612 4.6735 -32.1007 5.0368 31.4985 -9.4264 0.9564
64 6 Car 0 0 0 10 10 100 100 1.5636 1.7247 4.6157 -28.7357 4.8174 27.3641 -9.4693 0.9772
64 0 Car 0 0 0 10 10 100 100 1.7233 1.6629 4.9423 6.5723 3.5683 23.3951 -9.3798 0.9872
65 2 Car 0 0 0 10 10 100 100 1.6416 1.7991 4.6603 -33.0122 5.0613 31.5417 -9.4095 0.9582
65 6 Car 0 0 0 10 10 100 100 1.5117 1.7140 4.6778 -29.8906 4.8286 27.3383 -9.4536 0.9710
65 0 Car 0 0 0 10 10 100 100 1.7913 1.7191 4.9592 6.0372 3.6273 23.4919 -9.3674 0.9977
66 2 Car 0 0 0 10 10 100 100 1.5869 1.7265 4.5139 -33.9302 5.0382 31.5491 -9.4141 0.9682
66 6 Car 0 0 0 10 10 100 100 1.5274 1.8388 4.8248 -31.0886 4.8246 27.3517 -9.4696 0.9588
66 0 Car 0 0 0 10 10 100 100 1.8316 1.7211 4.9729 5.4419 3.6571 23.5389 -9.3660 0.9677
67 2 Car 0 0 0 10 10 100 100 1.5756 1.7935 4.3205 -34.7781 5.0677 31.5152 -9.4310 0.9613
67 6 Car 0 0 0 10 10 100 100 1.5411 1.7612 4.6977 -32.2008 4.8644 27.2896 -9.4483 0.9678
67 0 Car 0 0 0 10 10 100 100 1.7661 1.6968 4.9777 4.9020 3.6385 23.5901 -9.3643 0.9792
68 2 Car 0 0 0 10 10 100 100 1.7028 1.8118 4.3511 -35.6423 5.1745 31.5548 -9.4284 0.9470
68 6 Car 0 0 0 10 10 100 100 1.5295 1.7087 4.7507 -33.4503 4.8679 27.2168 -9.4308 0.9678
68 0 Car 0 0 0 10 10 100 100 1.7900 1.7303 4.9183 4.3659 3.6738 23.5890 -9.3624 0.9737
69 2 Car 0 0 0 10 10 100 100 1.5700 1.8318 4.7941 -36.8277 5.1473 31.4852 -9.4835 0.9119
69 6 Car 0 0 0 10 10 100 100 1.5531 1.7739 4.6591 -34.6128 4.9392 27.2497 -9.4319 0.9812
69 0 Car 0 0 0 10 10 100 100 1.8379 1.6722 4.8076 3.7025 3.7189 23.5807 -9.3684 0.9538
70 2 Car 0 0 0 10 10 100 100 1.6156 1.8688 4.7141 -37.6679 5.2227 31.5222 -9.4723 0.8031
70 6 Car 0 0 0 10 10 100 100 1.5351 1.7350 4.6731 -35.7761 5.0012 27.2391 -9.4422 0.9753
70 0 Car 0 0 0 10 10 100 100 1.8607 1.8428 4.9221 3.1113 3.7465 23.7011 -9.3628 0.9771
71 2 Car 0 0 0 10 10 100 100 1.7116 1.9118 4.6412 -38.4219 5.2002 31.6752 -9.4176 0.8959
71 6 Car 0 0 0 10 10 100 100 1.5715 1.7484 4.7212 -37.0604 5.0313 27.2970 -9.4274 0.9600
71 0 Car 0 0 0 10 10 100 100 1.7562 1.6601 4.7188 2.5598 3.7095 23.6706 -9.3780 0.9812
72 2 Car 0 0 0 10 10 100 100 1.5590 1.8150 4.3952 -39.2713 5.1930 31.6159 -9.4156 0.9559
72 6 Car 0 0 0 10 10 100 100 1.5696 1.7484 4.6844 -38.2449 5.0987 27.2960 -9.4361 0.9373
72 0 Car 0 0 0 10 10 100 100 1.8173 1.6827 4.5655 2.0083 3.7428 23.6769 -9.3701 0.9845
73 2 Car 0 0 0 10 10 100 100 1.6323 1.8248 4.5385 -40.2682 5.2249 31.5906 -9.4405 0.8691
73 6 Car 0 0 0 10 10 100 100 1.5127 1.7438 4.7694 -39.5562 5.0915 27.2567 -9.4274 0.9329
73 0 Car 0 0 0 10 10 100 100 1.8707 1.5757 4.4329 1.3264 3.8508 23.7001 -9.3662 0.9920
74 2 Car 0 0 0 10 10 100 100 1.6240 1.7746 4.5865 -41.2125 5.2975 31.5851 -9.4383 0.9454
74 6 Car 0 0 0 10 10 100 100 1.5229 1.7625 4.6540 -40.7329 5.1849 27.2768 -9.4174 0.9708
74 0 Car 0 0 0 10 10 100 100 1.7871 1.5682 4.4139 0.6220 3.7829 23.7285 -9.3616 0.9432
75 2 Car 0 0 0 10 10 100 100 1.4951 1.6967 4.4725 -42.1527 5.2783 31.5236 -9.4611 0.9675
75 6 Car 0 0 0 10 10 100 100 1.5815 1.7989 4.7201 -42.0425 5.2219 27.3229 -9.4041 0.9559
75 0 Car 0 0 0 10 10 100 100 1.7992 1.7530 4.5782 0.0682 3.8436 23.8247 -9.3830 0.9179
76 2 Car 0 0 0 10 10 100 100 1.5892 1.7588 4.5987 -43.1199 5.3574 31.5527 -9.4517 0.9516
76 6 Car 0 0 0 10 10 100 100 1.5522 1.7953 4.6898 -43.3075 5.2112 27.3521 -9.3949 0.9677
76 0 Car 0 0 0 10 10 100 100 1.8013 1.5531 4.4888 -0.4852 3.8055 23.8404 -9.3703 0.9562
77 2 Car 0 0 0 10 10 100 100 1.6109 1.7474 4.5201 -43.9580 5.3058 31.5138 -9.4514 0.9001
77 6 Car 0 0 0 10 10 100 100 1.5741 1.8305 4.5471 -44.5824 5.2525 27.3659 -9.4325 0.9581
77 0 Car 0 0 0 10 10 100 100 1.8630 1.5290 4.4268 -1.0463 3.9044 23.8859 -9.3583 0.9933
78 2 Car 0 0 0 10 10 100 100 1.6207 1.7260 4.6595 -44.9695 5.3656 31.5270 -9.4240 0.9675
78 6 Car 0 0 0 10 10 100 100 1.6273 1.9121 4.7023 -46.0125 5.3620 27.3748 -9.4314 0.9126
78 0 Car 0 0 0 10 10 100 100 1.8979 1.5175 4.5735 -1.5663 3.9325 23.8893 -9.3689 0.9947
79 2 Car 0 0 0 10 10 100 100 1.6229 1.6977 4.5855 -45.8350 5.4093 31.5153 -9.4498 0.9677
79 6 Car 0 0 0 10 10 100 100 1.4753 1.6067 4.0554 -46.9641 5.2155 27.3265 -9.4356 0.8430
79 0 Car 0 0 0 10 10 100 100 1.9077 1.4941 4.5659 -2.0778 3.9459 23.8994 -9.3665 0.9974
80 2 Car 0 0 0 10 10 100 100 1.6334 1.6740 4.5761 -46.7594 5.4591 31.5080 -9.4474 0.9577
80 6 Car 0 0 0 10 10 100 100 1.5531 1.7960 4.5485 -48.5562 5.3343 27.3666 -9.4386 0.9542
80 0 Car 0 0 0 10 10 100 100 1.8600 1.5555 4.4232 -2.6734 3.9338 23.9473 -9.3593 0.9872
81 2 Car 0 0 0 10 10 100 100 1.6818 1.6917 4.4745 -47.5391 5.6170 31.4719 -9.4276 0.9086
81 6 Car 0 0 0 10 10 100 100 1.6274 1.8357 4.6688 -49.8754 5.4465 27.4235 -9.4131 0.9413
81 0 Car 0 0 0 10 10 100 100 1.8043 1.6011 4.7029 -3.1579 3.8868 23.9838 -9.3700 0.9801
82 2 Car 0 0 0 10 10 100 100 1.7292 1.8156 4.6854 -48.6009 5.5462 31.4685 -9.4662 0.8815
82 6 Car 0 0 0 10 10 100 100 1.7009 1.8747 4.5900 -51.1381 5.4965 27.3808 -9.4492 0.8257
82 0 Car 0 0 0 10 10 100 100 1.8282 1.5411 4.6396 -3.6408 3.9250 24.0149 -9.3694 0.9580
83 2 Car 0 0 0 10 10 100 100 1.7761 1.8432 4.6677 -49.5828 5.6626 31.4368 -9.4400 0.7970
83 6 Car 0 0 0 10 10 100 100 1.7571 1.8707 4.6702 -52.5212 5.6022 27.4572 -9.4185 0.7710
83 0 Car 0 0 0 10 10 100 100 1.8452 1.5584 4.5285 -4.2110 3.9590 24.1147 -9.3698 0.9788
84 7 Car 0 0 0 10 10 100 100 2.2523 1.9232 5.3028 13.6421 3.2859 23.0814 -9.3393 0.9950
84 2 Car 0 0 0 10 10 100 100 1.7210 1.8281 4.6718 -50.5492 5.6878 31.4910 -9.4672 0.9036
84 6 Car 0 0 0 10 10 100 100 1.5419 1.7585 4.6803 -53.9818 5.4865 27.4109 -9.4392 0.6984
84 0 Car 0 0 0 10 10 100 100 1.8128 1.5442 4.5573 -4.7408 3.9611 24.1348 -9.3573 0.9959
85 2 Car 0 0 0 10 10 100 100 1.8308 1.8231 4.5156 -51.5328 5.6047 31.4833 -9.4670 0.8314
85 6 Car 0 0 0 10 10 100 100 1.6353 1.8435 4.8304 -55.4330 5.5784 27.4654 -9.4503 0.7308
85 0 Car 0 0 0 10 10 100 100 1.8715 1.6105 4.6767 -5.3356 3.9636 24.1926 -9.3671 0.9953
86 2 Car 0 0 0 10 10 100 100 1.7699 1.7969 4.6549 -52.5214 5.6832 31.4774 -9.4658 0.8320
86 6 Car 0 0 0 10 10 100 100 1.6201 1.7785 4.5886 -56.6122 5.6548 27.5340 -9.4056 0.8391
86 0 Car 0 0 0 10 10 100 100 1.8138 1.5730 4.5325 -5.8765 3.9430 24.2081 -9.3583 0.9945
87 2 Car 0 0 0 10 10 100 100 1.7667 1.8063 4.6039 -53.4448 5.7518 31.4804 -9.4507 0.8758
87 6 Car 0 0 0 10 10 100 100 1.6482 1.7065 4.5438 -58.0003 5.7388 27.4594 -9.3998 0.8353
87 0 Car 0 0 0 10 10 100 100 1.7907 1.6069 4.6580 -6.4767 4.0088 24.2669 -9.3563 0.9991
88 2 Car 0 0 0 10 10 100 100 1.7523 1.8324 4.6439 -54.4968 5.7443 31.3966 -9.4335 0.6871
88 6 Car 0 0 0 10 10 100 100 1.7044 1.8615 4.5027 -59.3099 5.7392 27.5286 -9.4197 0.7444
88 0 Car 0 0 0 10 10 100 100 1.8363 1.5679 4.6470 -7.1152 4.0669 24.2796 -9.3737 0.9984
89 2 Car 0 0 0 10 10 100 100 1.7927 1.8354 4.5017 -55.3699 5.7339 31.4024 -9.4214 0.6845
89 6 Car 0 0 0 10 10 100 100 1.7610 1.8315 4.6183 -60.7814 5.8850 27.5226 -9.4068 0.7777
89 0 Car 0 0 0 10 10 100 100 1.8787 1.5315 4.6891 -7.7191 4.0988 24.2896 -9.3618 0.9941
90 0 Car 0 0 0 10 10 100 100 1.8891 1.5135 4.6195 -8.3274 4.1361 24.3314 -9.3605 0.9985
91 0 Car 0 0 0 10 10 100 100 1.8978 1.5496 4.6521 -8.8679 4.1745 24.3841 -9.3562 0.9900
92 0 Car 0 0 0 10 10 100 100 1.8877 1.5111 4.5144 -9.4721 4.1593 24.4025 -9.3664 0.9934
93 0 Car 0 0 0 10 10 100 100 1.9419 1.5212 4.5798 -10.1698 4.2503 24.4404 -9.3632 0.9969
94 0 Car 0 0 0 10 10 100 100 1.9335 1.5314 4.6010 -10.8852 4.2404 24.5002 -9.3704 0.9924
95 0 Car 0 0 0 10 10 100 100 1.9601 1.5199 4.5901 -11.5562 4.3102 24.5196 -9.3670 0.9936
96 0 Car 0 0 0 10 10 100 100 1.9516 1.5996 4.6694 -12.3329 4.3366 24.6306 -9.3575 0.9949
97 0 Car 0 0 0 10 10 100 100 1.9568 1.6880 4.6822 -12.9436 4.3503 24.6671 -9.3417 0.9833
98 0 Car 0 0 0 10 10 100 100 1.9195 1.5959 4.6423 -13.6681 4.3580 24.7048 -9.3557 0.9973
99 0 Car 0 0 0 10 10 100 100 1.9135 1.5987 4.6934 -14.4421 4.3632 24.7690 -9.3667 0.9938
100 0 Car 0 0 0 10 10 100 100 1.9236 1.6385 4.6821 -15.1553 4.3970 24.7887 -9.3688 0.9978
101 0 Car 0 0 0 10 10 100 100 1.9802 1.6096 4.7242 -15.9117 4.4231 24.8185 -9.3722 0.9988
102 0 Car 0 0 0 10 10 100 100 1.9761 1.6827 4.6743 -16.6335 4.4429 24.8964 -9.3633 0.9949
103 0 Car 0 0 0 10 10 100 100 1.9588 1.6608 4.7511 -17.4501 4.4660 24.9692 -9.3680 0.9984
104 0 Car 0 0 0 10 10 100 100 1.9610 1.6388 4.7234 -18.2713 4.4933 25.0071 -9.3676 0.9971
105 0 Car 0 0 0 10 10 100 100 1.9841 1.6031 4.7280 -19.0522 4.5399 25.0200 -9.3652 0.9994
106 0 Car 0 0 0 10 10 100 100 1.9671 1.6412 4.6825 -19.8569 4.5273 25.0748 -9.3790 0.9975
107 0 Car 0 0 0 10 10 100 100 1.9788 1.6507 4.7073 -20.6802 4.5654 25.1192 -9.3809 0.9993
108 0 Car 0 0 0 10 10 100 100 1.9762 1.6583 4.7075 -21.4989 4.5872 25.1773 -9.3826 0.9990
109 0 Car 0 0 0 10 10 100 100 1.9749 1.6140 4.7578 -22.3609 4.5980 25.1764 -9.3760 0.9982
110 0 Car 0 0 0 10 10 100 100 1.9640 1.6541 4.7717 -23.2195 4.6247 25.2233 -9.3812 0.9970
111 0 Car 0 0 0 10 10 100 100 1.9706 1.6366 4.7397 -24.0298 4.6387 25.2757 -9.3636 0.9956
112 0 Car 0 0 0 10 10 100 100 1.9713 1.6006 4.6706 -24.8696 4.6592 25.3228 -9.3590 0.9955
113 0 Car 0 0 0 10 10 100 100 1.9765 1.6517 4.6635 -25.7596 4.6854 25.3666 -9.3637 0.9940
114 0 Car 0 0 0 10 10 100 100 1.9479 1.6536 4.6169 -26.6033 4.6767 25.4448 -9.3553 0.9976
115 0 Car 0 0 0 10 10 100 100 1.9173 1.6398 4.5637 -27.4506 4.6748 25.4888 -9.3623 0.9905
116 0 Car 0 0 0 10 10 100 100 1.8999 1.6617 4.4875 -28.2894 4.6905 25.5718 -9.3700 0.9974
117 0 Car 0 0 0 10 10 100 100 1.9139 1.7048 4.5719 -29.1602 4.7106 25.6392 -9.3656 0.9959
118 0 Car 0 0 0 10 10 100 100 1.9270 1.7638 4.6969 -30.1008 4.7376 25.7018 -9.3490 0.9744
119 0 Car 0 0 0 10 10 100 100 1.8511 1.7766 4.5719 -30.9476 4.6895 25.7787 -9.3576 0.9890
120 0 Car 0 0 0 10 10 100 100 1.8837 1.7393 4.6740 -32.0209 4.7012 25.8670 -9.3656 0.9754
121 0 Car 0 0 0 10 10 100 100 1.9110 1.7192 4.6240 -32.9571 4.7717 25.9053 -9.3660 0.9929
122 0 Car 0 0 0 10 10 100 100 1.9744 1.6772 4.6349 -33.8377 4.8530 25.9025 -9.3739 0.9869
123 0 Car 0 0 0 10 10 100 100 1.9602 1.6118 4.5660 -34.6993 4.8778 25.9144 -9.3728 0.9893
124 0 Car 0 0 0 10 10 100 100 1.9424 1.6856 4.4963 -35.6182 4.8764 25.9908 -9.3851 0.9946
125 0 Car 0 0 0 10 10 100 100 1.9574 1.6441 4.4784 -36.5196 4.9605 25.9979 -9.3744 0.9882
126 0 Car 0 0 0 10 10 100 100 1.9629 1.6068 4.5050 -37.4977 4.9612 26.0722 -9.3586 0.9769
127 0 Car 0 0 0 10 10 100 100 1.9829 1.7515 4.7482 -38.5163 4.9618 26.2099 -9.3625 0.9759
128 0 Car 0 0 0 10 10 100 100 1.9113 1.6856 4.0705 -39.1641 4.9586 26.1653 -9.3735 0.9727
129 0 Car 0 0 0 10 10 100 100 1.9994 1.7851 4.6702 -40.4125 5.0497 26.2875 -9.3806 0.9611
130 0 Car 0 0 0 10 10 100 100 2.0667 1.7141 4.6016 -41.3846 5.1319 26.3583 -9.3758 0.9719
131 0 Car 0 0 0 10 10 100 100 2.1666 1.7096 4.3672 -42.2549 5.1966 26.3827 -9.3874 0.9473
131 8 Car 0 0 0 10 10 100 100 1.5971 1.7594 4.2221 -59.3921 5.6634 9.6255 -6.2536 0.6060
132 9 Car 0 0 0 10 10 100 100 3.3130 2.6589 6.1614 -54.9718 5.3502 27.3278 -9.4045 0.6720
132 0 Car 0 0 0 10 10 100 100 2.0040 1.7032 4.7282 -43.3669 5.1199 26.4110 -9.4042 0.9327
132 8 Car 0 0 0 10 10 100 100 1.6096 1.8186 4.0963 -58.7332 5.6897 9.5227 -6.3305 0.7089
133 0 Car 0 0 0 10 10 100 100 2.0239 1.7271 4.5259 -44.2589 5.1484 26.4775 -9.3850 0.9687
133 8 Car 0 0 0 10 10 100 100 1.6570 1.8440 4.1219 -57.9457 5.6827 9.5066 -6.2801 0.8110
134 0 Car 0 0 0 10 10 100 100 1.9432 1.7758 4.3711 -45.2469 5.1196 26.5519 -9.3741 0.9678
134 8 Car 0 0 0 10 10 100 100 1.5278 1.8151 4.1916 -57.1340 5.5717 9.5968 -6.2341 0.7720
135 0 Car 0 0 0 10 10 100 100 1.9535 1.5702 3.9264 -45.8944 5.1438 26.4447 -9.3776 0.8683
135 8 Car 0 0 0 10 10 100 100 1.5961 1.9737 4.3425 -56.5917 5.5504 9.5032 -6.3124 0.7057
136 0 Car 0 0 0 10 10 100 100 2.0297 1.7279 4.6031 -47.2123 5.1998 26.5195 -9.4033 0.8990
136 8 Car 0 0 0 10 10 100 100 1.7286 1.8715 4.4302 -56.0051 5.6789 9.6384 -6.2224 0.8860
137 0 Car 0 0 0 10 10 100 100 2.0988 1.7341 4.7200 -48.2700 5.2335 26.5767 -9.3865 0.8693
137 8 Car 0 0 0 10 10 100 100 1.6151 1.8223 3.9401 -55.0370 5.6383 9.4508 -6.3174 0.8419
138 0 Car 0 0 0 10 10 100 100 2.0047 1.7172 4.2632 -49.0011 5.3195 26.5978 -9.4128 0.9180
138 8 Car 0 0 0 10 10 100 100 1.6393 1.8812 4.0918 -54.4428 5.6662 9.5478 -6.2608 0.9248
139 0 Car 0 0 0 10 10 100 100 1.9853 1.6393 3.6858 -49.5518 5.3485 26.5844 -9.4258 0.8156
139 8 Car 0 0 0 10 10 100 100 1.6070 1.7144 4.1365 -53.7656 5.6032 9.4710 -6.2620 0.9044
140 0 Car 0 0 0 10 10 100 100 2.0155 1.6601 4.2319 -50.8828 5.3970 26.6349 -9.4117 0.8702
140 8 Car 0 0 0 10 10 100 100 1.6211 1.9702 4.3757 -53.3186 5.5602 9.5026 -6.2590 0.8753
141 0 Car 0 0 0 10 10 100 100 2.1714 1.7109 4.2661 -51.8322 5.4633 26.6238 -9.3951 0.8169
141 8 Car 0 0 0 10 10 100 100 1.6382 1.9716 4.4155 -52.6257 5.5577 9.5357 -6.2216 0.9718
142 0 Car 0 0 0 10 10 100 100 1.9538 1.6518 4.1369 -52.6531 5.4622 26.6048 -9.3865 0.7760
142 8 Car 0 0 0 10 10 100 100 1.6368 1.8576 4.2008 -52.0283 5.5115 9.4789 -6.2881 0.9635
143 0 Car 0 0 0 10 10 100 100 1.8990 1.7329 4.2664 -53.8107 5.4100 26.7151 -9.4299 0.9046
143 8 Car 0 0 0 10 10 100 100 1.5916 1.8482 4.1433 -51.3136 5.5306 9.4350 -6.2751 0.9714
144 0 Car 0 0 0 10 10 100 100 1.8660 1.8040 4.4443 -54.7490 5.3661 26.7612 -9.3929 0.7906
144 8 Car 0 0 0 10 10 100 100 1.5552 1.8919 4.1394 -50.7953 5.4750 9.4448 -6.2706 0.9704
145 0 Car 0 0 0 10 10 100 100 1.8870 1.7700 4.4173 -55.7360 5.4014 26.7873 -9.4280 0.7026
145 8 Car 0 0 0 10 10 100 100 1.5396 1.9132 4.2571 -50.3078 5.4568 9.4776 -6.2414 0.9309
146 0 Car 0 0 0 10 10 100 100 1.8580 1.7116 4.1736 -56.5292 5.4633 26.6985 -9.3816 0.8915
146 8 Car 0 0 0 10 10 100 100 1.5727 1.8603 4.2251 -49.8054 5.4421 9.4689 -6.2517 0.9832
147 0 Car 0 0 0 10 10 100 100 1.9518 1.8275 4.1081 -57.3510 5.5071 26.7320 -9.4294 0.6990
147 8 Car 0 0 0 10 10 100 100 1.6053 1.9573 4.3217 -49.3215 5.4223 9.4467 -6.2730 0.9415
148 10 Car 0 0 0 10 10 100 100 2.3625 1.8621 5.1760 -31.5273 4.7217 25.8831 -9.3969 0.9835
148 0 Car 0 0 0 10 10 100 100 2.0235 1.7077 3.8091 -58.1718 5.6018 26.7014 -9.4303 0.7920
148 8 Car 0 0 0 10 10 100 100 1.6804 1.9383 4.1847 -48.6429 5.4527 9.4576 -6.2656 0.9414
149 8 Car 0 0 0 10 10 100 100 1.7129 1.9463 4.3865 -48.3822 5.4364 9.4548 -6.2517 0.9299
150 8 Car 0 0 0 10 10 100 100 1.7190 1.9387 4.3756 -47.9349 5.4284 9.4574 -6.2378 0.9356
151 8 Car 0 0 0 10 10 100 100 1.6630 1.9220 4.4921 -47.6501 5.3604 9.3535 -6.2598 0.9810
152 8 Car 0 0 0 10 10 100 100 1.6414 2.0344 4.6288 -47.3223 5.3889 9.4727 -6.2496 0.9935
153 8 Car 0 0 0 10 10 100 100 1.5819 1.9418 4.3863 -46.7924 5.3520 9.4530 -6.2420 0.9944
154 8 Car 0 0 0 10 10 100 100 1.6051 2.0099 4.4685 -46.5884 5.3534 9.4306 -6.2444 0.9915
155 8 Car 0 0 0 10 10 100 100 1.6104 1.8323 4.5036 -46.2609 5.3423 9.3413 -6.2640 0.9819
156 8 Car 0 0 0 10 10 100 100 1.5941 1.8741 4.1180 -45.8160 5.3166 9.3523 -6.2626 0.9656
157 8 Car 0 0 0 10 10 100 100 1.6727 1.9208 4.2146 -45.5983 5.3459 9.3481 -6.2774 0.9486
158 8 Car 0 0 0 10 10 100 100 1.7105 1.8769 4.1540 -45.3421 5.3437 9.3049 -6.2571 0.9535
159 8 Car 0 0 0 10 10 100 100 1.7689 1.9480 4.3255 -45.1729 5.3693 9.3167 -6.2403 0.9486
