0 2 Car 0 0 0 10 10 100 100 1.6010 1.8964 4.4963 67.3484 2.5638 29.2901 -9.3139 0.8795
0 0 Car 0 0 0 10 10 100 100 1.5528 1.8892 4.2012 -18.5023 4.8097 41.2937 -10.9582 0.9799
0 1 Car 0 0 0 10 10 100 100 1.7705 1.9253 4.5606 -44.4433 5.2847 9.3106 -6.2495 0.9201
1 0 Car 0 0 0 10 10 100 100 1.5413 1.9579 4.2550 -18.5483 4.8026 40.9290 -10.9735 0.9746
1 1 Car 0 0 0 10 10 100 100 1.7258 1.9326 4.4496 -44.4141 5.2583 9.3104 -6.2480 0.9618
2 3 Car 0 0 0 10 10 100 100 1.6053 1.7942 4.4056 64.3015 2.5509 29.5939 -9.3332 0.6320
2 0 Car 0 0 0 10 10 100 100 1.5331 1.9530 4.1344 -18.5307 4.7944 40.4902 -10.9776 0.9837
2 1 Car 0 0 0 10 10 100 100 1.7438 1.9165 4.4059 -44.4023 5.2721 9.2984 -6.2482 0.9562
3 0 Car 0 0 0 10 10 100 100 1.5383 1.9125 4.1677 -18.5655 4.7704 40.0778 -10.9772 0.9898
3 1 Car 0 0 0 10 10 100 100 1.7338 1.9236 4.3319 -44.3215 5.2483 9.2979 -6.2462 0.9492
4 0 Car 0 0 0 10 10 100 100 1.5034 1.8984 4.1540 -18.5331 4.7518 39.6002 -4.7177 0.9969
4 1 Car 0 0 0 10 10 100 100 1.7486 1.9033 4.4442 -44.4056 5.2711 9.3021 -6.2493 0.9503
5 0 Car 0 0 0 10 10 100 100 1.5125 1.8871 4.1305 -18.4949 4.7835 39.1481 -4.7539 0.9974
5 1 Car 0 0 0 10 10 100 100 1.7623 1.9288 4.5148 -44.4422 5.2734 9.2973 -6.2506 0.9398
6 4 Car 0 0 0 10 10 100 100 1.6519 1.8609 4.4133 58.2754 2.9364 30.0544 -9.3634 0.8248
6 0 Car 0 0 0 10 10 100 100 1.5518 1.9397 4.2729 -18.4686 4.7928 38.7541 -4.7454 0.9928
6 1 Car 0 0 0 10 10 100 100 1.7484 1.9136 4.4213 -44.3857 5.2790 9.2992 -6.2396 0.9481
7 0 Car 0 0 0 10 10 100 100 1.5999 1.9578 4.4273 -18.4427 4.8018 38.3380 -4.7578 0.9878
7 1 Car 0 0 0 10 10 100 100 1.7446 1.9336 4.5686 -44.4298 5.2702 9.3046 -6.2378 0.9475
8 5 Car 0 0 0 10 10 100 100 1.5933 1.8888 4.8778 55.4485 2.9872 30.3231 -9.3333 0.8399
8 0 Car 0 0 0 10 10 100 100 1.5490 1.9370 4.2488 -18.4282 4.7472 37.8383 -4.7742 0.9881
8 1 Car 0 0 0 10 10 100 100 1.7648 1.9480 4.5193 -44.4656 5.2859 9.3122 -6.2487 0.9329
9 5 Car 0 0 0 10 10 100 100 1.5229 1.7589 4.5045 53.8608 2.9200 30.4446 -9.3239 0.8388
9 0 Car 0 0 0 10 10 100 100 1.5437 1.9243 4.3434 -18.3620 4.7255 37.4529 -4.7715 0.9920
9 1 Car 0 0 0 10 10 100 100 1.7419 1.8999 4.6311 -44.4770 5.2767 9.3089 -6.2328 0.9500
10 5 Car 0 0 0 10 10 100 100 1.5614 1.8948 4.2457 52.3293 2.8322 30.5739 -9.3837 0.8861
10 0 Car 0 0 0 10 10 100 100 1.5634 1.8720 4.2345 -18.3035 4.7361 36.8953 -4.7695 0.9938
10 1 Car 0 0 0 10 10 100 100 1.7265 1.9493 4.4862 -44.3983 5.2623 9.3089 -6.2553 0.9431
11 5 Car 0 0 0 10 10 100 100 1.5391 1.7994 4.3993 50.8667 2.8753 30.6579 -9.3344 0.8561
11 0 Car 0 0 0 10 10 100 100 1.5223 1.8697 4.1741 -18.2578 4.7187 36.4028 -4.7845 0.9917
11 1 Car 0 0 0 10 10 100 100 1.7263 1.9217 4.3971 -44.3533 5.2393 9.2964 -6.2496 0.9319
12 5 Car 0 0 0 10 10 100 100 1.6047 1.8411 4.6800 49.6983 2.9951 30.7734 -9.3603 0.9097
12 0 Car 0 0 0 10 10 100 100 1.5840 1.9157 4.3700 -18.2416 4.7336 35.9653 -4.8103 0.9618
12 1 Car 0 0 0 10 10 100 100 1.7469 1.9300 4.5342 -44.4503 5.2705 9.3037 -6.2492 0.9415
12 6 Car 0 0 0 10 10 100 100 1.5868 1.8544 4.1430 66.9390 2.2627 20.0842 -9.3996 0.7750
13 5 Car 0 0 0 10 10 100 100 1.6432 1.7066 4.3893 48.1542 3.0817 30.8482 -9.3613 0.9174
13 0 Car 0 0 0 10 10 100 100 1.5752 1.8878 4.4500 -18.1267 4.6761 35.4975 -4.8112 0.9751
13 1 Car 0 0 0 10 10 100 100 1.7299 1.9066 4.3344 -44.3272 5.2627 9.2989 -6.2474 0.9621
13 6 Car 0 0 0 10 10 100 100 1.5550 1.8915 4.1774 65.6827 2.2607 20.1518 -9.3603 0.8108
14 5 Car 0 0 0 10 10 100 100 1.5153 1.8501 4.0632 46.5648 2.9836 31.1073 -9.3460 0.9131
14 0 Car 0 0 0 10 10 100 100 1.5843 1.8974 4.1729 -18.0648 4.6307 34.8575 -4.8327 0.9783
14 1 Car 0 0 0 10 10 100 100 1.7511 1.9175 4.6228 -44.4993 5.2840 9.3080 -6.2541 0.9509
14 6 Car 0 0 0 10 10 100 100 1.4572 1.7892 4.0480 64.3306 2.2832 20.2142 -9.3918 0.9612
15 5 Car 0 0 0 10 10 100 100 1.5760 1.8344 4.4785 45.4513 3.0398 31.1906 -9.3667 0.9327
15 0 Car 0 0 0 10 10 100 100 1.5645 1.8607 4.1505 -17.9497 4.6742 34.3109 -4.8403 0.9942
15 1 Car 0 0 0 10 10 100 100 1.7597 1.9143 4.5528 -44.4382 5.2913 9.3013 -6.2403 0.9581
15 6 Car 0 0 0 10 10 100 100 1.5353 1.8187 4.1341 63.0579 2.3011 20.3127 -9.3598 0.9338
16 5 Car 0 0 0 10 10 100 100 1.5636 1.7730 4.4888 44.1509 3.0788 31.2482 -9.3482 0.9289
16 0 Car 0 0 0 10 10 100 100 1.6179 1.9197 4.2756 -17.9019 4.7017 33.7982 -4.8495 0.9872
16 1 Car 0 0 0 10 10 100 100 1.7342 1.9003 4.2759 -44.3118 5.2597 9.2978 -6.2564 0.9517
16 6 Car 0 0 0 10 10 100 100 1.5756 1.7628 4.1986 61.7986 2.3493 20.3586 -9.3524 0.9666
17 5 Car 0 0 0 10 10 100 100 1.5231 1.7138 4.5548 42.7243 3.1619 31.3065 -9.3462 0.9595
17 0 Car 0 0 0 10 10 100 100 1.6382 1.9360 4.2159 -17.7967 4.7057 33.2409 -4.8637 0.9701
17 1 Car 0 0 0 10 10 100 100 1.7546 1.9742 4.6843 -44.5105 5.2613 9.3536 -6.2424 0.9018
17 6 Car 0 0 0 10 10 100 100 1.4317 1.6492 3.9599 60.4342 2.2694 20.4053 -9.3688 0.9511
18 5 Car 0 0 0 10 10 100 100 1.5369 1.6948 4.6552 41.4463 3.1779 31.4060 -9.3617 0.9365
18 0 Car 0 0 0 10 10 100 100 1.5402 1.8489 4.3440 -17.6931 4.6422 32.6983 -4.8790 0.9927
18 1 Car 0 0 0 10 10 100 100 1.7226 1.8948 4.2737 -44.3195 5.2662 9.2908 -6.2494 0.9649
18 6 Car 0 0 0 10 10 100 100 1.4852 1.6313 4.0120 59.2211 2.2952 20.4834 -9.3562 0.9459
19 5 Car 0 0 0 10 10 100 100 1.5048 1.5935 4.3302 40.1271 3.1505 31.4823 -9.3657 0.9724
19 0 Car 0 0 0 10 10 100 100 1.5635 1.8563 4.2127 -17.5356 4.6402 32.0214 -4.8881 0.9957
19 1 Car 0 0 0 10 10 100 100 1.7171 1.9261 4.4626 -44.4340 5.2426 9.3128 -6.2425 0.9436
19 6 Car 0 0 0 10 10 100 100 1.5072 1.7896 4.0581 57.9256 2.3358 20.6672 -9.3490 0.9443
20 5 Car 0 0 0 10 10 100 100 1.5436 1.7242 4.6000 38.8854 3.2249 31.5990 -9.3574 0.9617
20 0 Car 0 0 0 10 10 100 100 1.5815 1.8527 4.2611 -17.4410 4.6794 31.4673 -4.8936 0.9947
20 1 Car 0 0 0 10 10 100 100 1.7590 1.9498 4.5250 -44.4204 5.2833 9.3167 -6.2442 0.9598
20 6 Car 0 0 0 10 10 100 100 1.3600 1.7129 4.0099 56.6797 2.2524 20.7448 -9.3396 0.9526
21 5 Car 0 0 0 10 10 100 100 1.5637 1.7265 4.5975 37.5354 3.2216 31.6964 -9.3642 0.9434
21 0 Car 0 0 0 10 10 100 100 1.6370 1.9417 4.3598 -17.2640 4.6762 30.9167 -4.9276 0.9571
21 1 Car 0 0 0 10 10 100 100 1.7345 1.9105 4.4074 -44.4031 5.2502 9.3161 -6.2454 0.9648
21 6 Car 0 0 0 10 10 100 100 1.4123 1.8397 4.0457 55.5250 2.3421 20.8898 -9.3615 0.8966
22 5 Car 0 0 0 10 10 100 100 1.5196 1.8149 4.5065 36.3184 3.2357 31.9344 -9.3495 0.9886
22 0 Car 0 0 0 10 10 100 100 1.5298 1.9390 4.4767 -17.1720 4.5723 30.3145 -4.9222 0.9852
22 1 Car 0 0 0 10 10 100 100 1.7575 1.9374 4.3815 -44.3720 5.2948 9.3081 -6.2432 0.9363
22 6 Car 0 0 0 10 10 100 100 1.3528 1.7427 4.2443 54.3156 2.3668 20.8806 -9.3327 0.8703
23 7 Car 0 0 0 10 10 100 100 1.4525 1.5786 4.1632 -23.1802 5.0804 61.8437 -10.7195 0.7592
23 5 Car 0 0 0 10 10 100 100 1.5075 1.6579 4.3050 35.0317 3.2756 31.9177 -9.3525 0.9624
23 0 Car 0 0 0 10 10 100 100 1.4911 1.8930 4.4449 -17.0189 4.5564 29.6998 -4.9453 0.9931
23 1 Car 0 0 0 10 10 100 100 1.7443 1.9101 4.4859 -44.4113 5.2636 9.3095 -6.2469 0.9472
23 6 Car 0 0 0 10 10 100 100 1.3680 1.6941 3.9472 52.9688 2.4265 20.9638 -9.3616 0.9321
24 5 Car 0 0 0 10 10 100 100 1.4753 1.6081 4.5577 33.8716 3.3027 32.0350 -9.3465 0.9747
24 0 Car 0 0 0 10 10 100 100 1.5531 1.9117 4.4423 -16.8447 4.5773 29.1389 -4.9425 0.9915
24 1 Car 0 0 0 10 10 100 100 1.7394 1.9310 4.2138 -44.2533 5.2848 9.3066 -6.2511 0.9641
24 6 Car 0 0 0 10 10 100 100 1.4281 1.7864 4.2167 51.7951 2.4646 21.1197 -9.3440 0.9495
25 5 Car 0 0 0 10 10 100 100 1.5511 1.6781 4.4670 32.7227 3.3771 32.1603 -9.3367 0.9904
25 0 Car 0 0 0 10 10 100 100 1.5639 1.9479 4.4487 -16.6560 4.5550 28.5463 -4.9960 0.9794
25 1 Car 0 0 0 10 10 100 100 1.7857 1.9101 4.4287 -44.3661 5.2981 9.3340 -6.2368 0.9312
25 6 Car 0 0 0 10 10 100 100 1.4292 1.7238 3.9749 50.5395 2.5060 21.2308 -9.3202 0.8546
26 5 Car 0 0 0 10 10 100 100 1.5585 1.7500 4.4971 31.4803 3.3997 32.2965 -9.3218 0.9628
26 0 Car 0 0 0 10 10 100 100 1.6060 1.9436 4.4991 -16.4336 4.5511 27.9512 -5.0074 0.9700
26 1 Car 0 0 0 10 10 100 100 1.7549 1.9289 4.4650 -44.4124 5.2918 9.3114 -6.2445 0.9530
26 6 Car 0 0 0 10 10 100 100 1.4083 1.7656 4.1389 49.4621 2.5367 21.2873 -9.3735 0.9506
27 8 Car 0 0 0 10 10 100 100 1.7389 1.7522 3.9892 -24.7324 5.2700 57.9300 -10.6351 0.7530
27 5 Car 0 0 0 10 10 100 100 1.5838 1.7025 4.5470 30.3690 3.4902 32.3864 -9.3392 0.9925
27 0 Car 0 0 0 10 10 100 100 1.5265 1.8948 4.4468 -16.1655 4.5062 27.2508 -5.0396 0.9851
27 1 Car 0 0 0 10 10 100 100 1.7199 1.9012 4.4243 -44.3790 5.2685 9.3043 -6.2408 0.9591
27 6 Car 0 0 0 10 10 100 100 1.4471 1.7308 4.2134 48.2847 2.5788 21.3186 -9.3396 0.9666
28 8 Car 0 0 0 10 10 100 100 1.5481 1.5322 4.4924 -25.0390 5.3735 56.9706 -10.5901 0.6181
28 5 Car 0 0 0 10 10 100 100 1.4816 1.7530 4.5670 29.2664 3.4684 32.5354 -9.3157 0.9903
28 0 Car 0 0 0 10 10 100 100 1.5227 1.9023 4.4874 -15.9480 4.4485 26.6674 -5.0644 0.9634
28 1 Car 0 0 0 10 10 100 100 1.7332 1.9021 4.3856 -44.3711 5.2597 9.3026 -6.2524 0.9607
28 6 Car 0 0 0 10 10 100 100 1.3738 1.6790 3.9258 47.0588 2.5362 21.4076 -9.3542 0.9613
29 8 Car 0 0 0 10 10 100 100 1.6456 1.5714 4.5790 -25.4721 5.3848 56.0654 -10.5496 0.8413
29 5 Car 0 0 0 10 10 100 100 1.5392 1.7143 4.4330 28.0733 3.5200 32.7071 -9.3023 0.9689
29 0 Car 0 0 0 10 10 100 100 1.5355 1.8829 4.4108 -15.6288 4.4474 25.9999 -5.0886 0.9804
29 1 Car 0 0 0 10 10 100 100 1.7481 1.9292 4.5366 -44.4449 5.2751 9.3247 -6.2417 0.9479
29 6 Car 0 0 0 10 10 100 100 1.3840 1.6568 3.9390 46.0130 2.5829 21.4776 -9.3741 0.9671
30 8 Car 0 0 0 10 10 100 100 1.5343 1.5695 4.3416 -25.9883 5.2958 55.0891 -10.5018 0.9151
30 5 Car 0 0 0 10 10 100 100 1.5249 1.6856 4.4773 27.0274 3.5444 32.8453 -9.3054 0.9719
30 0 Car 0 0 0 10 10 100 100 1.5760 1.9521 4.4935 -15.3415 4.4599 25.4891 -5.0966 0.9883
30 1 Car 0 0 0 10 10 100 100 1.7172 1.9262 4.3875 -44.3682 5.2451 9.3034 -6.2430 0.9629
30 6 Car 0 0 0 10 10 100 100 1.3937 1.6921 3.9193 44.8866 2.5952 21.5570 -9.3878 0.9751
31 8 Car 0 0 0 10 10 100 100 1.1993 1.3709 4.3615 -26.5092 5.2168 54.0447 -10.4606 0.9440
31 5 Car 0 0 0 10 10 100 100 1.5045 1.6259 4.3991 25.9459 3.5659 33.0352 -9.2935 0.9922
31 0 Car 0 0 0 10 10 100 100 1.5957 1.9791 4.4903 -15.0400 4.4581 24.8137 -5.1288 0.9908
31 1 Car 0 0 0 10 10 100 100 1.7655 1.9492 4.5747 -44.4670 5.2870 9.3053 -6.2476 0.9288
31 6 Car 0 0 0 10 10 100 100 1.3538 1.6345 3.8587 43.7964 2.6195 21.6060 -9.3696 0.9819
32 8 Car 0 0 0 10 10 100 100 1.3699 1.2698 4.3140 -27.1318 5.2035 53.2542 -10.4269 0.7644
32 5 Car 0 0 0 10 10 100 100 1.5231 1.6941 4.5561 24.8665 3.5926 33.1826 -9.2850 0.9887
32 0 Car 0 0 0 10 10 100 100 1.5829 1.8970 4.4242 -14.6597 4.4393 24.1546 -5.2212 0.9823
32 1 Car 0 0 0 10 10 100 100 1.7295 1.9199 4.4434 -44.4356 5.2661 9.3140 -6.2355 0.9542
32 6 Car 0 0 0 10 10 100 100 1.3721 1.7020 3.8994 42.6597 2.6194 21.7218 -9.3720 0.9919
33 8 Car 0 0 0 10 10 100 100 1.3011 1.2896 4.2836 -27.6272 5.1936 52.3766 -10.4137 0.7744
33 5 Car 0 0 0 10 10 100 100 1.5369 1.6710 4.5463 23.8829 3.6362 33.3501 -9.2560 0.9828
33 0 Car 0 0 0 10 10 100 100 1.5842 1.8467 4.4954 -14.3065 4.4044 23.4994 -5.2381 0.9659
33 1 Car 0 0 0 10 10 100 100 1.7259 1.9354 4.4910 -44.4172 5.2608 9.3154 -6.2427 0.9399
33 6 Car 0 0 0 10 10 100 100 1.3568 1.6303 3.9950 41.5114 2.6203 21.7487 -9.3673 0.9857
34 8 Car 0 0 0 10 10 100 100 1.5407 1.4105 4.2300 -28.1446 5.3836 51.6655 -10.3789 0.7715
34 5 Car 0 0 0 10 10 100 100 1.5242 1.6836 4.5255 22.9046 3.6783 33.5729 -9.2524 0.9662
34 0 Car 0 0 0 10 10 100 100 1.5735 1.8221 4.3787 -13.8762 4.3786 22.8572 -5.2367 0.9836
34 1 Car 0 0 0 10 10 100 100 1.7280 1.9233 4.5345 -44.4278 5.2669 9.3053 -6.2435 0.9469
34 6 Car 0 0 0 10 10 100 100 1.4355 1.6769 3.8130 40.4471 2.7069 21.8606 -9.3464 0.9859
35 5 Car 0 0 0 10 10 100 100 1.5385 1.6479 4.4193 21.8285 3.7102 33.7771 -9.2569 0.9697
35 0 Car 0 0 0 10 10 100 100 1.5920 1.9099 4.3778 -13.4253 4.3349 22.2934 -5.2875 0.9573
35 1 Car 0 0 0 10 10 100 100 1.7761 1.9411 4.6178 -44.4557 5.2922 9.3017 -6.2402 0.9222
35 6 Car 0 0 0 10 10 100 100 1.3888 1.6735 3.9725 39.5195 2.7108 21.8989 -9.3599 0.9785
36 5 Car 0 0 0 10 10 100 100 1.6681 1.7484 4.8281 20.8235 3.7909 34.0453 -9.2132 0.9546
36 0 Car 0 0 0 10 10 100 100 1.5827 1.9468 4.4685 -12.9377 4.3259 21.6612 -5.3232 0.9535
36 1 Car 0 0 0 10 10 100 100 1.7150 1.9060 4.3542 -44.3418 5.2485 9.2969 -6.2577 0.9589
36 6 Car 0 0 0 10 10 100 100 1.3527 1.6549 4.0015 38.4509 2.7659 21.9363 -9.3649 0.9541
37 5 Car 0 0 0 10 10 100 100 1.5845 1.7069 4.6920 19.8533 3.8121 34.2908 -9.1867 0.9338
37 0 Car 0 0 0 10 10 100 100 1.5336 1.8917 4.7900 -12.6952 4.2969 21.2894 -5.3562 0.9713
37 1 Car 0 0 0 10 10 100 100 1.7389 1.9173 4.4810 -44.3921 5.2613 9.3236 -6.2432 0.9391
37 6 Car 0 0 0 10 10 100 100 1.4853 1.8551 4.3802 37.5826 2.8830 22.1468 -9.3680 0.9139
38 5 Car 0 0 0 10 10 100 100 1.7303 1.8378 4.6433 19.0039 3.8644 34.5408 -9.1861 0.9624
38 0 Car 0 0 0 10 10 100 100 1.5375 1.8557 4.9101 -12.1434 4.2890 20.7140 -5.4259 0.9514
38 1 Car 0 0 0 10 10 100 100 1.7410 1.9422 4.6020 -44.4449 5.2769 9.3041 -6.2443 0.9521
38 6 Car 0 0 0 10 10 100 100 1.3661 1.7385 3.9280 36.3143 2.8035 22.2316 -9.3482 0.9801
39 5 Car 0 0 0 10 10 100 100 1.6964 1.7982 4.6518 18.1069 3.8784 34.7946 -9.1595 0.9555
39 0 Car 0 0 0 10 10 100 100 1.5257 1.9055 4.7758 -11.5741 4.2739 20.0061 -5.4486 0.9038
39 1 Car 0 0 0 10 10 100 100 1.7281 1.9089 4.3386 -44.3585 5.2655 9.3179 -6.2474 0.9390
39 6 Car 0 0 0 10 10 100 100 1.4151 1.7325 3.9149 35.4241 2.8805 22.2518 -9.3600 0.9889
40 5 Car 0 0 0 10 10 100 100 1.5421 1.6440 4.3798 17.0904 3.8876 35.0864 -9.1215 0.9347
40 0 Car 0 0 0 10 10 100 100 1.5504 1.8672 4.7781 -10.9761 4.2510 19.4602 -5.4833 0.9248
40 1 Car 0 0 0 10 10 100 100 1.7477 1.9569 4.4084 -44.3911 5.2819 9.3375 -6.2449 0.9210
40 6 Car 0 0 0 10 10 100 100 1.3749 1.6521 4.0829 34.4823 2.8420 22.2772 -9.3693 0.9929
41 5 Car 0 0 0 10 10 100 100 1.6533 1.8212 4.6962 16.3043 3.9169 35.4191 -9.0905 0.9521
41 0 Car 0 0 0 10 10 100 100 1.5869 1.9306 4.9361 -10.3428 4.2490 18.9087 -5.4981 0.9421
41 1 Car 0 0 0 10 10 100 100 1.7829 1.9575 4.4852 -44.4000 5.2940 9.3260 -6.2388 0.8964
41 6 Car 0 0 0 10 10 100 100 1.3820 1.6747 3.6350 33.2599 2.8660 22.3668 -9.3744 0.9941
42 8 Car 0 0 0 10 10 100 100 1.4719 1.4158 4.3660 -34.6424 5.1861 44.7886 -10.1394 0.7990
42 5 Car 0 0 0 10 10 100 100 1.7163 1.8854 5.3816 15.3241 4.0260 35.8457 -9.0777 0.9359
42 0 Car 0 0 0 10 10 100 100 1.5546 1.8939 4.9920 -9.7410 4.2079 18.3563 -5.5464 0.9527
42 1 Car 0 0 0 10 10 100 100 1.7414 1.9203 4.4760 -44.3919 5.2586 9.2963 -6.2393 0.9439
42 6 Car 0 0 0 10 10 100 100 1.3972 1.7386 3.9435 32.4297 2.8951 22.4323 -9.3638 0.9965
43 8 Car 0 0 0 10 10 100 100 1.4390 1.3724 4.1770 -35.6512 5.1376 44.0847 -10.0781 0.9226
43 5 Car 0 0 0 10 10 100 100 1.5396 1.6603 4.7978 14.5818 3.9478 36.1330 -9.0355 0.9286
43 0 Car 0 0 0 10 10 100 100 1.5417 1.8129 4.8179 -9.0390 4.1939 17.8274 -5.6069 0.9442
43 1 Car 0 0 0 10 10 100 100 1.7458 1.9185 4.5047 -44.4352 5.2817 9.3129 -6.2516 0.9524
43 6 Car 0 0 0 10 10 100 100 1.3991 1.6813 4.0096 31.5505 2.9165 22.4897 -9.3766 0.9964
44 8 Car 0 0 0 10 10 100 100 1.4472 1.2355 4.1429 -36.3847 5.1715 43.5033 -10.0679 0.9184
44 5 Car 0 0 0 10 10 100 100 1.5768 1.7071 5.1368 13.5421 3.9924 36.6583 -8.9888 0.9149
44 0 Car 0 0 0 10 10 100 100 1.5917 1.8745 5.0404 -8.3433 4.2028 17.3221 -5.6478 0.9457
44 1 Car 0 0 0 10 10 100 100 1.7655 1.9455 4.5207 -44.4488 5.2972 9.3242 -6.2443 0.8989
44 6 Car 0 0 0 10 10 100 100 1.4172 1.7131 4.0513 30.6577 2.9313 22.5481 -9.3562 0.9976
45 8 Car 0 0 0 10 10 100 100 1.5515 1.7185 4.5469 -37.4362 5.2409 42.9041 -10.0513 0.8333
45 5 Car 0 0 0 10 10 100 100 1.6415 1.8534 5.5167 12.7366 4.0431 37.1179 -8.9661 0.9294
45 0 Car 0 0 0 10 10 100 100 1.5633 1.9125 5.1399 -7.6325 4.1941 16.8412 -5.6833 0.9492
45 1 Car 0 0 0 10 10 100 100 1.7795 1.9288 4.4811 -44.3935 5.2962 9.3060 -6.2391 0.9391
45 6 Car 0 0 0 10 10 100 100 1.3965 1.7506 3.9668 29.7075 2.9443 22.6218 -9.3653 0.9976
46 8 Car 0 0 0 10 10 100 100 1.4381 1.3780 4.5220 -38.4271 5.1966 42.2126 -10.0209 0.7715
46 5 Car 0 0 0 10 10 100 100 1.6541 1.9054 5.4296 12.0644 4.0720 37.5155 -8.9297 0.9310
46 0 Car 0 0 0 10 10 100 100 1.6194 1.8818 5.0272 -6.8080 4.1518 16.3806 -5.7325 0.9509
46 1 Car 0 0 0 10 10 100 100 1.7586 1.8836 4.3876 -44.3675 5.2855 9.2996 -6.2467 0.9351
46 6 Car 0 0 0 10 10 100 100 1.3783 1.7247 3.9225 28.8695 2.9635 22.6741 -9.3562 0.9977
47 8 Car 0 0 0 10 10 100 100 1.5654 1.5998 4.4122 -39.5447 5.2426 41.6558 -9.9918 0.9254
47 5 Car 0 0 0 10 10 100 100 1.6772 1.8750 5.5965 11.3226 4.1012 37.9344 -8.9071 0.9200
47 0 Car 0 0 0 10 10 100 100 1.5595 1.9207 5.0757 -5.9800 4.1321 15.9493 -5.7709 0.9503
47 1 Car 0 0 0 10 10 100 100 1.7441 1.9212 4.3028 -44.2957 5.2830 9.3176 -6.2468 0.9602
47 6 Car 0 0 0 10 10 100 100 1.4073 1.7687 4.1203 27.9186 2.9883 22.7030 -9.3607 0.9974
48 8 Car 0 0 0 10 10 100 100 1.5030 1.4302 4.2181 -40.5995 5.2227 41.0651 -9.9623 0.9070
48 5 Car 0 0 0 10 10 100 100 1.7461 1.9256 5.5597 10.6503 4.1601 38.4122 -8.8769 0.9273
48 0 Car 0 0 0 10 10 100 100 1.5408 1.8045 5.0032 -5.1723 4.1181 15.4963 -5.8029 0.9624
48 1 Car 0 0 0 10 10 100 100 1.7351 1.9261 4.3042 -44.3440 5.2659 9.3128 -6.2512 0.9527
48 6 Car 0 0 0 10 10 100 100 1.4058 1.6387 4.1660 27.0880 3.0667 22.7531 -9.3637 0.9865
49 8 Car 0 0 0 10 10 100 100 1.5972 1.6088 4.3058 -41.7574 5.2581 40.5409 -9.9274 0.8938
49 5 Car 0 0 0 10 10 100 100 1.7036 1.9384 5.4307 9.9920 4.1605 38.9038 -8.8499 0.9253
49 0 Car 0 0 0 10 10 100 100 1.5616 1.8490 4.9842 -4.3505 4.1124 15.1564 -5.8554 0.9267
49 1 Car 0 0 0 10 10 100 100 1.7742 1.9138 4.3849 -44.3712 5.3098 9.3073 -6.2379 0.9414
49 6 Car 0 0 0 10 10 100 100 1.3730 1.7134 4.1532 26.3132 3.0023 22.8170 -9.3642 0.9871
50 8 Car 0 0 0 10 10 100 100 1.6065 1.5233 4.3854 -42.8296 5.3252 40.0659 -9.8684 0.8812
50 5 Car 0 0 0 10 10 100 100 1.6325 1.8530 5.3149 9.2863 4.1607 39.3987 -8.8005 0.9353
50 0 Car 0 0 0 10 10 100 100 1.4995 1.7740 4.9396 -3.3910 4.0942 14.7168 -5.8856 0.9233
50 1 Car 0 0 0 10 10 100 100 1.7428 1.9395 4.4127 -44.3821 5.2847 9.3122 -6.2434 0.9473
50 6 Car 0 0 0 10 10 100 100 1.3400 1.6847 4.0110 25.5192 3.0085 22.8396 -9.3644 0.9940
51 8 Car 0 0 0 10 10 100 100 1.6151 1.5788 4.4616 -43.9462 5.4254 39.7436 -9.8542 0.7458
51 5 Car 0 0 0 10 10 100 100 1.6026 1.8448 5.3934 8.6288 4.1547 39.9252 -8.7742 0.9430
51 0 Car 0 0 0 10 10 100 100 1.5582 1.8423 5.0240 -2.5082 4.1045 14.4616 -5.9203 0.9327
51 1 Car 0 0 0 10 10 100 100 1.7429 1.9375 4.4158 -44.4116 5.2772 9.3071 -6.2459 0.9468
51 6 Car 0 0 0 10 10 100 100 1.3721 1.7150 4.1650 24.7104 3.0518 22.9058 -9.3668 0.9922
52 8 Car 0 0 0 10 10 100 100 1.6425 1.4602 4.2739 -45.0880 5.3929 39.1460 -9.7988 0.8796
52 5 Car 0 0 0 10 10 100 100 1.6202 1.8202 4.9657 7.9128 4.2021 40.4559 -8.7316 0.8276
52 0 Car 0 0 0 10 10 100 100 1.5800 1.8414 5.1515 -1.6098 4.0697 14.1395 -5.9806 0.9413
52 1 Car 0 0 0 10 10 100 100 1.7303 1.9190 4.5151 -44.4352 5.2642 9.3030 -6.2416 0.9393
52 6 Car 0 0 0 10 10 100 100 1.3975 1.6472 3.9507 23.9201 3.0869 22.9203 -9.3790 0.9842
53 8 Car 0 0 0 10 10 100 100 1.6103 1.5836 4.2884 -46.2185 5.4080 38.7401 -9.7562 0.8381
53 5 Car 0 0 0 10 10 100 100 1.6449 1.8120 4.9281 7.3919 4.2639 40.9813 -8.6999 0.8626
53 0 Car 0 0 0 10 10 100 100 1.6038 1.8385 5.0886 -0.6361 4.0366 13.8802 -5.9915 0.9651
53 1 Car 0 0 0 10 10 100 100 1.7661 1.9340 4.5707 -44.4851 5.2756 9.2979 -6.2526 0.9218
53 6 Car 0 0 0 10 10 100 100 1.4952 1.6945 4.1781 23.1578 3.1928 22.9570 -9.3537 0.9937
54 8 Car 0 0 0 10 10 100 100 1.6811 1.7227 4.2241 -47.4963 5.4483 38.5018 -9.7022 0.9067
54 5 Car 0 0 0 10 10 100 100 1.5971 1.8244 4.8744 6.6514 4.2770 41.6861 -8.6693 0.8648
54 0 Car 0 0 0 10 10 100 100 1.5412 1.8127 4.7655 0.4249 3.9748 13.5744 -6.0353 0.9068
54 1 Car 0 0 0 10 10 100 100 1.7175 1.9341 4.5734 -44.4518 5.2523 9.3014 -6.2511 0.9574
54 6 Car 0 0 0 10 10 100 100 1.4703 1.7890 4.1175 22.4482 3.2160 23.0803 -9.3561 0.9915
55 8 Car 0 0 0 10 10 100 100 1.7561 1.7632 4.5666 -48.8586 5.5693 38.1479 -9.7009 0.8144
55 5 Car 0 0 0 10 10 100 100 1.7142 1.9652 4.9218 5.9221 4.3271 42.4941 -8.6371 0.8131
55 0 Car 0 0 0 10 10 100 100 1.6313 1.9151 5.1987 1.2865 4.0190 13.4488 -6.0315 0.9138
55 1 Car 0 0 0 10 10 100 100 1.7459 1.9151 4.2155 -44.3130 5.2881 9.3012 -6.2450 0.9808
55 6 Car 0 0 0 10 10 100 100 1.4585 1.7461 3.9843 21.6830 3.1915 23.1678 -9.3572 0.9822
56 8 Car 0 0 0 10 10 100 100 1.6924 1.8062 4.5402 -50.1262 5.6259 37.8759 -9.6616 0.8763
56 5 Car 0 0 0 10 10 100 100 1.5786 1.7579 4.6554 5.3285 4.3555 43.0723 -8.6381 0.9596
56 0 Car 0 0 0 10 10 100 100 1.5867 1.8195 5.0198 2.2192 3.9376 13.1410 -6.0274 0.9312
56 1 Car 0 0 0 10 10 100 100 1.7634 1.9485 4.5205 -44.4317 5.3015 9.3128 -6.2359 0.9309
56 6 Car 0 0 0 10 10 100 100 1.4340 1.6676 4.0796 20.9422 3.2431 23.1497 -9.3490 0.9954
57 5 Car 0 0 0 10 10 100 100 1.6073 1.7404 4.4352 4.8859 4.4189 43.6056 -8.5741 0.9477
57 0 Car 0 0 0 10 10 100 100 1.5575 1.7148 4.2742 2.8295 3.9055 12.9356 -6.0336 0.9403
57 1 Car 0 0 0 10 10 100 100 1.7450 1.9264 4.3576 -44.3466 5.2682 9.3280 -6.2426 0.9514
57 6 Car 0 0 0 10 10 100 100 1.4581 1.6592 4.2314 20.2353 3.2713 23.2207 -9.3614 0.9884
58 5 Car 0 0 0 10 10 100 100 1.6175 1.8424 4.5365 4.3773 4.4522 44.2714 -8.5390 0.9366
58 0 Car 0 0 0 10 10 100 100 1.5729 1.8234 4.5049 3.9323 3.9061 12.7897 -6.0455 0.9462
58 1 Car 0 0 0 10 10 100 100 1.7806 1.9182 4.3892 -44.3866 5.3012 9.3166 -6.2406 0.9454
58 6 Car 0 0 0 10 10 100 100 1.4994 1.6949 4.1223 19.4850 3.3422 23.2513 -9.3705 0.9933
59 5 Car 0 0 0 10 10 100 100 1.6114 1.9905 4.8967 3.7893 4.4752 45.1533 -8.5174 0.8778
59 0 Car 0 0 0 10 10 100 100 1.5250 1.7893 4.5438 4.9388 3.8563 12.5595 -6.0592 0.9562
59 1 Car 0 0 0 10 10 100 100 1.7363 1.9014 4.3114 -44.2923 5.2605 9.2915 -6.2414 0.9445
59 6 Car 0 0 0 10 10 100 100 1.4814 1.6560 4.0675 18.8496 3.3010 23.2823 -9.3710 0.9945
60 5 Car 0 0 0 10 10 100 100 1.5582 1.8503 4.6426 3.3681 4.4854 45.6779 -8.5066 0.9320
60 0 Car 0 0 0 10 10 100 100 1.6455 1.8211 4.2763 5.8820 3.8260 12.3323 -6.0602 0.9541
60 1 Car 0 0 0 10 10 100 100 1.7529 1.9366 4.4132 -44.3962 5.2859 9.3033 -6.2551 0.9411
60 6 Car 0 0 0 10 10 100 100 1.4956 1.7068 4.0576 18.1805 3.3186 23.3635 -9.3564 0.9989
61 5 Car 0 0 0 10 10 100 100 1.6260 1.8589 4.7127 2.8531 4.5363 46.3925 -8.4594 0.9283
61 0 Car 0 0 0 10 10 100 100 1.5924 1.6071 4.2928 6.9190 3.7954 12.1124 -6.0937 0.9590
61 1 Car 0 0 0 10 10 100 100 1.7576 1.9377 4.4119 -44.3700 5.2935 9.3145 -6.2443 0.9204
61 6 Car 0 0 0 10 10 100 100 1.4966 1.7324 4.0105 17.5459 3.3172 23.4000 -9.3663 0.9936
62 5 Car 0 0 0 10 10 100 100 1.5488 1.7938 4.1955 2.5109 4.5951 46.8707 -8.4555 0.9283
62 0 Car 0 0 0 10 10 100 100 1.5553 1.7590 4.3695 7.8945 3.7318 12.0001 -6.0942 0.9622
62 1 Car 0 0 0 10 10 100 100 1.7435 1.9323 4.3752 -44.3615 5.2667 9.3071 -6.2428 0.9433
62 6 Car 0 0 0 10 10 100 100 1.5353 1.7476 4.0004 16.9201 3.4326 23.4755 -9.3558 0.9854
63 5 Car 0 0 0 10 10 100 100 1.6370 1.8477 4.8450 1.9840 4.6100 47.9241 -8.4070 0.9115
63 0 Car 0 0 0 10 10 100 100 1.5562 1.7909 4.3715 9.0047 3.7131 11.8609 -6.1027 0.9514
63 1 Car 0 0 0 10 10 100 100 1.7526 1.8885 4.3604 -44.3630 5.2900 9.2973 -6.2400 0.9652
63 6 Car 0 0 0 10 10 100 100 1.5467 1.7010 4.1531 16.3386 3.3519 23.5210 -9.3566 0.9868
64 5 Car 0 0 0 10 10 100 100 1.6974 1.8336 4.6218 1.6210 4.6591 48.5322 -8.3918 0.9183
64 0 Car 0 0 0 10 10 100 100 1.5471 1.6948 4.2603 10.0576 3.7141 11.6021 -6.1311 0.9732
64 1 Car 0 0 0 10 10 100 100 1.7413 1.9513 4.3917 -44.3991 5.2836 9.3135 -6.2432 0.9471
64 6 Car 0 0 0 10 10 100 100 1.4408 1.6610 3.9497 15.6800 3.3357 23.5110 -9.3469 0.9889
65 5 Car 0 0 0 10 10 100 100 1.6994 1.7648 4.6435 1.1890 4.6801 49.2151 -8.3792 0.8982
65 0 Car 0 0 0 10 10 100 100 1.5900 1.8869 4.4593 11.1889 3.6935 11.5371 -6.1392 0.9120
65 1 Car 0 0 0 10 10 100 100 1.7422 1.9300 4.3462 -44.3223 5.2667 9.3015 -6.2381 0.9565
65 6 Car 0 0 0 10 10 100 100 1.4046 1.7530 3.9376 15.1131 3.3501 23.6274 -9.3504 0.9804
66 5 Car 0 0 0 10 10 100 100 1.6497 1.7800 4.3746 0.9318 4.6473 49.8787 -8.3709 0.9350
66 0 Car 0 0 0 10 10 100 100 1.5363 1.7777 4.4354 12.3633 3.6252 11.3544 -6.1364 0.9425
66 1 Car 0 0 0 10 10 100 100 1.7586 1.9300 4.3537 -44.3762 5.2898 9.3020 -6.2469 0.9466
66 6 Car 0 0 0 10 10 100 100 1.4067 1.6871 3.9547 14.5693 3.3525 23.6050 -9.3604 0.9918
67 5 Car 0 0 0 10 10 100 100 1.7504 1.9078 4.4552 0.5451 4.6800 50.6332 -8.3388 0.8518
67 0 Car 0 0 0 10 10 100 100 1.5682 1.7651 4.5164 13.3954 3.6147 11.1531 -6.1089 0.9675
67 1 Car 0 0 0 10 10 100 100 1.7564 1.9246 4.3662 -44.3552 5.2716 9.3026 -6.2461 0.9532
67 6 Car 0 0 0 10 10 100 100 1.3530 1.6880 3.8179 14.0236 3.3553 23.6375 -9.3573 0.9936
68 5 Car 0 0 0 10 10 100 100 1.7326 1.8169 4.4695 0.1529 4.7048 51.3983 -8.3421 0.9053
68 0 Car 0 0 0 10 10 100 100 1.5589 1.7509 4.3883 14.5279 3.6013 11.0412 -6.1351 0.9508
68 1 Car 0 0 0 10 10 100 100 1.7611 1.9366 4.3521 -44.2960 5.2891 9.3028 -6.2496 0.9564
68 6 Car 0 0 0 10 10 100 100 1.3246 1.6327 3.9489 13.5302 3.3164 23.6758 -9.3557 0.9950
69 5 Car 0 0 0 10 10 100 100 1.6332 1.8016 4.5361 -0.1961 4.8395 52.1201 -8.3390 0.8903
69 0 Car 0 0 0 10 10 100 100 1.5504 1.7062 4.1484 15.6303 3.5458 10.8272 -6.1411 0.9564
69 1 Car 0 0 0 10 10 100 100 1.7385 1.9063 4.4169 -44.3726 5.2653 9.2959 -6.2473 0.9528
69 6 Car 0 0 0 10 10 100 100 1.3190 1.7014 3.9806 13.0094 3.3430 23.7169 -9.3546 0.9887
70 5 Car 0 0 0 10 10 100 100 1.6427 1.6530 4.3434 -0.6036 4.7127 52.8932 -8.2707 0.9146
70 0 Car 0 0 0 10 10 100 100 1.5633 1.7385 4.1890 16.8031 3.5280 10.6736 -6.1512 0.9468
70 1 Car 0 0 0 10 10 100 100 1.7862 1.9385 4.4901 -44.4322 5.2957 9.3170 -6.2522 0.9370
70 6 Car 0 0 0 10 10 100 100 1.2813 1.6114 3.9931 12.5702 3.3354 23.7351 -9.3573 0.9961
71 5 Car 0 0 0 10 10 100 100 1.5970 1.7700 4.3963 -0.9074 4.8033 53.7355 -8.2211 0.8097
71 0 Car 0 0 0 10 10 100 100 1.5366 1.8069 4.3397 17.9561 3.4695 10.5552 -6.1399 0.9765
71 1 Car 0 0 0 10 10 100 100 1.7435 1.9139 4.4447 -44.3948 5.2652 9.3180 -6.2430 0.9463
71 6 Car 0 0 0 10 10 100 100 1.2927 1.5857 3.9598 12.0773 3.3256 23.7592 -9.3534 0.9981
72 5 Car 0 0 0 10 10 100 100 1.5799 1.9172 4.5942 -1.1459 5.0001 54.5369 -8.2416 0.8016
72 0 Car 0 0 0 10 10 100 100 1.5397 1.6955 4.3467 19.0481 3.4542 10.3923 -6.1583 0.9487
72 1 Car 0 0 0 10 10 100 100 1.7574 1.9238 4.5216 -44.4436 5.2687 9.3117 -6.2557 0.9499
72 6 Car 0 0 0 10 10 100 100 1.4372 1.6777 4.0886 11.5405 3.4139 23.8342 -9.3505 0.9855
73 5 Car 0 0 0 10 10 100 100 1.6869 1.8150 4.6535 -1.3756 4.9342 55.4967 -8.2279 0.6860
73 0 Car 0 0 0 10 10 100 100 1.5179 1.7721 4.3583 20.3221 3.3940 10.2553 -6.1492 0.9584
73 1 Car 0 0 0 10 10 100 100 1.7403 1.9045 4.4446 -44.3932 5.2853 9.3056 -6.2496 0.9414
73 6 Car 0 0 0 10 10 100 100 1.2996 1.6031 3.9562 11.0746 3.3595 23.8607 -9.3593 0.9808
74 0 Car 0 0 0 10 10 100 100 1.5845 1.7135 4.2250 21.5007 3.3733 10.0419 -6.1611 0.9502
74 1 Car 0 0 0 10 10 100 100 1.7670 1.9336 4.4369 -44.4130 5.2886 9.3176 -6.2423 0.9382
74 6 Car 0 0 0 10 10 100 100 1.3935 1.6797 4.2774 10.7303 3.4421 23.9043 -9.3608 0.9781
75 0 Car 0 0 0 10 10 100 100 1.6030 1.7303 4.3560 22.7251 3.3613 9.9347 -6.1631 0.9397
75 1 Car 0 0 0 10 10 100 100 1.7484 1.9128 4.4219 -44.4399 5.2916 9.3027 -6.2421 0.9332
75 6 Car 0 0 0 10 10 100 100 1.4716 1.6270 4.2595 10.1557 3.5271 23.9146 -9.3554 0.9905
76 0 Car 0 0 0 10 10 100 100 1.5868 1.8012 4.2146 23.7757 3.3318 9.8075 -6.1599 0.9611
76 1 Car 0 0 0 10 10 100 100 1.7455 1.9097 4.3371 -44.3244 5.2818 9.3014 -6.2488 0.9523
76 6 Car 0 0 0 10 10 100 100 1.3984 1.6234 4.2298 9.8204 3.4760 23.9576 -9.3584 0.9949
77 0 Car 0 0 0 10 10 100 100 1.5741 1.8278 4.4794 25.0183 3.2853 9.7285 -6.1804 0.9500
77 1 Car 0 0 0 10 10 100 100 1.7967 1.9703 4.4977 -44.4107 5.3175 9.3174 -6.2417 0.9353
77 6 Car 0 0 0 10 10 100 100 1.3884 1.6374 4.2646 9.4184 3.4908 23.9722 -9.3619 0.9848
78 0 Car 0 0 0 10 10 100 100 1.5638 1.7676 4.4179 26.2981 3.2871 9.5707 -6.1881 0.9494
78 1 Car 0 0 0 10 10 100 100 1.7477 1.9393 4.5755 -44.4526 5.2561 9.3052 -6.2484 0.9090
78 6 Car 0 0 0 10 10 100 100 1.2779 1.5709 4.2845 9.0596 3.4219 23.9786 -9.3344 0.9965
79 0 Car 0 0 0 10 10 100 100 1.5293 1.8423 4.4294 27.5418 3.2739 9.4793 -6.1779 0.9534
79 1 Car 0 0 0 10 10 100 100 1.7518 1.9222 4.3381 -44.3463 5.2771 9.3044 -6.2451 0.9534
79 6 Car 0 0 0 10 10 100 100 1.2680 1.5978 4.2992 8.8355 3.3827 23.9840 -9.3466 0.9979
80 0 Car 0 0 0 10 10 100 100 1.5272 1.7682 4.3287 28.6882 3.2486 9.3200 -6.1904 0.9641
80 1 Car 0 0 0 10 10 100 100 1.7347 1.9216 4.4764 -44.4008 5.2681 9.3017 -6.2403 0.9541
80 6 Car 0 0 0 10 10 100 100 1.2308 1.5603 4.2016 8.5208 3.3629 24.0171 -9.3375 0.9966
81 0 Car 0 0 0 10 10 100 100 1.5272 1.7262 4.3213 29.9435 3.2100 9.2320 -6.1969 0.9757
81 1 Car 0 0 0 10 10 100 100 1.7142 1.9155 4.5965 -44.4446 5.2386 9.3019 -6.2562 0.9358
81 6 Car 0 0 0 10 10 100 100 1.3338 1.6345 4.3026 8.2451 3.4663 24.0559 -9.3401 0.9913
82 0 Car 0 0 0 10 10 100 100 1.5773 1.7069 4.2988 31.1468 3.1792 9.1097 -6.1976 0.9406
82 1 Car 0 0 0 10 10 100 100 1.7374 1.9626 4.7239 -44.4779 5.2667 9.3386 -6.2300 0.9355
82 6 Car 0 0 0 10 10 100 100 1.1837 1.5600 4.0709 7.9559 3.3267 24.0028 -9.3474 0.9980
83 0 Car 0 0 0 10 10 100 100 1.5455 1.6961 4.3329 32.2794 3.1384 9.0580 -6.2026 0.9572
83 1 Car 0 0 0 10 10 100 100 1.7524 1.9330 4.4383 -44.3492 5.2746 9.3207 -6.2411 0.9526
83 6 Car 0 0 0 10 10 100 100 1.3085 1.6218 4.0859 7.7440 3.4567 24.0590 -9.3483 0.9974
84 0 Car 0 0 0 10 10 100 100 1.5403 1.6264 4.2971 33.5539 3.1251 8.9385 -6.2007 0.9647
84 1 Car 0 0 0 10 10 100 100 1.7599 1.9702 4.3693 -44.3825 5.2836 9.3002 -6.2519 0.9379
84 6 Car 0 0 0 10 10 100 100 1.4717 1.6499 4.1505 7.4634 3.6289 24.0883 -9.3533 0.9897
85 0 Car 0 0 0 10 10 100 100 1.5690 1.6515 4.2855 34.8343 3.0679 8.9029 -6.2062 0.9706
85 1 Car 0 0 0 10 10 100 100 1.7757 1.8905 4.4968 -44.4299 5.2948 9.2901 -6.2619 0.9467
85 6 Car 0 0 0 10 10 100 100 1.4132 1.5765 3.9556 7.2515 3.5462 24.0932 -9.3402 0.9939
86 0 Car 0 0 0 10 10 100 100 1.5445 1.7518 4.6347 36.1917 3.0195 8.8379 -6.2087 0.9578
86 1 Car 0 0 0 10 10 100 100 1.7718 1.9092 4.3129 -44.3402 5.3040 9.3099 -6.2373 0.9570
86 6 Car 0 0 0 10 10 100 100 1.4573 1.6485 4.0580 7.1216 3.6073 24.1259 -9.3524 0.9974
87 0 Car 0 0 0 10 10 100 100 1.5456 1.7195 4.4446 37.3082 3.0080 8.7762 -6.2290 0.9611
87 1 Car 0 0 0 10 10 100 100 1.7426 1.9040 4.4399 -44.3954 5.2615 9.3391 -6.2420 0.9406
87 6 Car 0 0 0 10 10 100 100 1.4768 1.6740 4.0722 6.9677 3.6444 24.1415 -9.3530 0.9968
88 0 Car 0 0 0 10 10 100 100 1.5624 1.7275 4.3646 38.5591 2.9719 8.7330 -6.2261 0.9827
88 1 Car 0 0 0 10 10 100 100 1.7660 1.9514 4.4652 -44.4303 5.2976 9.3242 -6.2487 0.9401
88 6 Car 0 0 0 10 10 100 100 1.4606 1.6823 3.9819 6.7172 3.6523 24.1788 -9.3673 0.9988
89 0 Car 0 0 0 10 10 100 100 1.5368 1.7734 4.5452 40.0442 2.9272 8.7367 -6.2223 0.9313
89 1 Car 0 0 0 10 10 100 100 1.7432 1.9121 4.4880 -44.4047 5.2632 9.3179 -6.2482 0.9381
89 6 Car 0 0 0 10 10 100 100 1.4900 1.7162 4.1337 6.5940 3.6994 24.2260 -9.3537 0.9993
90 0 Car 0 0 0 10 10 100 100 1.5047 1.8767 4.4553 41.4287 2.8852 8.7224 -6.2579 0.9325
90 1 Car 0 0 0 10 10 100 100 1.7444 1.9062 4.4241 -44.3655 5.2711 9.2996 -6.2463 0.9594
90 6 Car 0 0 0 10 10 100 100 1.4630 1.7590 3.9688 6.3492 3.6900 24.2368 -9.3385 0.9975
91 0 Car 0 0 0 10 10 100 100 1.5039 1.7179 4.0625 42.5958 2.8869 8.6588 -6.2635 0.9604
91 1 Car 0 0 0 10 10 100 100 1.7971 1.9696 4.6153 -44.4524 5.3024 9.3116 -6.2449 0.9298
91 6 Car 0 0 0 10 10 100 100 1.4791 1.7766 4.0735 6.2391 3.7135 24.2757 -9.3430 0.9977
92 0 Car 0 0 0 10 10 100 100 1.5344 1.8412 4.4261 44.0043 2.8393 8.6646 -6.2671 0.8850
92 1 Car 0 0 0 10 10 100 100 1.7465 1.9023 4.3326 -44.3240 5.2645 9.2970 -6.2503 0.9460
92 6 Car 0 0 0 10 10 100 100 1.4522 1.7245 4.0719 6.1819 3.6856 24.2465 -9.3471 0.9973
93 0 Car 0 0 0 10 10 100 100 1.5298 1.8704 4.3329 45.2658 2.8062 8.6487 -6.2750 0.9391
93 1 Car 0 0 0 10 10 100 100 1.7593 1.9610 4.5431 -44.4743 5.2872 9.3100 -6.2484 0.9478
93 6 Car 0 0 0 10 10 100 100 1.4729 1.7204 4.1375 6.0639 3.6974 24.2892 -9.3440 0.9940
94 0 Car 0 0 0 10 10 100 100 1.5279 1.9611 4.9145 46.7377 2.7710 8.6477 -6.2587 0.8913
94 1 Car 0 0 0 10 10 100 100 1.7216 1.9066 4.4387 -44.3915 5.2656 9.3041 -6.2432 0.9563
94 6 Car 0 0 0 10 10 100 100 1.4657 1.7066 4.0778 5.9520 3.6906 24.2683 -9.3448 0.9954
95 0 Car 0 0 0 10 10 100 100 1.5692 1.7812 4.6128 48.0985 2.7560 8.5455 -6.2657 0.8260
95 1 Car 0 0 0 10 10 100 100 1.7479 1.9288 4.3996 -44.3715 5.2711 9.3097 -6.2361 0.9631
95 6 Car 0 0 0 10 10 100 100 1.4618 1.7046 4.0521 5.8598 3.6834 24.2624 -9.3477 0.9943
96 0 Car 0 0 0 10 10 100 100 1.5145 1.7139 4.2486 49.3316 2.6844 8.5199 -6.2742 0.9469
96 1 Car 0 0 0 10 10 100 100 1.7205 1.9207 4.2965 -44.3291 5.2584 9.3189 -6.2416 0.9609
96 6 Car 0 0 0 10 10 100 100 1.4669 1.6605 4.0109 5.7975 3.6892 24.2740 -9.3355 0.9989
97 0 Car 0 0 0 10 10 100 100 1.5379 1.7657 4.4388 50.7601 2.6718 8.5295 -6.2872 0.9240
97 1 Car 0 0 0 10 10 100 100 1.7340 1.9308 4.4698 -44.3790 5.2564 9.3004 -6.2442 0.9612
97 6 Car 0 0 0 10 10 100 100 1.5084 1.7583 4.0860 5.7512 3.7327 24.3196 -9.3485 0.9949
98 0 Car 0 0 0 10 10 100 100 1.5332 1.6675 4.1887 51.9047 2.6220 8.4737 -6.2612 0.9308
98 1 Car 0 0 0 10 10 100 100 1.7635 1.9438 4.5344 -44.4398 5.2887 9.3342 -6.2426 0.9271
98 6 Car 0 0 0 10 10 100 100 1.4817 1.7266 3.9728 5.6841 3.7086 24.2672 -9.3473 0.9900
99 0 Car 0 0 0 10 10 100 100 1.5314 1.6698 4.2974 53.3828 2.6164 8.4434 -6.2540 0.9527
99 1 Car 0 0 0 10 10 100 100 1.7644 1.9123 4.4385 -44.3800 5.2756 9.3110 -6.2513 0.9469
99 6 Car 0 0 0 10 10 100 100 1.4962 1.7410 4.0269 5.6534 3.7235 24.3130 -9.3426 0.9944
100 0 Car 0 0 0 10 10 100 100 1.5349 1.8164 4.3519 54.8331 2.5592 8.5091 -6.2813 0.9135
100 1 Car 0 0 0 10 10 100 100 1.7688 1.9333 4.4231 -44.4155 5.2979 9.3148 -6.2407 0.9460
100 6 Car 0 0 0 10 10 100 100 1.4814 1.7407 4.0678 5.6642 3.7076 24.2961 -9.3496 0.9967
101 0 Car 0 0 0 10 10 100 100 1.5475 1.8153 4.6236 56.3032 2.5549 8.4883 -6.2758 0.9352
101 1 Car 0 0 0 10 10 100 100 1.7234 1.9161 4.5083 -44.3945 5.2561 9.3081 -6.2512 0.9481
101 6 Car 0 0 0 10 10 100 100 1.4854 1.7595 4.0348 5.5493 3.7236 24.2996 -9.3561 0.9935
102 0 Car 0 0 0 10 10 100 100 1.4744 1.6843 4.1495 57.4841 2.4642 8.4477 -6.2530 0.9302
102 1 Car 0 0 0 10 10 100 100 1.7231 1.9221 4.4420 -44.3782 5.2460 9.2977 -6.2429 0.9371
102 6 Car 0 0 0 10 10 100 100 1.4898 1.7422 4.0245 5.5226 3.7224 24.3112 -9.3550 0.9951
103 0 Car 0 0 0 10 10 100 100 1.5061 1.7501 4.3767 58.9589 2.4151 8.4462 -6.2795 0.8953
103 1 Car 0 0 0 10 10 100 100 1.7720 1.9199 4.5110 -44.4317 5.2983 9.3162 -6.2505 0.9253
103 6 Car 0 0 0 10 10 100 100 1.4858 1.7229 3.9220 5.5015 3.7165 24.2726 -9.3531 0.9950
103 9 Car 0 0 0 10 10 100 100 1.7228 2.0951 4.3815 -14.9410 5.0419 60.3963 -10.8615 0.7295
104 0 Car 0 0 0 10 10 100 100 1.5629 1.7631 4.1889 60.2923 2.4089 8.4261 -6.2718 0.9118
104 1 Car 0 0 0 10 10 100 100 1.7508 1.9163 4.3469 -44.3752 5.2854 9.3002 -6.2536 0.9481
104 6 Car 0 0 0 10 10 100 100 1.4518 1.6211 3.9751 5.4515 3.6793 24.2573 -9.3505 0.9990
104 9 Car 0 0 0 10 10 100 100 1.5417 1.8855 4.1987 -15.0240 4.9567 59.3308 -10.7991 0.9651
105 0 Car 0 0 0 10 10 100 100 1.4524 1.6941 4.1466 61.6068 2.3283 8.3980 -6.2569 0.8291
105 1 Car 0 0 0 10 10 100 100 1.7356 1.8813 4.3395 -44.3477 5.2695 9.2952 -6.2491 0.9350
105 6 Car 0 0 0 10 10 100 100 1.5080 1.7789 4.0415 5.4178 3.7295 24.2748 -9.3547 0.9897
105 9 Car 0 0 0 10 10 100 100 1.5184 1.9607 3.9843 -15.2697 4.8990 58.3141 -10.7716 0.9329
106 0 Car 0 0 0 10 10 100 100 1.6111 1.9229 4.5606 63.2550 2.3284 8.3894 -6.2735 0.8844
106 1 Car 0 0 0 10 10 100 100 1.7406 1.9438 4.5939 -44.4661 5.2656 9.3135 -6.2401 0.9279
106 6 Car 0 0 0 10 10 100 100 1.4535 1.6903 4.0086 5.3973 3.6981 24.3109 -9.3479 0.9945
106 9 Car 0 0 0 10 10 100 100 1.5351 1.9879 3.9447 -15.5396 4.8759 57.3105 -10.7791 0.9234
107 0 Car 0 0 0 10 10 100 100 1.5181 1.8349 4.2557 64.5383 2.2722 8.3603 -6.2668 0.9142
107 1 Car 0 0 0 10 10 100 100 1.7486 1.9687 4.3839 -44.3747 5.2746 9.3057 -6.2455 0.9439
107 6 Car 0 0 0 10 10 100 100 1.4738 1.7216 4.0191 5.3555 3.7040 24.2592 -9.3584 0.9931
107 9 Car 0 0 0 10 10 100 100 1.5719 1.9099 4.0088 -15.6610 4.8917 56.4700 -10.7608 0.9284
108 0 Car 0 0 0 10 10 100 100 1.5945 1.8075 4.1997 66.0267 2.2642 8.3395 -6.2629 0.9281
108 1 Car 0 0 0 10 10 100 100 1.7606 1.8894 4.4438 -44.4069 5.2794 9.3015 -6.2531 0.9347
108 6 Car 0 0 0 10 10 100 100 1.4836 1.7396 3.9926 5.3851 3.7113 24.2948 -9.3466 0.9944
108 9 Car 0 0 0 10 10 100 100 1.7227 2.0034 4.1627 -15.8719 4.9483 55.5084 -10.7781 0.8778
109 0 Car 0 0 0 10 10 100 100 1.5216 1.7151 4.1821 67.4199 2.2194 8.2412 -6.2516 0.7970
109 1 Car 0 0 0 10 10 100 100 1.8003 1.9699 4.6777 -44.5235 5.2987 9.3178 -6.2395 0.9017
109 6 Car 0 0 0 10 10 100 100 1.4805 1.7709 3.9650 5.3758 3.7181 24.2980 -9.3566 0.9913
109 9 Car 0 0 0 10 10 100 100 1.8692 2.0499 4.1850 -16.0449 5.0565 54.6023 -10.8152 0.9851
110 1 Car 0 0 0 10 10 100 100 1.7538 1.9195 4.5005 -44.4263 5.2805 9.3243 -6.2408 0.9392
110 6 Car 0 0 0 10 10 100 100 1.4620 1.7209 3.9678 5.3613 3.7027 24.2618 -9.3522 0.9931
110 9 Car 0 0 0 10 10 100 100 1.8682 2.0097 4.3230 -16.2004 4.9637 53.5667 -10.8180 0.9956
111 0 Car 0 0 0 10 10 100 100 1.5173 1.8123 4.3693 70.2503 2.1154 8.1623 -6.2780 0.8284
111 1 Car 0 0 0 10 10 100 100 1.7530 1.9166 4.5517 -44.4525 5.2611 9.3118 -6.2388 0.9428
111 6 Car 0 0 0 10 10 100 100 1.4542 1.7631 4.0222 5.3543 3.6964 24.2681 -9.3563 0.9924
111 9 Car 0 0 0 10 10 100 100 1.7693 1.9195 4.2447 -16.3589 4.9163 52.6745 -10.7755 0.9852
112 0 Car 0 0 0 10 10 100 100 1.4846 1.8791 4.3338 71.7095 2.0877 8.1786 -6.2652 0.6494
112 1 Car 0 0 0 10 10 100 100 1.7138 1.8728 4.4585 -44.3659 5.2522 9.2936 -6.2468 0.9577
112 6 Car 0 0 0 10 10 100 100 1.4325 1.7398 3.9759 5.3617 3.6782 24.2586 -9.3523 0.9909
112 9 Car 0 0 0 10 10 100 100 1.5871 1.9954 4.1859 -16.5587 4.8813 51.6563 -10.8031 0.9784
113 1 Car 0 0 0 10 10 100 100 1.7215 1.9411 4.5305 -44.4318 5.2553 9.3293 -6.2375 0.9368
113 6 Car 0 0 0 10 10 100 100 1.4780 1.7469 4.0303 5.3348 3.7174 24.2644 -9.3611 0.9922
113 9 Car 0 0 0 10 10 100 100 1.5612 1.9756 4.0131 -16.7353 4.8047 50.7255 -10.8257 0.9957
114 1 Car 0 0 0 10 10 100 100 1.7250 1.9084 4.4934 -44.4277 5.2442 9.2978 -6.2445 0.9532
114 6 Car 0 0 0 10 10 100 100 1.4452 1.7051 3.9754 5.3516 3.6945 24.2537 -9.3543 0.9936
114 9 Car 0 0 0 10 10 100 100 1.6294 1.9979 4.2451 -16.8409 4.7904 49.9586 -10.8275 0.9900
115 1 Car 0 0 0 10 10 100 100 1.7450 1.9276 4.5607 -44.4791 5.2907 9.3079 -6.2462 0.9486
115 6 Car 0 0 0 10 10 100 100 1.5085 1.7789 3.9646 5.3451 3.7314 24.2805 -9.3572 0.9931
115 9 Car 0 0 0 10 10 100 100 1.6397 2.0020 4.2539 -16.9678 4.8980 49.0806 -10.8271 0.9589
116 1 Car 0 0 0 10 10 100 100 1.7667 1.9278 4.5518 -44.4671 5.2841 9.3167 -6.2383 0.9217
116 6 Car 0 0 0 10 10 100 100 1.4483 1.6892 3.9391 5.3684 3.6871 24.2579 -9.3575 0.9981
116 9 Car 0 0 0 10 10 100 100 1.6277 2.0234 4.0884 -17.0943 4.8467 48.1797 -10.8332 0.9879
117 1 Car 0 0 0 10 10 100 100 1.7407 1.8992 4.3894 -44.3641 5.2612 9.3037 -6.2411 0.9494
117 6 Car 0 0 0 10 10 100 100 1.4698 1.6836 3.9442 5.3176 3.7006 24.2655 -9.3574 0.9959
117 9 Car 0 0 0 10 10 100 100 1.6803 1.9831 4.2019 -17.1753 4.8641 47.4606 -10.8527 0.9823
118 1 Car 0 0 0 10 10 100 100 1.7266 1.9112 4.3922 -44.3706 5.2576 9.2982 -6.2565 0.9534
118 6 Car 0 0 0 10 10 100 100 1.4740 1.7654 4.0609 5.3891 3.7088 24.2762 -9.3528 0.9912
118 9 Car 0 0 0 10 10 100 100 1.7360 1.9490 4.3202 -17.2684 4.8868 46.5975 -10.8682 0.9823
119 1 Car 0 0 0 10 10 100 100 1.7375 1.9287 4.5300 -44.4338 5.2608 9.3128 -6.2489 0.9371
119 6 Car 0 0 0 10 10 100 100 1.4303 1.7408 3.9451 5.3824 3.6741 24.2601 -9.3536 0.9822
119 9 Car 0 0 0 10 10 100 100 1.7801 2.0224 4.3644 -17.3856 4.9072 45.8362 -10.8669 0.9820
120 1 Car 0 0 0 10 10 100 100 1.7644 1.9540 4.4951 -44.4285 5.2955 9.3129 -6.2360 0.9607
120 6 Car 0 0 0 10 10 100 100 1.5060 1.7461 3.9671 5.3731 3.7362 24.2836 -9.3546 0.9941
120 9 Car 0 0 0 10 10 100 100 1.7855 2.0292 4.3050 -17.4817 4.8441 44.9917 -10.8817 0.9972
121 1 Car 0 0 0 10 10 100 100 1.7448 1.9443 4.5042 -44.4219 5.2771 9.3113 -6.2404 0.9654
121 6 Car 0 0 0 10 10 100 100 1.4942 1.7331 3.9824 5.3721 3.7242 24.2872 -9.3519 0.9959
121 9 Car 0 0 0 10 10 100 100 1.7977 2.0306 4.4587 -17.5354 4.8377 44.2872 -10.8853 0.9956
122 1 Car 0 0 0 10 10 100 100 1.7381 1.9106 4.2928 -44.3311 5.2773 9.3114 -6.2435 0.9683
122 6 Car 0 0 0 10 10 100 100 1.4764 1.7577 4.0411 5.3858 3.7191 24.2886 -9.3494 0.9847
122 9 Car 0 0 0 10 10 100 100 1.7398 1.9671 4.3304 -17.5584 4.7792 43.5648 -10.8909 0.9975
123 1 Car 0 0 0 10 10 100 100 1.7444 1.9290 4.5064 -44.4161 5.2659 9.3078 -6.2410 0.9354
123 6 Car 0 0 0 10 10 100 100 1.4646 1.7173 4.0096 5.3288 3.6934 24.2376 -9.3569 0.9865
123 9 Car 0 0 0 10 10 100 100 1.7691 1.9542 4.4062 -17.6240 4.7925 42.8618 -10.9041 0.9984
124 1 Car 0 0 0 10 10 100 100 1.7323 1.9488 4.4308 -44.4113 5.2603 9.3062 -6.2494 0.9554
124 6 Car 0 0 0 10 10 100 100 1.4949 1.7809 3.9909 5.3686 3.7298 24.2981 -9.3600 0.9888
124 9 Car 0 0 0 10 10 100 100 1.7628 1.9616 4.3857 -17.6795 4.7750 42.1476 -10.9036 0.9969
125 1 Car 0 0 0 10 10 100 100 1.7263 1.8892 4.4881 -44.4070 5.2639 9.2922 -6.2511 0.9509
125 6 Car 0 0 0 10 10 100 100 1.5116 1.7945 4.0293 5.3271 3.7427 24.3004 -9.3571 0.9865
125 9 Car 0 0 0 10 10 100 100 1.8179 1.9805 4.3390 -17.7183 4.7770 41.4847 -10.9241 0.9984
126 1 Car 0 0 0 10 10 100 100 1.7260 1.9208 4.4416 -44.4219 5.2529 9.3090 -6.2479 0.9557
126 6 Car 0 0 0 10 10 100 100 1.4804 1.7282 4.0689 5.3652 3.7216 24.2715 -9.3629 0.9935
126 9 Car 0 0 0 10 10 100 100 1.8395 1.9692 4.4276 -17.7653 4.7768 40.8671 -10.9203 0.9974
127 1 Car 0 0 0 10 10 100 100 1.7637 1.9258 4.4059 -44.3765 5.2837 9.2902 -6.2399 0.9280
127 6 Car 0 0 0 10 10 100 100 1.4674 1.7305 3.9459 5.3521 3.6998 24.2644 -9.3589 0.9919
127 9 Car 0 0 0 10 10 100 100 1.8126 1.9946 4.3778 -17.8065 4.7719 40.1618 -10.9402 0.9946
128 1 Car 0 0 0 10 10 100 100 1.7177 1.8730 4.4389 -44.3751 5.2415 9.3046 -6.2542 0.9497
128 6 Car 0 0 0 10 10 100 100 1.4999 1.7473 4.0713 5.3649 3.7321 24.2816 -9.3606 0.9913
128 9 Car 0 0 0 10 10 100 100 1.7519 2.0436 4.4254 -17.8539 4.7816 39.4834 -10.9392 0.9907
129 1 Car 0 0 0 10 10 100 100 1.7561 1.9327 4.6571 -44.4443 5.2743 9.3047 -6.2476 0.9409
129 6 Car 0 0 0 10 10 100 100 1.4808 1.7413 4.0216 5.3638 3.7173 24.2581 -9.3525 0.9956
129 9 Car 0 0 0 10 10 100 100 1.8268 2.0465 4.4320 -17.8629 4.8035 38.8269 -10.9539 0.9945
130 1 Car 0 0 0 10 10 100 100 1.7296 1.8900 4.3808 -44.3764 5.2595 9.3069 -6.2515 0.9428
130 6 Car 0 0 0 10 10 100 100 1.4807 1.7767 3.9981 5.3822 3.7192 24.2852 -9.3495 0.9919
130 9 Car 0 0 0 10 10 100 100 1.8125 2.0296 4.5014 -17.8424 4.7379 38.2387 -10.9623 0.9969
131 1 Car 0 0 0 10 10 100 100 1.7311 1.9616 4.5479 -44.4514 5.2693 9.3168 -6.2470 0.9359
131 6 Car 0 0 0 10 10 100 100 1.4783 1.7440 3.9736 5.3352 3.7181 24.2796 -9.3519 0.9935
131 9 Car 0 0 0 10 10 100 100 1.8086 2.0100 4.5384 -17.8220 4.7369 37.6085 -10.9791 0.9926
132 1 Car 0 0 0 10 10 100 100 1.7463 1.8904 4.3605 -44.3573 5.2716 9.2978 -6.2454 0.9386
132 6 Car 0 0 0 10 10 100 100 1.4255 1.7194 3.9993 5.4285 3.6633 24.2407 -9.3370 0.9880
132 9 Car 0 0 0 10 10 100 100 1.7892 2.0084 4.3401 -17.8082 4.7851 36.8737 -10.9874 0.9990
133 1 Car 0 0 0 10 10 100 100 1.7489 1.9420 4.4866 -44.3780 5.2811 9.3193 -6.2431 0.9523
133 6 Car 0 0 0 10 10 100 100 1.4807 1.7184 4.0220 5.3845 3.7147 24.2937 -9.3522 0.9965
133 9 Car 0 0 0 10 10 100 100 1.8027 2.0089 4.4655 -17.7914 4.7376 36.3031 -11.0022 0.9936
134 1 Car 0 0 0 10 10 100 100 1.7474 1.9239 4.5701 -44.4178 5.2614 9.3073 -6.2474 0.9432
134 6 Car 0 0 0 10 10 100 100 1.4574 1.6961 4.0220 5.3623 3.6906 24.2680 -9.3422 0.9960
134 9 Car 0 0 0 10 10 100 100 1.8208 1.9972 4.5280 -17.7592 4.7349 35.6789 -4.7420 0.9930
135 1 Car 0 0 0 10 10 100 100 1.7399 1.9340 4.4985 -44.3932 5.2646 9.3132 -6.2424 0.9560
135 6 Car 0 0 0 10 10 100 100 1.5069 1.7852 3.9929 5.3687 3.7342 24.3131 -9.3477 0.9919
135 9 Car 0 0 0 10 10 100 100 1.7718 2.0066 4.5156 -17.6905 4.6486 35.0518 -4.7589 0.9983
136 1 Car 0 0 0 10 10 100 100 1.7588 1.9176 4.4741 -44.4336 5.2819 9.3173 -6.2469 0.9463
136 6 Car 0 0 0 10 10 100 100 1.4854 1.7854 3.9983 5.3607 3.7168 24.2995 -9.3499 0.9885
136 9 Car 0 0 0 10 10 100 100 1.7684 2.0034 4.4315 -17.6385 4.6704 34.4470 -4.7772 0.9975
137 1 Car 0 0 0 10 10 100 100 1.7348 1.9059 4.4062 -44.3871 5.2553 9.3094 -6.2446 0.9491
137 6 Car 0 0 0 10 10 100 100 1.4762 1.7244 4.1034 5.3937 3.7126 24.2821 -9.3537 0.9953
137 9 Car 0 0 0 10 10 100 100 1.7564 1.9476 4.3374 -17.5679 4.6592 33.7638 -4.7787 0.9978
138 1 Car 0 0 0 10 10 100 100 1.7225 1.9086 4.3036 -44.2542 5.2584 9.3011 -6.2416 0.9627
138 6 Car 0 0 0 10 10 100 100 1.4884 1.7355 4.1251 5.3963 3.7175 24.2776 -9.3478 0.9876
138 9 Car 0 0 0 10 10 100 100 1.8107 1.9832 4.4096 -17.5179 4.6618 33.1481 -4.7919 0.9979
139 1 Car 0 0 0 10 10 100 100 1.7294 1.9117 4.4897 -44.3797 5.2604 9.3062 -6.2473 0.9404
139 6 Car 0 0 0 10 10 100 100 1.4590 1.7122 3.9541 5.3494 3.6982 24.3147 -9.3455 0.9964
139 9 Car 0 0 0 10 10 100 100 1.7959 1.9688 4.4507 -17.4125 4.6221 32.6324 -4.7983 0.9968
140 1 Car 0 0 0 10 10 100 100 1.7585 1.9235 4.5573 -44.3013 5.2828 9.2942 -6.2520 0.9239
140 6 Car 0 0 0 10 10 100 100 1.4721 1.7404 3.9787 5.3806 3.7193 24.3091 -9.3468 0.9950
140 9 Car 0 0 0 10 10 100 100 1.8245 1.9935 4.4535 -17.3788 4.6409 32.0143 -4.8036 0.9991
141 1 Car 0 0 0 10 10 100 100 1.7264 1.9024 4.3413 -44.2124 5.2574 9.2904 -6.2493 0.9561
141 6 Car 0 0 0 10 10 100 100 1.4595 1.6869 3.9279 5.3935 3.6968 24.2762 -9.3469 0.9978
141 9 Car 0 0 0 10 10 100 100 1.8193 2.0330 4.4369 -17.3090 4.6534 31.4088 -4.7984 0.9985
142 1 Car 0 0 0 10 10 100 100 1.7454 1.9189 4.5171 -44.2625 5.2634 9.3101 -6.2507 0.9495
142 6 Car 0 0 0 10 10 100 100 1.4382 1.7072 3.9868 5.3527 3.6806 24.2492 -9.3394 0.9937
142 9 Car 0 0 0 10 10 100 100 1.8429 2.0327 4.5224 -17.2245 4.6493 30.8216 -4.8403 0.9986
143 1 Car 0 0 0 10 10 100 100 1.7088 1.9100 4.5135 -44.2245 5.2419 9.3014 -6.2348 0.9318
143 6 Car 0 0 0 10 10 100 100 1.4586 1.7597 3.9881 5.3747 3.6972 24.2468 -9.3449 0.9777
143 9 Car 0 0 0 10 10 100 100 1.7849 2.0013 4.5643 -17.0562 4.5538 30.2479 -4.8836 0.9953
144 1 Car 0 0 0 10 10 100 100 1.7421 1.9309 4.4964 -44.1830 5.2674 9.3121 -6.2385 0.9639
144 6 Car 0 0 0 10 10 100 100 1.4786 1.7333 3.9953 5.3904 3.7108 24.3056 -9.3438 0.9967
144 9 Car 0 0 0 10 10 100 100 1.8489 1.9485 4.4464 -16.9491 4.6047 29.6076 -4.8844 0.9952
145 1 Car 0 0 0 10 10 100 100 1.7505 1.9811 4.4280 -44.1336 5.2738 9.2880 -6.2608 0.9665
145 6 Car 0 0 0 10 10 100 100 1.5013 1.7425 4.0066 5.3917 3.7385 24.3029 -9.3438 0.9870
145 9 Car 0 0 0 10 10 100 100 1.8419 1.9827 4.6116 -16.8698 4.5762 29.1186 -4.8913 0.9872
146 1 Car 0 0 0 10 10 100 100 1.7624 1.9518 4.7115 -44.1938 5.2450 9.2816 -6.2560 0.9485
146 6 Car 0 0 0 10 10 100 100 1.5033 1.7306 4.1021 5.4004 3.7313 24.2864 -9.3536 0.9923
146 9 Car 0 0 0 10 10 100 100 1.8058 1.9702 4.6653 -16.7144 4.5001 28.5586 -4.9154 0.9779
147 1 Car 0 0 0 10 10 100 100 1.7615 1.9848 4.5414 -44.0788 5.2645 9.3405 -6.2498 0.9049
147 6 Car 0 0 0 10 10 100 100 1.4976 1.7952 4.0777 5.4133 3.7309 24.3020 -9.3548 0.9880
147 9 Car 0 0 0 10 10 100 100 1.8125 2.0085 4.6942 -16.5912 4.4960 27.9600 -4.9201 0.9842
148 1 Car 0 0 0 10 10 100 100 1.7610 1.9798 4.6516 -44.0665 5.2730 9.3113 -6.2518 0.9335
148 6 Car 0 0 0 10 10 100 100 1.4778 1.7092 3.9921 5.3625 3.7103 24.2831 -9.3450 0.9956
148 9 Car 0 0 0 10 10 100 100 1.8063 1.9405 4.6261 -16.4285 4.4876 27.4171 -4.9454 0.9888
149 1 Car 0 0 0 10 10 100 100 1.7849 2.0148 4.5286 -43.8884 5.2903 9.3107 -6.2656 0.9525
149 6 Car 0 0 0 10 10 100 100 1.4786 1.7362 4.0411 5.3590 3.7126 24.2827 -9.3452 0.9903
149 9 Car 0 0 0 10 10 100 100 1.8279 1.9639 4.5614 -16.2677 4.4978 26.8736 -4.9702 0.9924
150 1 Car 0 0 0 10 10 100 100 1.7885 1.9339 4.4472 -43.7607 5.3043 9.2993 -6.2376 0.9799
150 6 Car 0 0 0 10 10 100 100 1.4922 1.7908 4.0084 5.3356 3.7322 24.3240 -9.3538 0.9872
150 9 Car 0 0 0 10 10 100 100 1.8542 2.0277 4.6579 -16.0768 4.4926 26.3546 -4.9771 0.9950
151 1 Car 0 0 0 10 10 100 100 1.7890 1.9851 4.4911 -43.6290 5.2802 9.2841 -6.2420 0.9664
151 6 Car 0 0 0 10 10 100 100 1.4866 1.7431 3.9765 5.3663 3.7220 24.3099 -9.3514 0.9913
151 9 Car 0 0 0 10 10 100 100 1.7981 1.9983 4.5524 -15.8979 4.4410 25.8153 -5.0054 0.9920
152 1 Car 0 0 0 10 10 100 100 1.7272 1.9713 4.4016 -43.4332 5.2572 9.2916 -6.2376 0.9643
152 6 Car 0 0 0 10 10 100 100 1.4468 1.6794 3.9265 5.3886 3.6804 24.2654 -9.3466 0.9977
152 9 Car 0 0 0 10 10 100 100 1.8975 2.0908 4.7171 -15.7575 4.4620 25.3530 -5.0253 0.9739
153 1 Car 0 0 0 10 10 100 100 1.6779 1.9639 4.4822 -43.3475 5.2245 9.2926 -6.2331 0.9828
153 6 Car 0 0 0 10 10 100 100 1.4702 1.7149 4.0341 5.3424 3.7020 24.2866 -9.3513 0.9885
153 9 Car 0 0 0 10 10 100 100 1.8582 2.0181 4.6207 -15.5353 4.4489 24.8303 -5.0485 0.9905
154 1 Car 0 0 0 10 10 100 100 1.7038 1.9540 4.6472 -43.2737 5.2396 9.2891 -6.2339 0.9708
154 6 Car 0 0 0 10 10 100 100 1.4887 1.7071 4.0393 5.4018 3.7205 24.2741 -9.3603 0.9914
154 9 Car 0 0 0 10 10 100 100 1.8909 1.9807 4.5865 -15.3469 4.4464 24.3930 -5.0612 0.9860
155 1 Car 0 0 0 10 10 100 100 1.6025 1.8976 4.4062 -43.0086 5.2546 9.2550 -6.2354 0.9852
155 6 Car 0 0 0 10 10 100 100 1.4469 1.7258 4.0586 5.3784 3.6881 24.2715 -9.3489 0.9937
155 9 Car 0 0 0 10 10 100 100 1.8978 2.0862 4.7827 -15.0953 4.4354 23.8935 -5.0919 0.9896
156 1 Car 0 0 0 10 10 100 100 1.6231 1.9710 4.4734 -42.9204 5.2576 9.2636 -6.2610 0.9679
156 6 Car 0 0 0 10 10 100 100 1.4990 1.7624 3.9632 5.3258 3.7220 24.3057 -9.3592 0.9894
156 9 Car 0 0 0 10 10 100 100 1.8311 1.9622 4.6568 -14.8822 4.3872 23.3822 -5.1324 0.9856
157 1 Car 0 0 0 10 10 100 100 1.6954 1.9983 4.6917 -42.8256 5.2930 9.2589 -6.2533 0.9429
157 6 Car 0 0 0 10 10 100 100 1.4767 1.7390 4.0156 5.3318 3.7075 24.2857 -9.3514 0.9930
157 9 Car 0 0 0 10 10 100 100 1.8305 1.9497 4.5880 -14.5985 4.3818 22.9159 -5.1607 0.9913
158 1 Car 0 0 0 10 10 100 100 1.6826 1.9874 4.6857 -42.6138 5.2393 9.2506 -6.2626 0.9552
158 6 Car 0 0 0 10 10 100 100 1.4524 1.7194 4.0109 5.3688 3.6967 24.2667 -9.3525 0.9935
158 9 Car 0 0 0 10 10 100 100 1.8607 2.0072 4.4742 -14.3204 4.3883 22.4515 -5.1841 0.9878
158 10 Car 0 0 0 10 10 100 100 2.0893 1.8659 4.9590 -50.4677 5.4919 9.6184 -6.2624 0.7672
159 1 Car 0 0 0 10 10 100 100 1.6157 1.9002 4.1918 -42.2199 5.1935 9.2309 -6.2373 0.9868
159 6 Car 0 0 0 10 10 100 100 1.4970 1.7479 3.9872 5.3579 3.7247 24.3188 -9.3438 0.9944
159 9 Car 0 0 0 10 10 100 100 1.8491 1.9347 4.4595 -14.0995 4.3532 22.0303 -5.2130 0.9947
159 10 Car 0 0 0 10 10 100 100 2.1023 1.7844 4.7772 -50.2438 5.5130 9.6405 -6.2480 0.7802
160 1 Car 0 0 0 10 10 100 100 1.6149 1.9317 4.2982 -42.0548 5.1919 9.2510 -6.2452 0.9854
160 6 Car 0 0 0 10 10 100 100 1.4490 1.6917 4.0182 5.3607 3.6985 24.2905 -9.3378 0.9951
160 9 Car 0 0 0 10 10 100 100 1.8446 1.9381 4.5085 -13.7857 4.3422 21.5706 -5.2518 0.9956
160 10 Car 0 0 0 10 10 100 100 2.2475 1.7808 5.1661 -50.3099 5.5514 9.6613 -6.2458 0.8747
161 1 Car 0 0 0 10 10 100 100 1.6350 1.9328 4.3088 -41.8344 5.1661 9.2340 -6.2542 0.9826
161 6 Car 0 0 0 10 10 100 100 1.4675 1.6887 3.9511 5.3722 3.7002 24.3007 -9.3456 0.9980
161 9 Car 0 0 0 10 10 100 100 1.8690 2.1400 4.8265 -13.5349 4.3255 21.2784 -5.2727 0.9841
161 10 Car 0 0 0 10 10 100 100 2.1651 1.7645 5.0699 -50.1109 5.5649 9.6105 -6.2363 0.8428
