10 2 Car 0 0 0 10 10 100 100 1.5337 1.9400 4.4939 16.0778 3.6504 26.6036 -9.3498 0.9810
10 0 Car 0 0 0 10 10 100 100 1.5503 1.6483 3.7214 7.8054 3.8435 27.0321 -9.3446 0.9957
10 1 Car 0 0 0 10 10 100 100 1.3933 1.7076 4.2188 8.5613 3.3303 23.5423 -9.3701 0.9845
11 2 Car 0 0 0 10 10 100 100 1.5332 1.7464 4.4070 16.0530 3.6335 26.5490 -9.3419 0.9932
11 0 Car 0 0 0 10 10 100 100 1.5644 1.6356 3.6599 7.7951 3.8491 27.0461 -9.3545 0.9967
11 1 Car 0 0 0 10 10 100 100 1.4310 1.6989 4.2463 8.5509 3.3563 23.5354 -9.3685 0.9936
12 2 Car 0 0 0 10 10 100 100 1.5322 1.9104 4.5140 16.0781 3.6300 26.5742 -9.3385 0.9594
12 0 Car 0 0 0 10 10 100 100 1.5624 1.6302 3.7586 7.7731 3.8557 27.0268 -9.3356 0.9958
12 1 Car 0 0 0 10 10 100 100 1.4254 1.7077 4.2246 8.5420 3.3485 23.5408 -9.3721 0.9933
13 2 Car 0 0 0 10 10 100 100 1.5484 1.9292 4.5367 16.0820 3.6488 26.5727 -9.3538 0.9809
13 0 Car 0 0 0 10 10 100 100 1.5571 1.6309 3.6568 7.7860 3.8519 27.0587 -9.3606 0.9992
13 1 Car 0 0 0 10 10 100 100 1.3430 1.7193 4.2155 8.5220 3.3146 23.5518 -9.3734 0.9765
14 2 Car 0 0 0 10 10 100 100 1.5489 1.8651 4.4851 16.0737 3.6539 26.5750 -9.3408 0.9924
14 0 Car 0 0 0 10 10 100 100 1.5509 1.6237 3.7381 7.7714 3.8397 27.0549 -9.3561 0.9953
14 1 Car 0 0 0 10 10 100 100 1.3691 1.7258 4.2350 8.5627 3.3206 23.5678 -9.3720 0.9791
15 2 Car 0 0 0 10 10 100 100 1.5084 1.8818 4.4852 16.0640 3.6318 26.6168 -9.3493 0.9806
15 0 Car 0 0 0 10 10 100 100 1.5491 1.5986 3.6598 7.7881 3.8350 27.0289 -9.3448 0.9963
15 1 Car 0 0 0 10 10 100 100 1.3647 1.7164 4.2265 8.5366 3.3139 23.5454 -9.3803 0.9794
16 2 Car 0 0 0 10 10 100 100 1.5135 1.9322 4.5173 16.0822 3.6367 26.6127 -9.3403 0.9925
16 0 Car 0 0 0 10 10 100 100 1.5606 1.6316 3.7204 7.8064 3.8409 27.0137 -9.3490 0.9900
16 1 Car 0 0 0 10 10 100 100 1.4365 1.7298 4.2818 8.5329 3.3640 23.5613 -9.3737 0.9885
17 2 Car 0 0 0 10 10 100 100 1.5235 1.9411 4.5015 16.0641 3.6454 26.6170 -9.3532 0.9874
17 0 Car 0 0 0 10 10 100 100 1.5582 1.6188 3.6753 7.7762 3.8434 27.0603 -9.3453 0.9983
17 1 Car 0 0 0 10 10 100 100 1.3817 1.7139 4.2068 8.5593 3.3274 23.5608 -9.3695 0.9836
18 2 Car 0 0 0 10 10 100 100 1.4801 1.7853 4.5084 16.0811 3.6160 26.5758 -9.3543 0.9809
18 0 Car 0 0 0 10 10 100 100 1.5516 1.6050 3.6553 7.7702 3.8442 27.0571 -9.3498 0.9969
18 1 Car 0 0 0 10 10 100 100 1.4031 1.7436 4.1824 8.5175 3.3272 23.5622 -9.3715 0.9916
19 2 Car 0 0 0 10 10 100 100 1.5390 1.8609 4.5164 16.0623 3.6382 26.5466 -9.3474 0.9661
19 0 Car 0 0 0 10 10 100 100 1.5623 1.6114 3.6793 7.7595 3.8405 27.0503 -9.3574 0.9943
19 1 Car 0 0 0 10 10 100 100 1.4002 1.7281 4.1353 8.5365 3.3356 23.5492 -9.3686 0.9871
20 2 Car 0 0 0 10 10 100 100 1.5079 1.9396 4.5145 16.0827 3.6322 26.6184 -9.3471 0.9931
20 0 Car 0 0 0 10 10 100 100 1.5511 1.5969 3.6431 7.7884 3.8284 27.0451 -9.3343 0.9924
20 1 Car 0 0 0 10 10 100 100 1.3723 1.7453 4.1870 8.5185 3.3168 23.5446 -9.3696 0.9837
21 2 Car 0 0 0 10 10 100 100 1.5142 1.9239 4.5030 16.0800 3.6432 26.6077 -9.3531 0.9885
21 0 Car 0 0 0 10 10 100 100 1.5260 1.5658 3.6023 7.7871 3.8032 27.0341 -9.3340 0.9978
21 1 Car 0 0 0 10 10 100 100 1.4004 1.7474 4.1592 8.5415 3.3430 23.5578 -9.3776 0.9865
22 2 Car 0 0 0 10 10 100 100 1.5024 1.9532 4.4831 16.0712 3.6299 26.6108 -9.3508 0.9852
22 0 Car 0 0 0 10 10 100 100 1.5361 1.5503 3.6533 7.8157 3.7947 26.9545 -9.3118 0.9935
22 1 Car 0 0 0 10 10 100 100 1.3887 1.7132 4.2320 8.5345 3.3389 23.5539 -9.3733 0.9818
23 2 Car 0 0 0 10 10 100 100 1.5480 1.9704 4.5457 16.0765 3.6479 26.5885 -9.3394 0.9824
23 0 Car 0 0 0 10 10 100 100 1.5583 1.5700 3.6924 7.7695 3.8357 27.0316 -9.3543 0.9976
23 1 Car 0 0 0 10 10 100 100 1.4061 1.6967 4.1812 8.5509 3.3438 23.5451 -9.3728 0.9894
24 2 Car 0 0 0 10 10 100 100 1.5264 1.8646 4.4875 16.0761 3.6491 26.6015 -9.3444 0.9907
24 0 Car 0 0 0 10 10 100 100 1.5656 1.6564 3.7541 7.7920 3.8458 27.0562 -9.3275 0.9981
24 1 Car 0 0 0 10 10 100 100 1.4152 1.7147 4.2420 8.5577 3.3478 23.5540 -9.3743 0.9931
25 2 Car 0 0 0 10 10 100 100 1.5255 1.9657 4.5619 16.0799 3.6293 26.6029 -9.3360 0.9637
25 0 Car 0 0 0 10 10 100 100 1.5468 1.6020 3.6654 7.7767 3.8265 27.0553 -9.3347 0.9977
25 1 Car 0 0 0 10 10 100 100 1.4065 1.7254 4.1503 8.5242 3.3303 23.5577 -9.3811 0.9893
26 2 Car 0 0 0 10 10 100 100 1.5414 1.8995 4.5404 16.0851 3.6462 26.5797 -9.3490 0.9891
26 0 Car 0 0 0 10 10 100 100 1.5480 1.6026 3.6423 7.8006 3.8365 27.0490 -9.3455 0.9985
26 1 Car 0 0 0 10 10 100 100 1.3486 1.7241 4.1930 8.5578 3.2982 23.5520 -9.3733 0.9815
27 2 Car 0 0 0 10 10 100 100 1.5431 1.9441 4.5432 16.0867 3.6378 26.6020 -9.3457 0.9726
27 0 Car 0 0 0 10 10 100 100 1.5403 1.5928 3.5970 7.8047 3.8163 27.0454 -9.3369 0.9953
27 1 Car 0 0 0 10 10 100 100 1.3865 1.7144 4.1578 8.5290 3.3272 23.5393 -9.3745 0.9907
28 2 Car 0 0 0 10 10 100 100 1.5501 2.0025 4.5519 16.0825 3.6468 26.6065 -9.3473 0.9689
28 0 Car 0 0 0 10 10 100 100 1.5572 1.6202 3.6499 7.8072 3.8248 27.0504 -9.3336 0.9969
28 1 Car 0 0 0 10 10 100 100 1.3808 1.7250 4.2307 8.5500 3.3182 23.5550 -9.3700 0.9829
29 2 Car 0 0 0 10 10 100 100 1.5131 1.8990 4.5556 16.0691 3.6277 26.5876 -9.3429 0.9831
29 0 Car 0 0 0 10 10 100 100 1.5200 1.5058 3.6401 7.7698 3.7795 26.9463 -9.3470 0.9926
29 1 Car 0 0 0 10 10 100 100 1.4108 1.7159 4.2267 8.5584 3.3343 23.5495 -9.3716 0.9915
30 2 Car 0 0 0 10 10 100 100 1.5306 1.8924 4.5169 16.0609 3.6358 26.5563 -9.3477 0.9852
30 0 Car 0 0 0 10 10 100 100 1.5496 1.6042 3.6804 7.7628 3.8362 27.0484 -9.3711 0.9962
30 1 Car 0 0 0 10 10 100 100 1.3891 1.7656 4.1740 8.5618 3.3184 23.5632 -9.3755 0.9844
31 2 Car 0 0 0 10 10 100 100 1.5307 1.9749 4.5658 16.0713 3.6470 26.6123 -9.3405 0.9907
31 0 Car 0 0 0 10 10 100 100 1.5287 1.5429 3.6601 7.7839 3.7972 26.9504 -9.3290 0.9976
31 1 Car 0 0 0 10 10 100 100 1.3895 1.7608 4.2297 8.5535 3.3244 23.5664 -9.3729 0.9864
32 2 Car 0 0 0 10 10 100 100 1.5231 1.8225 4.5174 16.0687 3.6392 26.5596 -9.3505 0.9948
32 0 Car 0 0 0 10 10 100 100 1.5396 1.5740 3.6190 7.7672 3.8180 27.0548 -9.3666 0.9985
32 1 Car 0 0 0 10 10 100 100 1.3733 1.7172 4.2305 8.5405 3.3057 23.5548 -9.3796 0.9792
33 2 Car 0 0 0 10 10 100 100 1.5194 1.9374 4.5139 16.0742 3.6305 26.6026 -9.3456 0.9874
33 0 Car 0 0 0 10 10 100 100 1.5427 1.6541 3.7230 7.7821 3.8406 27.0591 -9.3495 0.9983
33 1 Car 0 0 0 10 10 100 100 1.3543 1.7034 4.2511 8.5337 3.3051 23.5584 -9.3668 0.9754
34 2 Car 0 0 0 10 10 100 100 1.5430 1.8443 4.4997 16.0629 3.6410 26.6071 -9.3500 0.9894
34 0 Car 0 0 0 10 10 100 100 1.5530 1.6308 3.6969 7.7935 3.8465 27.0602 -9.3676 0.9947
34 1 Car 0 0 0 10 10 100 100 1.3997 1.7130 4.2454 8.5474 3.3371 23.5516 -9.3733 0.9853
35 2 Car 0 0 0 10 10 100 100 1.5169 1.9465 4.4942 16.0699 3.6280 26.6035 -9.3577 0.9840
35 0 Car 0 0 0 10 10 100 100 1.5609 1.5981 3.6821 7.7689 3.8407 27.0529 -9.3604 0.9973
35 1 Car 0 0 0 10 10 100 100 1.3916 1.7221 4.2264 8.5615 3.3169 23.5533 -9.3699 0.9888
36 2 Car 0 0 0 10 10 100 100 1.5583 1.9225 4.5355 16.0697 3.6465 26.5811 -9.3438 0.9840
36 0 Car 0 0 0 10 10 100 100 1.5696 1.6169 3.6502 7.7561 3.8490 27.0584 -9.3595 0.9961
36 1 Car 0 0 0 10 10 100 100 1.3867 1.7097 4.1610 8.5296 3.3123 23.5564 -9.3768 0.9759
37 2 Car 0 0 0 10 10 100 100 1.5417 1.8986 4.5325 16.0722 3.6556 26.5781 -9.3493 0.9915
37 0 Car 0 0 0 10 10 100 100 1.5589 1.5909 3.6360 7.7592 3.8344 27.0548 -9.3508 0.9978
37 1 Car 0 0 0 10 10 100 100 1.3692 1.7229 4.2556 8.5509 3.3052 23.5528 -9.3693 0.9832
38 2 Car 0 0 0 10 10 100 100 1.5297 1.8628 4.5037 16.0816 3.6414 26.5950 -9.3397 0.9859
38 3 Car 0 0 0 10 10 100 100 1.7183 1.8731 4.8861 -39.1800 5.0167 12.5380 -6.3287 0.6166
38 0 Car 0 0 0 10 10 100 100 1.5481 1.6667 3.7792 7.8104 3.8506 27.0603 -9.3303 0.9983
38 1 Car 0 0 0 10 10 100 100 1.3559 1.7027 4.1788 8.5614 3.3007 23.5460 -9.3704 0.9925
39 2 Car 0 0 0 10 10 100 100 1.5309 1.9606 4.5554 16.0723 3.6444 26.6091 -9.3494 0.9849
39 3 Car 0 0 0 10 10 100 100 1.7090 1.9070 4.7803 -38.6813 5.0044 12.5442 -6.3534 0.8865
39 0 Car 0 0 0 10 10 100 100 1.5209 1.5554 3.6501 7.7743 3.8145 27.0223 -9.3584 0.9970
39 1 Car 0 0 0 10 10 100 100 1.3664 1.7106 4.1366 8.5423 3.3124 23.5570 -9.3709 0.9763
40 2 Car 0 0 0 10 10 100 100 1.5360 1.9313 4.5327 16.0748 3.6359 26.5988 -9.3409 0.9812
40 3 Car 0 0 0 10 10 100 100 1.6176 1.8056 4.4180 -37.9862 4.9472 12.6126 -6.3245 0.8207
40 4 Car 0 0 0 10 10 100 100 1.8096 1.8550 3.9113 -49.7882 5.5148 12.5837 -6.2284 0.6020
40 0 Car 0 0 0 10 10 100 100 1.5494 1.6202 3.6556 7.7898 3.8384 27.0465 -9.3388 0.9983
40 1 Car 0 0 0 10 10 100 100 1.4091 1.7229 4.2528 8.5592 3.3300 23.5672 -9.3707 0.9926
41 2 Car 0 0 0 10 10 100 100 1.5484 1.8161 4.4586 16.0574 3.6461 26.5609 -9.3495 0.9900
41 3 Car 0 0 0 10 10 100 100 1.6290 1.9865 4.8754 -37.5778 4.8831 12.5037 -6.3274 0.8074
41 4 Car 0 0 0 10 10 100 100 1.6839 1.7840 3.8899 -48.9253 5.3852 12.5143 -6.2406 0.7613
41 0 Car 0 0 0 10 10 100 100 1.5400 1.5778 3.6510 7.7658 3.8285 27.0547 -9.3484 0.9981
41 1 Car 0 0 0 10 10 100 100 1.4322 1.7140 4.1599 8.5485 3.3383 23.5523 -9.3767 0.9836
42 2 Car 0 0 0 10 10 100 100 1.5265 1.9069 4.4606 16.0707 3.6160 26.6008 -9.3467 0.9690
42 3 Car 0 0 0 10 10 100 100 1.5447 1.8145 4.3123 -36.7089 4.8989 12.5608 -6.3192 0.8441
42 4 Car 0 0 0 10 10 100 100 1.6959 1.6803 3.9701 -48.3782 5.4082 12.4425 -6.2519 0.7174
42 0 Car 0 0 0 10 10 100 100 1.5475 1.6113 3.7152 7.7744 3.8409 27.0505 -9.3447 0.9977
42 1 Car 0 0 0 10 10 100 100 1.3596 1.6813 4.1995 8.5206 3.2998 23.5392 -9.3705 0.9799
43 2 Car 0 0 0 10 10 100 100 1.4969 1.8533 4.4602 16.0710 3.6272 26.6118 -9.3343 0.9907
43 3 Car 0 0 0 10 10 100 100 1.5567 1.8803 4.4866 -36.3061 4.9517 12.5380 -6.2173 0.8759
43 4 Car 0 0 0 10 10 100 100 1.7007 1.7550 3.9484 -47.6713 5.4226 12.4691 -6.2446 0.6663
43 0 Car 0 0 0 10 10 100 100 1.5447 1.6097 3.6664 7.7605 3.8375 27.0533 -9.3424 0.9983
43 1 Car 0 0 0 10 10 100 100 1.3767 1.7374 4.2109 8.5610 3.3247 23.5619 -9.3778 0.9842
44 2 Car 0 0 0 10 10 100 100 1.5397 1.9072 4.5831 16.0708 3.6430 26.5791 -9.3494 0.9744
44 3 Car 0 0 0 10 10 100 100 1.6134 1.8239 4.3084 -35.7370 4.9949 12.5618 -6.2374 0.8920
44 4 Car 0 0 0 10 10 100 100 1.7124 1.7652 4.1523 -47.2465 5.3843 12.4548 -6.2472 0.6985
44 0 Car 0 0 0 10 10 100 100 1.5737 1.6579 3.7451 7.8069 3.8540 27.0739 -9.3715 0.9960
44 1 Car 0 0 0 10 10 100 100 1.3272 1.6506 4.1021 8.5464 3.2715 23.5343 -9.3714 0.9860
45 2 Car 0 0 0 10 10 100 100 1.5374 1.9512 4.4946 16.0692 3.6378 26.6073 -9.3528 0.9722
45 3 Car 0 0 0 10 10 100 100 1.6272 1.8666 4.5139 -35.2711 5.0397 12.4741 -6.2458 0.8591
45 4 Car 0 0 0 10 10 100 100 1.6689 1.8315 4.0761 -46.7201 5.3606 12.4939 -6.2632 0.6530
45 0 Car 0 0 0 10 10 100 100 1.5559 1.6352 3.7146 7.7733 3.8478 27.0389 -9.3338 0.9975
45 1 Car 0 0 0 10 10 100 100 1.4169 1.7333 4.1997 8.5468 3.3446 23.5608 -9.3698 0.9890
46 2 Car 0 0 0 10 10 100 100 1.5293 1.8576 4.4898 16.0544 3.6289 26.5752 -9.3357 0.9941
46 3 Car 0 0 0 10 10 100 100 1.5127 1.8020 4.4317 -34.6643 4.9465 12.4670 -6.2358 0.9174
46 4 Car 0 0 0 10 10 100 100 1.6908 1.8470 4.2421 -46.1764 5.3158 12.5162 -6.2528 0.9192
46 0 Car 0 0 0 10 10 100 100 1.5519 1.5866 3.6357 7.7691 3.8281 27.0459 -9.3620 0.9973
46 1 Car 0 0 0 10 10 100 100 1.3907 1.7179 4.2326 8.5376 3.3250 23.5641 -9.3675 0.9860
47 2 Car 0 0 0 10 10 100 100 1.5323 1.8750 4.5352 16.0645 3.6387 26.5820 -9.3542 0.9933
47 3 Car 0 0 0 10 10 100 100 1.4683 1.7815 4.4298 -34.1301 4.9089 12.4962 -6.2348 0.9207
47 4 Car 0 0 0 10 10 100 100 1.6438 1.8213 4.1780 -45.7132 5.2558 12.4627 -6.2460 0.8866
47 0 Car 0 0 0 10 10 100 100 1.5545 1.5551 3.6367 7.7425 3.8246 27.0156 -9.3369 0.9959
47 1 Car 0 0 0 10 10 100 100 1.3864 1.6805 4.1891 8.5482 3.3039 23.5541 -9.3724 0.9891
48 2 Car 0 0 0 10 10 100 100 1.5354 1.8225 4.4880 16.0704 3.6275 26.5391 -9.3475 0.9735
48 3 Car 0 0 0 10 10 100 100 1.5232 1.7947 4.4983 -33.6054 4.9177 12.4556 -6.2790 0.9161
48 4 Car 0 0 0 10 10 100 100 1.6652 1.8499 4.1671 -45.1605 5.2470 12.4441 -6.2353 0.9399
48 0 Car 0 0 0 10 10 100 100 1.5529 1.6036 3.7017 7.8028 3.8398 27.0395 -9.3438 0.9951
48 1 Car 0 0 0 10 10 100 100 1.4223 1.7308 4.2482 8.5471 3.3364 23.5701 -9.3706 0.9836
49 2 Car 0 0 0 10 10 100 100 1.5363 1.8147 4.4894 16.0715 3.6380 26.5495 -9.3490 0.9894
49 3 Car 0 0 0 10 10 100 100 1.5747 1.8483 4.5498 -33.0884 4.9063 12.4660 -6.2932 0.9288
49 4 Car 0 0 0 10 10 100 100 1.6571 1.8134 4.2985 -44.6697 5.2451 12.4228 -6.2437 0.9226
49 0 Car 0 0 0 10 10 100 100 1.5398 1.5255 3.6875 7.7585 3.8030 26.9516 -9.3288 0.9953
49 1 Car 0 0 0 10 10 100 100 1.3921 1.6961 4.1818 8.5474 3.3297 23.5640 -9.3706 0.9872
50 2 Car 0 0 0 10 10 100 100 1.5124 1.8936 4.5195 16.0712 3.6274 26.6019 -9.3518 0.9812
50 3 Car 0 0 0 10 10 100 100 1.5246 1.8222 4.4358 -32.4652 4.8662 12.4554 -6.2738 0.9426
50 4 Car 0 0 0 10 10 100 100 1.6648 1.7610 4.3698 -44.2281 5.2104 12.3827 -6.2431 0.8729
50 0 Car 0 0 0 10 10 100 100 1.5545 1.5983 3.7273 7.7570 3.8340 27.0286 -9.3447 0.9975
50 1 Car 0 0 0 10 10 100 100 1.3886 1.7240 4.1856 8.5463 3.3326 23.5531 -9.3741 0.9771
51 2 Car 0 0 0 10 10 100 100 1.5523 1.9625 4.5051 16.0766 3.6411 26.6115 -9.3437 0.9814
51 3 Car 0 0 0 10 10 100 100 1.5047 1.8105 4.3446 -31.8752 4.8404 12.4356 -6.2568 0.9405
51 4 Car 0 0 0 10 10 100 100 1.6314 1.6904 4.3155 -43.6334 5.1645 12.2947 -6.2469 0.9050
51 0 Car 0 0 0 10 10 100 100 1.5447 1.6665 3.8634 7.8064 3.8383 27.0544 -9.3541 0.9946
51 1 Car 0 0 0 10 10 100 100 1.4240 1.7114 4.2203 8.5424 3.3642 23.5470 -9.3696 0.9875
52 2 Car 0 0 0 10 10 100 100 1.5410 1.8723 4.4646 16.0753 3.6353 26.5602 -9.3373 0.9721
52 3 Car 0 0 0 10 10 100 100 1.5186 1.8423 4.4533 -31.3156 4.8257 12.4121 -6.2772 0.9310
52 4 Car 0 0 0 10 10 100 100 1.6433 1.7980 4.2334 -42.8987 5.2059 12.3160 -6.2574 0.9106
52 0 Car 0 0 0 10 10 100 100 1.5580 1.6723 3.8369 7.7948 3.8543 27.0431 -9.3563 0.9934
52 1 Car 0 0 0 10 10 100 100 1.4076 1.7346 4.1481 8.5385 3.3384 23.5530 -9.3681 0.9871
53 2 Car 0 0 0 10 10 100 100 1.5191 1.8363 4.4598 16.0636 3.6365 26.5622 -9.3514 0.9854
53 3 Car 0 0 0 10 10 100 100 1.5569 1.8586 4.4454 -30.7788 4.8403 12.4062 -6.2749 0.9273
53 4 Car 0 0 0 10 10 100 100 1.6394 1.7035 4.2448 -42.3973 5.1377 12.2665 -6.2530 0.9045
53 0 Car 0 0 0 10 10 100 100 1.5469 1.6934 3.8671 7.8168 3.8437 27.0569 -9.3523 0.9952
53 1 Car 0 0 0 10 10 100 100 1.4117 1.7588 4.2320 8.5576 3.3457 23.5531 -9.3706 0.9924
54 2 Car 0 0 0 10 10 100 100 1.5351 1.9237 4.4559 16.0672 3.6458 26.6052 -9.3469 0.9896
54 3 Car 0 0 0 10 10 100 100 1.5207 1.8196 4.4948 -30.2787 4.8144 12.3858 -6.2807 0.9305
54 4 Car 0 0 0 10 10 100 100 1.6465 1.7415 4.3538 -41.8068 5.1167 12.2469 -6.2756 0.9460
54 0 Car 0 0 0 10 10 100 100 1.5636 1.7008 3.7862 7.8117 3.8484 27.0636 -9.3503 0.9962
54 1 Car 0 0 0 10 10 100 100 1.4614 1.7619 4.2968 8.5716 3.3610 23.5776 -9.3785 0.9899
55 2 Car 0 0 0 10 10 100 100 1.5136 1.9190 4.4835 16.0779 3.6234 26.6087 -9.3377 0.9853
55 3 Car 0 0 0 10 10 100 100 1.5049 1.8191 4.5174 -29.6909 4.7841 12.3680 -6.2713 0.9428
55 4 Car 0 0 0 10 10 100 100 1.6260 1.7815 4.3537 -41.2795 5.0909 12.2499 -6.2496 0.9523
55 0 Car 0 0 0 10 10 100 100 1.5657 1.7103 3.9844 7.8506 3.8588 27.0563 -9.3408 0.9903
55 1 Car 0 0 0 10 10 100 100 1.5101 1.7683 4.2816 8.5544 3.4262 23.5764 -9.3733 0.9945
56 2 Car 0 0 0 10 10 100 100 1.5372 1.8190 4.5376 16.0753 3.6358 26.5423 -9.3494 0.9838
56 3 Car 0 0 0 10 10 100 100 1.5358 1.8202 4.4970 -29.1276 4.7975 12.3685 -6.2618 0.9495
56 4 Car 0 0 0 10 10 100 100 1.6923 1.8331 4.3519 -40.6801 5.1082 12.2604 -6.2541 0.9534
56 0 Car 0 0 0 10 10 100 100 1.5694 1.7058 3.9560 7.8472 3.8536 27.0639 -9.3561 0.9939
56 1 Car 0 0 0 10 10 100 100 1.3966 1.7177 4.2570 8.5654 3.3329 23.5669 -9.3745 0.9916
57 2 Car 0 0 0 10 10 100 100 1.5107 1.8695 4.5352 16.0758 3.6336 26.5926 -9.3429 0.9878
57 3 Car 0 0 0 10 10 100 100 1.5285 1.8351 4.4908 -28.5563 4.7979 12.3366 -6.2626 0.9246
57 4 Car 0 0 0 10 10 100 100 1.7049 1.9121 4.6157 -40.1345 5.0770 12.2471 -6.2401 0.9329
57 0 Car 0 0 0 10 10 100 100 1.5581 1.7179 3.9067 7.8326 3.8550 27.0580 -9.3554 0.9928
57 1 Car 0 0 0 10 10 100 100 1.3747 1.7268 4.1972 8.5156 3.3139 23.5613 -9.3692 0.9846
58 2 Car 0 0 0 10 10 100 100 1.5242 1.9174 4.4919 16.0756 3.6226 26.6024 -9.3351 0.9749
58 3 Car 0 0 0 10 10 100 100 1.5430 1.8083 4.5326 -28.0488 4.7688 12.3118 -6.2560 0.9379
58 4 Car 0 0 0 10 10 100 100 1.7481 1.9898 4.5996 -39.5408 5.0823 12.2346 -6.2422 0.9616
58 0 Car 0 0 0 10 10 100 100 1.5547 1.7411 4.0262 7.8523 3.8532 27.0662 -9.3329 0.9886
58 1 Car 0 0 0 10 10 100 100 1.3847 1.7520 4.1840 8.5613 3.3178 23.5686 -9.3738 0.9911
59 2 Car 0 0 0 10 10 100 100 1.5210 1.8748 4.5144 16.0813 3.6301 26.5748 -9.3388 0.9802
59 3 Car 0 0 0 10 10 100 100 1.5498 1.7684 4.4755 -27.4476 4.7703 12.2857 -6.2417 0.9413
59 4 Car 0 0 0 10 10 100 100 1.7874 2.0138 5.2250 -39.1485 5.0929 12.2191 -6.2308 0.9091
59 0 Car 0 0 0 10 10 100 100 1.5679 1.7441 3.9536 7.8088 3.8526 27.0380 -9.3563 0.9920
59 1 Car 0 0 0 10 10 100 100 1.4356 1.7372 4.2530 8.5656 3.3628 23.5640 -9.3782 0.9911
60 2 Car 0 0 0 10 10 100 100 1.5494 1.8475 4.5419 16.0786 3.6537 26.5675 -9.3437 0.9920
60 3 Car 0 0 0 10 10 100 100 1.5469 1.7253 4.4563 -26.8625 4.7546 12.2483 -6.2436 0.9403
60 4 Car 0 0 0 10 10 100 100 1.7192 1.9735 5.1011 -38.5768 5.0395 12.2001 -6.2332 0.9571
60 0 Car 0 0 0 10 10 100 100 1.5721 1.7092 3.9167 7.8272 3.8521 27.0626 -9.3435 0.9878
60 1 Car 0 0 0 10 10 100 100 1.4498 1.7480 4.2132 8.5326 3.3861 23.5746 -9.3696 0.9908
61 2 Car 0 0 0 10 10 100 100 1.5547 1.9105 4.5410 16.0587 3.6516 26.5967 -9.3449 0.9799
61 3 Car 0 0 0 10 10 100 100 1.5537 1.6938 4.3952 -26.2555 4.7618 12.2327 -6.2461 0.9368
61 4 Car 0 0 0 10 10 100 100 1.6452 1.9415 5.0405 -37.9853 5.0092 12.1741 -6.2480 0.9925
61 0 Car 0 0 0 10 10 100 100 1.5577 1.7097 3.9506 7.8683 3.8555 27.0520 -9.3434 0.9941
61 1 Car 0 0 0 10 10 100 100 1.4258 1.7165 4.1983 8.5409 3.3610 23.5635 -9.3824 0.9892
62 2 Car 0 0 0 10 10 100 100 1.5576 1.8267 4.4873 16.0677 3.6650 26.5631 -9.3487 0.9938
62 3 Car 0 0 0 10 10 100 100 1.5483 1.7530 4.3702 -25.6881 4.7658 12.1969 -6.2700 0.9351
62 4 Car 0 0 0 10 10 100 100 1.6993 1.9514 5.0827 -37.3261 5.0260 12.1800 -6.2380 0.9780
62 0 Car 0 0 0 10 10 100 100 1.5527 1.7108 3.9417 7.8372 3.8427 27.0348 -9.3536 0.9909
62 1 Car 0 0 0 10 10 100 100 1.4035 1.6899 4.1672 8.5499 3.3307 23.5499 -9.3731 0.9794
63 2 Car 0 0 0 10 10 100 100 1.5418 1.8557 4.5053 16.0604 3.6469 26.5816 -9.3485 0.9911
63 3 Car 0 0 0 10 10 100 100 1.4797 1.7580 4.4190 -25.0435 4.7203 12.2000 -6.2547 0.9559
63 4 Car 0 0 0 10 10 100 100 1.7153 1.9497 4.8710 -36.6574 5.0209 12.1473 -6.2221 0.9622
63 0 Car 0 0 0 10 10 100 100 1.5505 1.6817 3.8734 7.7984 3.8503 27.0573 -9.3522 0.9974
63 1 Car 0 0 0 10 10 100 100 1.4179 1.7591 4.1755 8.5546 3.3493 23.5786 -9.3749 0.9915
64 2 Car 0 0 0 10 10 100 100 1.5266 1.9275 4.5101 16.0822 3.6365 26.5844 -9.3403 0.9710
64 3 Car 0 0 0 10 10 100 100 1.4597 1.8107 4.5563 -24.4231 4.7165 12.1031 -6.2613 0.8985
64 4 Car 0 0 0 10 10 100 100 1.7252 1.9690 5.0304 -36.0858 4.9972 12.1121 -6.2516 0.9689
64 0 Car 0 0 0 10 10 100 100 1.5420 1.6873 3.8288 7.8169 3.8424 27.0655 -9.3523 0.9968
64 1 Car 0 0 0 10 10 100 100 1.4527 1.7152 4.1628 8.5258 3.3629 23.5430 -9.3763 0.9858
65 2 Car 0 0 0 10 10 100 100 1.5473 1.8844 4.5283 16.0700 3.6411 26.5676 -9.3516 0.9884
65 3 Car 0 0 0 10 10 100 100 1.4524 1.7758 4.4500 -23.8266 4.6963 12.1062 -6.2463 0.9049
65 4 Car 0 0 0 10 10 100 100 1.6855 1.9996 4.9836 -35.4820 4.9307 12.1078 -6.2297 0.9571
65 0 Car 0 0 0 10 10 100 100 1.5663 1.7412 3.9143 7.7953 3.8459 27.1125 -9.3645 0.9766
65 1 Car 0 0 0 10 10 100 100 1.4061 1.7217 4.1550 8.5707 3.3253 23.5620 -9.3762 0.9709
66 2 Car 0 0 0 10 10 100 100 1.5141 1.7449 4.4979 16.0672 3.6215 26.5452 -9.3426 0.9961
66 3 Car 0 0 0 10 10 100 100 1.5083 1.9411 4.5707 -23.0667 4.7505 11.9779 -6.2645 0.8820
66 4 Car 0 0 0 10 10 100 100 1.7234 2.0732 5.1218 -34.8401 4.9404 12.0846 -6.2399 0.9781
66 0 Car 0 0 0 10 10 100 100 1.5704 1.7204 4.1191 7.9814 3.7533 27.1290 -9.3847 0.8705
66 1 Car 0 0 0 10 10 100 100 1.3711 1.6930 4.1017 8.5291 3.2970 23.5991 -9.3675 0.9597
67 2 Car 0 0 0 10 10 100 100 1.5341 1.9300 4.5106 16.0710 3.6238 26.6039 -9.3455 0.9839
67 3 Car 0 0 0 10 10 100 100 1.5745 1.9285 4.3261 -22.5417 4.6713 11.9549 -6.2515 0.8873
67 4 Car 0 0 0 10 10 100 100 1.7533 2.0041 5.1847 -34.2416 4.9495 12.0782 -6.2442 0.9616
67 0 Car 0 0 0 10 10 100 100 1.5554 1.8050 4.2498 7.8172 3.8201 27.0931 -9.2605 0.6654
67 1 Car 0 0 0 10 10 100 100 1.2842 1.6713 4.2788 8.5264 3.1946 23.6518 -9.3408 0.9522
68 2 Car 0 0 0 10 10 100 100 1.4954 1.8830 4.3715 16.1981 3.6046 26.5382 -9.3555 0.9628
68 3 Car 0 0 0 10 10 100 100 1.5659 1.7710 4.3758 -21.9243 4.6394 11.9922 -6.2784 0.9651
68 4 Car 0 0 0 10 10 100 100 1.7006 1.9981 5.3525 -33.6776 4.9155 12.0587 -6.2428 0.9719
69 2 Car 0 0 0 10 10 100 100 1.6079 1.7825 4.5005 16.1488 3.6273 26.5365 -9.3497 0.9271
69 3 Car 0 0 0 10 10 100 100 1.5688 1.6595 4.2511 -21.1511 4.6318 12.0242 -6.2264 0.9553
69 4 Car 0 0 0 10 10 100 100 1.7629 1.9903 5.2457 -33.0861 4.9344 12.0441 -6.2414 0.9767
69 0 Car 0 0 0 10 10 100 100 1.5110 1.7879 4.6147 8.1001 3.8671 27.0215 -9.3177 0.9412
69 1 Car 0 0 0 10 10 100 100 1.3010 1.7091 4.5534 8.6152 3.3118 23.4204 -9.3926 0.6562
70 2 Car 0 0 0 10 10 100 100 1.6797 1.8759 4.7736 16.3261 3.5732 26.5862 -9.3867 0.7498
70 3 Car 0 0 0 10 10 100 100 1.5176 1.7812 4.3454 -20.5500 4.5636 11.8992 -6.2078 0.9235
70 4 Car 0 0 0 10 10 100 100 1.6903 1.9421 5.0938 -32.3488 4.8923 12.0077 -6.2448 0.9799
70 0 Car 0 0 0 10 10 100 100 1.5259 1.7018 3.8843 7.7825 3.8369 27.0504 -9.3440 0.9257
70 1 Car 0 0 0 10 10 100 100 1.4299 1.8211 4.5554 8.6480 3.4262 23.6314 -9.3793 0.9397
71 5 Car 0 0 0 10 10 100 100 1.7879 1.8213 4.1921 -53.1202 5.6832 13.1833 -6.3134 0.6562
71 2 Car 0 0 0 10 10 100 100 1.6801 1.7863 4.6434 16.1810 3.5408 26.5928 -9.3860 0.8707
71 3 Car 0 0 0 10 10 100 100 1.5016 1.8417 4.3246 -19.8611 4.6003 11.8819 -6.2320 0.9301
71 4 Car 0 0 0 10 10 100 100 1.6793 2.0068 5.2793 -31.6864 4.8909 12.0150 -6.2372 0.9796
71 0 Car 0 0 0 10 10 100 100 1.5801 1.6981 3.9512 7.9566 3.7750 27.0875 -9.3553 0.8570
71 1 Car 0 0 0 10 10 100 100 1.4805 1.7680 4.3051 8.6627 3.3482 23.5631 -9.3511 0.9129
72 2 Car 0 0 0 10 10 100 100 1.5631 1.7177 4.5446 16.2535 3.5103 26.5109 -9.3789 0.8643
72 3 Car 0 0 0 10 10 100 100 1.5052 1.8583 4.6440 -19.2114 4.5809 11.7731 -6.1978 0.9232
72 4 Car 0 0 0 10 10 100 100 1.6639 1.9688 5.1333 -31.0300 4.8559 11.9785 -6.2467 0.9750
72 0 Car 0 0 0 10 10 100 100 1.5790 1.7872 4.2989 8.2061 3.7873 26.8954 -9.2911 0.7772
72 1 Car 0 0 0 10 10 100 100 1.3791 1.7048 4.4706 8.5169 3.2727 23.6684 -9.3459 0.9296
73 3 Car 0 0 0 10 10 100 100 1.5753 1.8263 4.5786 -18.2956 4.6137 11.7224 -6.2115 0.9561
73 4 Car 0 0 0 10 10 100 100 1.6622 1.9355 5.1574 -30.3374 4.8598 11.9623 -6.2326 0.9784
73 0 Car 0 0 0 10 10 100 100 1.5460 1.8537 4.1770 7.7778 3.8055 26.9817 -9.1956 0.6892
73 6 Car 0 0 0 10 10 100 100 1.7990 1.8772 4.4061 -52.3460 5.5794 13.2604 -6.2788 0.6557
74 2 Car 0 0 0 10 10 100 100 1.6878 1.8807 4.9074 16.2518 3.5833 26.5747 -9.3701 0.7181
74 3 Car 0 0 0 10 10 100 100 1.6179 1.8501 4.8959 -17.1937 4.5774 11.6290 -6.1932 0.9745
74 4 Car 0 0 0 10 10 100 100 1.6729 1.9251 5.1251 -29.7244 4.8539 11.9345 -6.2282 0.9907
74 6 Car 0 0 0 10 10 100 100 1.6757 1.7941 4.3559 -51.8004 5.5567 13.1502 -6.3128 0.7511
75 2 Car 0 0 0 10 10 100 100 1.7294 1.8596 4.8704 16.2981 3.5877 26.5827 -9.3766 0.7051
75 3 Car 0 0 0 10 10 100 100 1.5367 1.7711 4.7626 -16.6398 4.4911 11.5646 -6.1957 0.9814
75 4 Car 0 0 0 10 10 100 100 1.7100 1.9851 5.3938 -29.0359 4.8532 11.8949 -6.2250 0.9760
75 6 Car 0 0 0 10 10 100 100 1.8279 1.9064 4.2429 -51.2266 5.5252 13.2197 -6.2667 0.7780
76 2 Car 0 0 0 10 10 100 100 1.6913 1.8165 4.7907 16.2576 3.5777 26.5807 -9.3415 0.7016
76 3 Car 0 0 0 10 10 100 100 1.5692 1.8194 5.0975 -15.5490 4.4982 11.5342 -6.1753 0.9584
76 4 Car 0 0 0 10 10 100 100 1.7400 1.9813 5.2940 -28.3944 4.8453 11.8873 -6.2321 0.9619
76 0 Car 0 0 0 10 10 100 100 1.5826 1.8654 4.3824 7.8797 3.7675 27.0746 -9.3250 0.7691
76 1 Car 0 0 0 10 10 100 100 1.4807 1.7146 4.5399 8.6423 3.4500 23.4215 -9.3996 0.8517
76 6 Car 0 0 0 10 10 100 100 1.8253 1.8647 4.7910 -50.9751 5.5230 13.1727 -6.2916 0.7781
77 2 Car 0 0 0 10 10 100 100 1.6819 1.8772 4.8182 16.2556 3.5616 26.5822 -9.3792 0.6713
77 3 Car 0 0 0 10 10 100 100 1.5775 1.7396 5.3526 -14.6667 4.5079 11.4898 -6.1776 0.9547
77 4 Car 0 0 0 10 10 100 100 1.7010 2.0031 5.2681 -27.7627 4.8073 11.8502 -6.2260 0.9589
77 0 Car 0 0 0 10 10 100 100 1.6412 1.8764 4.4446 7.9641 3.8225 27.0930 -9.3571 0.6757
77 1 Car 0 0 0 10 10 100 100 1.4326 1.7277 4.7279 8.8175 3.4343 23.4820 -9.4517 0.7935
77 6 Car 0 0 0 10 10 100 100 1.7264 1.9129 4.0223 -50.1031 5.4694 13.1000 -6.3069 0.8048
78 2 Car 0 0 0 10 10 100 100 1.6982 1.7777 4.5622 16.2219 3.5230 26.5074 -9.3487 0.7419
78 3 Car 0 0 0 10 10 100 100 1.5664 1.7720 5.3439 -13.7139 4.4705 11.3989 -6.1615 0.9427
78 4 Car 0 0 0 10 10 100 100 1.7296 1.9637 5.2576 -27.0763 4.8195 11.8383 -6.2194 0.9732
78 0 Car 0 0 0 10 10 100 100 1.5123 1.8093 4.0512 7.9624 3.8033 27.0414 -9.3219 0.6106
78 6 Car 0 0 0 10 10 100 100 1.7917 1.8481 4.2978 -49.8368 5.4071 13.1150 -6.2341 0.8974
79 2 Car 0 0 0 10 10 100 100 1.6357 1.7417 4.5544 16.1245 3.5145 26.4940 -9.3788 0.7842
79 3 Car 0 0 0 10 10 100 100 1.5531 1.8186 5.4563 -12.6874 4.4536 11.3467 -6.1718 0.9602
79 4 Car 0 0 0 10 10 100 100 1.7156 1.9279 5.0987 -26.3270 4.7956 11.8343 -6.2199 0.9563
79 0 Car 0 0 0 10 10 100 100 1.6446 1.9137 4.4701 7.7911 3.8279 27.1282 -9.3242 0.6064
79 6 Car 0 0 0 10 10 100 100 1.8494 2.0342 4.9531 -49.6502 5.3958 13.1518 -6.2484 0.7108
80 2 Car 0 0 0 10 10 100 100 1.6517 1.7687 4.6389 16.1543 3.5549 26.5765 -9.4105 0.8770
80 3 Car 0 0 0 10 10 100 100 1.5667 1.8393 5.4086 -11.8454 4.3549 11.3029 -6.1982 0.9429
80 4 Car 0 0 0 10 10 100 100 1.7050 1.9081 5.1616 -25.7077 4.7672 11.7564 -6.2059 0.9531
80 0 Car 0 0 0 10 10 100 100 1.5020 1.7925 4.2418 8.1007 3.7449 27.2375 -9.3963 0.8446
80 6 Car 0 0 0 10 10 100 100 1.8038 2.0133 4.5511 -48.9850 5.4760 13.1320 -6.2463 0.7094
81 2 Car 0 0 0 10 10 100 100 1.6988 1.8639 4.7543 16.2600 3.5870 26.5783 -9.3710 0.6807
81 3 Car 0 0 0 10 10 100 100 1.5718 1.7998 4.7524 -10.7547 4.3909 11.2502 -6.1999 0.8539
81 4 Car 0 0 0 10 10 100 100 1.6779 1.9154 5.2764 -24.9931 4.7315 11.7112 -6.2241 0.9524
81 6 Car 0 0 0 10 10 100 100 1.7670 1.8868 4.4654 -48.3676 5.3811 13.0746 -6.2506 0.9338
82 2 Car 0 0 0 10 10 100 100 1.6422 1.8346 4.7813 16.0778 3.5399 26.6222 -9.3903 0.6004
82 3 Car 0 0 0 10 10 100 100 1.5463 1.8223 5.3393 -10.0813 4.3808 11.1520 -6.1617 0.8800
82 4 Car 0 0 0 10 10 100 100 1.6859 1.9058 5.2905 -24.3170 4.7410 11.6958 -6.2234 0.9713
82 6 Car 0 0 0 10 10 100 100 1.7306 1.9193 4.4277 -47.8254 5.3641 13.0408 -6.2340 0.9875
83 3 Car 0 0 0 10 10 100 100 1.5809 1.8043 5.0314 -9.1525 4.3790 11.1091 -6.1749 0.8690
83 4 Car 0 0 0 10 10 100 100 1.6878 1.9598 5.4383 -23.6369 4.7194 11.6663 -6.2354 0.9818
83 0 Car 0 0 0 10 10 100 100 1.5506 1.8370 4.3902 8.0827 3.8121 26.9527 -9.3226 0.7521
83 1 Car 0 0 0 10 10 100 100 1.4445 1.7747 4.6652 8.7631 3.4638 23.6805 -9.3981 0.6972
83 6 Car 0 0 0 10 10 100 100 1.7028 1.9289 4.3982 -47.2855 5.2967 13.0062 -6.2622 0.9711
84 2 Car 0 0 0 10 10 100 100 1.6416 1.7211 4.6048 16.1483 3.5538 26.5729 -9.4001 0.8973
84 3 Car 0 0 0 10 10 100 100 1.5676 1.8048 5.1242 -8.1954 4.3214 11.0413 -6.1772 0.8682
84 4 Car 0 0 0 10 10 100 100 1.6751 1.9286 5.2104 -22.8337 4.6915 11.6497 -6.2190 0.9520
84 0 Car 0 0 0 10 10 100 100 1.5987 1.8648 4.2972 7.9960 3.8978 27.1546 -9.3606 0.9140
84 6 Car 0 0 0 10 10 100 100 1.7056 1.8593 4.3829 -46.6732 5.2768 13.0220 -6.2736 0.9396
85 2 Car 0 0 0 10 10 100 100 1.6786 1.8161 4.5011 16.1553 3.5500 26.6340 -9.4026 0.8901
85 3 Car 0 0 0 10 10 100 100 1.5909 1.8075 5.3400 -7.3603 4.2956 10.9489 -6.1813 0.8391
85 4 Car 0 0 0 10 10 100 100 1.7525 1.9600 5.3132 -22.1856 4.7144 11.6057 -6.2086 0.9620
85 0 Car 0 0 0 10 10 100 100 1.5882 1.7271 3.8826 7.7854 3.8008 27.1449 -9.3836 0.7033
85 1 Car 0 0 0 10 10 100 100 1.4782 1.7700 4.3403 8.5551 3.3165 23.6763 -9.3854 0.8801
85 6 Car 0 0 0 10 10 100 100 1.7091 1.8620 4.4948 -46.2802 5.2981 13.0078 -6.2421 0.9867
86 3 Car 0 0 0 10 10 100 100 1.5231 1.7881 5.2814 -6.3387 4.2941 10.8917 -6.2029 0.8745
86 4 Car 0 0 0 10 10 100 100 1.6982 1.9300 5.2703 -21.4264 4.6681 11.5896 -6.2037 0.9637
86 0 Car 0 0 0 10 10 100 100 1.5862 1.8436 4.4554 8.2648 3.7698 27.2596 -9.4297 0.7736
86 6 Car 0 0 0 10 10 100 100 1.6809 1.9815 4.5798 -45.7122 5.3184 13.0030 -6.2222 0.8761
87 2 Car 0 0 0 10 10 100 100 1.5948 1.7203 4.5463 16.0975 3.5241 26.5634 -9.3945 0.8650
87 3 Car 0 0 0 10 10 100 100 1.5885 1.9192 5.9351 -5.5773 4.2803 10.8559 -6.1908 0.9190
87 4 Car 0 0 0 10 10 100 100 1.7008 1.9341 5.3370 -20.6538 4.6512 11.5303 -6.1985 0.9794
87 0 Car 0 0 0 10 10 100 100 1.5541 1.7397 4.1827 8.1376 3.7776 27.2554 -9.4388 0.6587
87 6 Car 0 0 0 10 10 100 100 1.6058 1.9815 4.6013 -45.0943 5.3222 12.9898 -6.2310 0.9554
88 2 Car 0 0 0 10 10 100 100 1.6521 1.8366 4.7657 16.2327 3.5521 26.6907 -9.4008 0.6611
88 3 Car 0 0 0 10 10 100 100 1.6147 1.8177 5.4044 -4.4794 4.2518 10.8008 -6.1759 0.9450
88 4 Car 0 0 0 10 10 100 100 1.7071 1.9538 5.4984 -19.9132 4.6396 11.4748 -6.2277 0.9890
88 0 Car 0 0 0 10 10 100 100 1.5982 1.7882 4.7364 8.2338 3.8092 27.1403 -9.4251 0.8365
88 1 Car 0 0 0 10 10 100 100 1.5074 1.7727 4.4084 8.5703 3.3846 23.6803 -9.3737 0.8502
88 6 Car 0 0 0 10 10 100 100 1.6992 1.8258 4.4509 -44.5698 5.3190 12.9335 -6.2512 0.8956
89 3 Car 0 0 0 10 10 100 100 1.6036 1.7921 5.1996 -3.4956 4.2309 10.7109 -6.1811 0.8423
89 4 Car 0 0 0 10 10 100 100 1.7136 2.0269 5.4372 -19.2335 4.6403 11.4359 -6.2064 0.9849
89 0 Car 0 0 0 10 10 100 100 1.5053 1.7136 4.0341 7.8978 3.8852 27.0860 -9.3712 0.9550
89 1 Car 0 0 0 10 10 100 100 1.3253 1.6684 4.1373 8.4091 3.2527 23.5748 -9.4403 0.8349
89 6 Car 0 0 0 10 10 100 100 1.7028 1.8534 4.3670 -43.9617 5.3519 12.9328 -6.2365 0.8577
90 2 Car 0 0 0 10 10 100 100 1.6466 1.7406 4.5942 16.1018 3.5418 26.6872 -9.4304 0.8254
90 3 Car 0 0 0 10 10 100 100 1.5666 1.8176 5.3730 -2.6759 4.1614 10.6429 -6.1752 0.8706
90 4 Car 0 0 0 10 10 100 100 1.7847 2.0564 5.5424 -18.3602 4.6717 11.3909 -6.2158 0.9693
90 0 Car 0 0 0 10 10 100 100 1.5319 1.6674 3.6999 7.7890 3.8171 27.0615 -9.3527 0.9966
90 1 Car 0 0 0 10 10 100 100 1.5212 1.7881 4.4516 8.6196 3.3965 23.5474 -9.3835 0.9633
90 6 Car 0 0 0 10 10 100 100 1.7079 1.8831 4.5255 -43.4358 5.3275 12.8891 -6.2409 0.9385
91 2 Car 0 0 0 10 10 100 100 1.6357 1.7205 4.4923 16.0356 3.5612 26.6231 -9.4309 0.8244
91 3 Car 0 0 0 10 10 100 100 1.5897 1.8959 5.6080 -1.5381 4.1286 10.5171 -6.1889 0.8305
91 4 Car 0 0 0 10 10 100 100 1.8030 1.9726 5.5782 -17.6655 4.6554 11.3273 -6.2118 0.9892
91 0 Car 0 0 0 10 10 100 100 1.5403 1.5793 3.6534 7.7751 3.8365 27.0509 -9.3560 0.9973
91 1 Car 0 0 0 10 10 100 100 1.4318 1.6848 3.5537 8.2595 3.3628 23.5270 -9.3694 0.9576
91 6 Car 0 0 0 10 10 100 100 1.6745 1.9541 4.5590 -42.8280 5.2614 12.8771 -6.2479 0.9552
92 3 Car 0 0 0 10 10 100 100 1.6059 2.0311 6.0371 -0.6411 4.1067 10.4778 -6.1802 0.8326
92 4 Car 0 0 0 10 10 100 100 1.7413 1.9367 5.4805 -16.9011 4.5673 11.2831 -6.2003 0.9819
92 0 Car 0 0 0 10 10 100 100 1.5605 1.6066 3.7433 7.8121 3.8442 27.0637 -9.3716 0.9948
92 1 Car 0 0 0 10 10 100 100 1.3922 1.7042 4.2191 8.5431 3.3215 23.5422 -9.3751 0.9800
92 6 Car 0 0 0 10 10 100 100 1.7874 1.9448 4.6019 -42.2873 5.2330 12.8551 -6.2529 0.9927
93 2 Car 0 0 0 10 10 100 100 1.6318 1.7924 4.6397 15.9550 3.5833 26.5728 -9.3828 0.8223
93 3 Car 0 0 0 10 10 100 100 1.5768 1.8949 5.0570 0.6478 4.0555 10.3541 -6.1956 0.8147
93 4 Car 0 0 0 10 10 100 100 1.7254 1.8712 5.0783 -16.0965 4.5350 11.1922 -6.1859 0.9507
93 0 Car 0 0 0 10 10 100 100 1.5445 1.6274 3.7423 7.7784 3.8311 27.0361 -9.3407 0.9920
93 1 Car 0 0 0 10 10 100 100 1.3909 1.7240 4.1929 8.5430 3.3233 23.5615 -9.3734 0.9791
93 6 Car 0 0 0 10 10 100 100 1.8264 1.9450 4.7082 -41.7377 5.1890 12.8951 -6.2350 0.9826
94 3 Car 0 0 0 10 10 100 100 1.5954 1.7816 4.5407 1.1906 4.0440 10.3301 -6.1928 0.9047
94 4 Car 0 0 0 10 10 100 100 1.6995 1.9123 5.2867 -15.3770 4.5021 11.1880 -6.2089 0.9514
94 0 Car 0 0 0 10 10 100 100 1.5437 1.6173 3.7790 7.8217 3.8484 27.0517 -9.3549 0.9959
94 1 Car 0 0 0 10 10 100 100 1.4085 1.7450 4.1115 8.5216 3.3337 23.5568 -9.3776 0.9872
94 6 Car 0 0 0 10 10 100 100 1.7505 1.9178 4.7395 -41.1086 5.1712 12.8174 -6.2539 0.9539
95 2 Car 0 0 0 10 10 100 100 1.5060 1.7691 4.5127 16.0101 3.5662 26.5467 -9.3710 0.9462
95 3 Car 0 0 0 10 10 100 100 1.6375 1.8441 5.0009 2.0202 4.0568 10.2947 -6.1990 0.8409
95 4 Car 0 0 0 10 10 100 100 1.6925 2.0083 5.5074 -14.6225 4.5158 11.1799 -6.1978 0.9718
95 0 Car 0 0 0 10 10 100 100 1.5431 1.6087 3.7017 7.7930 3.8371 27.0528 -9.3550 0.9973
95 1 Car 0 0 0 10 10 100 100 1.4145 1.7022 4.1660 8.5562 3.3375 23.5515 -9.3786 0.9851
95 6 Car 0 0 0 10 10 100 100 1.8340 1.9336 4.8964 -40.6625 5.1693 12.7542 -6.2527 0.9011
96 2 Car 0 0 0 10 10 100 100 1.4991 1.7859 4.1875 15.8595 3.5728 26.5692 -9.3392 0.9509
96 3 Car 0 0 0 10 10 100 100 1.5515 1.8875 5.2465 3.0278 3.9963 10.2315 -6.1773 0.7760
96 4 Car 0 0 0 10 10 100 100 1.7265 1.9628 5.5509 -13.8042 4.4912 11.0988 -6.2046 0.9583
96 0 Car 0 0 0 10 10 100 100 1.5409 1.6318 3.7976 7.7754 3.8357 27.0653 -9.3595 0.9968
96 1 Car 0 0 0 10 10 100 100 1.3825 1.7149 4.1810 8.5492 3.3338 23.5450 -9.3708 0.9821
96 6 Car 0 0 0 10 10 100 100 1.8464 1.9980 4.6345 -39.8818 5.1377 12.7493 -6.2600 0.9215
97 2 Car 0 0 0 10 10 100 100 1.4788 1.8511 4.4706 16.0858 3.5882 26.6014 -9.3393 0.9820
97 3 Car 0 0 0 10 10 100 100 1.5747 1.9288 5.7578 4.2021 3.9809 10.1774 -6.1848 0.8618
97 4 Car 0 0 0 10 10 100 100 1.7357 1.9421 5.4047 -13.0114 4.4468 11.0534 -6.1798 0.9781
97 0 Car 0 0 0 10 10 100 100 1.5569 1.6617 3.7540 7.7989 3.8465 27.0752 -9.3498 0.9979
97 1 Car 0 0 0 10 10 100 100 1.3848 1.7063 4.2356 8.5652 3.2975 23.5539 -9.3751 0.9868
97 6 Car 0 0 0 10 10 100 100 1.8203 2.0314 4.8297 -39.4707 5.1500 12.8212 -6.2506 0.9341
98 2 Car 0 0 0 10 10 100 100 1.4945 1.8779 4.4759 16.0589 3.6175 26.6156 -9.3476 0.9811
98 3 Car 0 0 0 10 10 100 100 1.6386 1.9456 5.2615 4.9659 3.9463 10.1085 -6.1813 0.8322
98 4 Car 0 0 0 10 10 100 100 1.6821 1.8753 5.4977 -12.2500 4.4042 10.9776 -6.1967 0.9819
98 0 Car 0 0 0 10 10 100 100 1.5346 1.6318 3.7211 7.8066 3.8301 27.0581 -9.3462 0.9972
98 1 Car 0 0 0 10 10 100 100 1.3869 1.6913 4.1522 8.5449 3.3234 23.5312 -9.3699 0.9885
98 6 Car 0 0 0 10 10 100 100 1.7655 1.9737 4.7328 -38.7549 5.1161 12.7654 -6.2742 0.9411
99 2 Car 0 0 0 10 10 100 100 1.5153 1.9545 4.5312 16.0728 3.6180 26.6080 -9.3443 0.9793
99 3 Car 0 0 0 10 10 100 100 1.6032 1.8713 4.7555 6.3416 3.8967 9.9996 -6.2119 0.8172
99 4 Car 0 0 0 10 10 100 100 1.7263 1.8979 5.3568 -11.4212 4.4088 10.9207 -6.1952 0.9529
99 0 Car 0 0 0 10 10 100 100 1.5492 1.6005 3.6746 7.7799 3.8404 27.0498 -9.3575 0.9973
99 1 Car 0 0 0 10 10 100 100 1.4244 1.7321 4.1920 8.5649 3.3482 23.5389 -9.3805 0.9934
99 6 Car 0 0 0 10 10 100 100 1.6592 1.9994 4.9268 -38.0053 5.0298 12.7305 -6.2520 0.9641
100 2 Car 0 0 0 10 10 100 100 1.5282 1.9355 4.5291 16.0669 3.6218 26.5937 -9.3440 0.9775
100 3 Car 0 0 0 10 10 100 100 1.6531 1.9305 5.1820 7.2924 3.8509 9.8956 -6.1916 0.8447
100 4 Car 0 0 0 10 10 100 100 1.7467 1.9118 5.2119 -10.5322 4.4050 10.9006 -6.2057 0.9402
100 0 Car 0 0 0 10 10 100 100 1.5355 1.6090 3.7285 7.8015 3.8283 27.0370 -9.3433 0.9966
100 1 Car 0 0 0 10 10 100 100 1.3902 1.6715 4.1870 8.5519 3.3211 23.5452 -9.3806 0.9818
100 6 Car 0 0 0 10 10 100 100 1.7208 2.0008 4.8853 -37.4186 5.0176 12.7098 -6.2407 0.9595
101 2 Car 0 0 0 10 10 100 100 1.5356 1.8679 4.4858 16.0488 3.6468 26.5757 -9.3387 0.9876
101 3 Car 0 0 0 10 10 100 100 1.5626 1.8508 4.4683 8.4208 3.7938 9.8425 -6.1998 0.9123
101 4 Car 0 0 0 10 10 100 100 1.7348 1.8745 5.1939 -9.6905 4.3919 10.8245 -6.1695 0.9298
101 0 Car 0 0 0 10 10 100 100 1.5455 1.6492 3.7282 7.7842 3.8368 27.0695 -9.3670 0.9938
101 1 Car 0 0 0 10 10 100 100 1.4086 1.7301 4.2453 8.5324 3.3461 23.5536 -9.3789 0.9806
101 6 Car 0 0 0 10 10 100 100 1.7679 2.0209 5.1351 -36.9263 5.0237 12.7036 -6.2261 0.9524
102 2 Car 0 0 0 10 10 100 100 1.5232 1.9309 4.6449 16.1197 3.6219 26.5957 -9.3417 0.9710
102 3 Car 0 0 0 10 10 100 100 1.5097 1.7804 4.6943 9.4362 3.7494 9.7204 -6.1985 0.9559
102 4 Car 0 0 0 10 10 100 100 1.7738 1.8928 5.3332 -8.9457 4.3530 10.7978 -6.1736 0.9385
102 0 Car 0 0 0 10 10 100 100 1.5530 1.6529 3.6785 7.8157 3.8424 27.0664 -9.3572 0.9959
102 1 Car 0 0 0 10 10 100 100 1.3676 1.7179 4.2488 8.5397 3.3056 23.5505 -9.3764 0.9835
102 6 Car 0 0 0 10 10 100 100 1.7625 2.0971 5.1372 -36.2096 4.9898 12.6837 -6.2218 0.9516
103 2 Car 0 0 0 10 10 100 100 1.5192 1.9217 4.5547 16.1022 3.6236 26.6021 -9.3385 0.9790
103 3 Car 0 0 0 10 10 100 100 1.5218 1.7733 4.4573 10.6216 3.7293 9.6484 -6.2032 0.9042
103 4 Car 0 0 0 10 10 100 100 1.7488 1.9713 5.6106 -8.1388 4.3322 10.7403 -6.1903 0.9512
103 0 Car 0 0 0 10 10 100 100 1.5630 1.6953 3.8136 7.8289 3.8550 27.0516 -9.3395 0.9966
103 1 Car 0 0 0 10 10 100 100 1.3959 1.7199 4.2874 8.5150 3.3333 23.5591 -9.3788 0.9844
103 6 Car 0 0 0 10 10 100 100 1.7572 2.0989 5.3462 -35.7211 4.9746 12.6464 -6.2381 0.9580
104 2 Car 0 0 0 10 10 100 100 1.5081 1.9532 4.4872 16.0693 3.6324 26.6018 -9.3335 0.9673
104 3 Car 0 0 0 10 10 100 100 1.4841 1.7355 4.5405 11.7701 3.6563 9.5682 -6.1825 0.9522
104 4 Car 0 0 0 10 10 100 100 1.7441 1.9052 5.1679 -7.1437 4.3314 10.6664 -6.1969 0.9247
104 0 Car 0 0 0 10 10 100 100 1.5539 1.5910 3.6823 7.7938 3.8440 27.0487 -9.3525 0.9980
104 1 Car 0 0 0 10 10 100 100 1.4089 1.7179 4.2441 8.5611 3.3286 23.5570 -9.3754 0.9864
104 6 Car 0 0 0 10 10 100 100 1.7844 2.0719 5.5450 -35.0681 4.9611 12.6497 -6.2407 0.9600
105 2 Car 0 0 0 10 10 100 100 1.5188 1.9762 4.4514 16.0531 3.6291 26.6161 -9.3379 0.9752
105 3 Car 0 0 0 10 10 100 100 1.5749 1.7072 4.5987 13.0070 3.6668 9.4406 -6.2027 0.8927
105 4 Car 0 0 0 10 10 100 100 1.7365 1.9513 5.0574 -6.2532 4.2941 10.5524 -6.1767 0.9202
105 0 Car 0 0 0 10 10 100 100 1.5602 1.6093 3.7251 7.8014 3.8407 27.0516 -9.3599 0.9984
105 1 Car 0 0 0 10 10 100 100 1.4023 1.7179 4.2486 8.5497 3.3315 23.5500 -9.3735 0.9791
105 6 Car 0 0 0 10 10 100 100 1.7665 2.0293 5.5279 -34.2861 4.9429 12.6435 -6.2509 0.9884
106 2 Car 0 0 0 10 10 100 100 1.5290 1.8416 4.2997 15.9220 3.6309 26.5746 -9.3335 0.9656
106 3 Car 0 0 0 10 10 100 100 1.5421 1.6652 4.5032 14.0853 3.6070 9.3231 -6.2095 0.9159
106 4 Car 0 0 0 10 10 100 100 1.7207 2.0979 5.4816 -5.4754 4.2908 10.5296 -6.2123 0.9437
106 0 Car 0 0 0 10 10 100 100 1.5412 1.6093 3.7260 7.7855 3.8389 27.0629 -9.3613 0.9969
106 1 Car 0 0 0 10 10 100 100 1.3838 1.7237 4.2063 8.5283 3.3253 23.5646 -9.3789 0.9767
106 6 Car 0 0 0 10 10 100 100 1.7239 2.0686 5.5996 -33.7452 4.8792 12.5739 -6.2369 0.9741
107 2 Car 0 0 0 10 10 100 100 1.5089 1.9777 4.3261 15.9460 3.6018 26.6116 -9.3361 0.8964
107 3 Car 0 0 0 10 10 100 100 1.5786 1.7292 4.8853 15.3677 3.6016 9.2547 -6.2079 0.8783
107 4 Car 0 0 0 10 10 100 100 1.7469 1.9558 5.4580 -4.6742 4.2474 10.4824 -6.1863 0.9297
107 0 Car 0 0 0 10 10 100 100 1.5536 1.6481 3.6862 7.8219 3.8532 27.0671 -9.3449 0.9930
107 1 Car 0 0 0 10 10 100 100 1.3729 1.7306 4.1903 8.5504 3.3084 23.5674 -9.3769 0.9750
107 6 Car 0 0 0 10 10 100 100 1.7631 2.0425 5.3724 -32.9641 4.9182 12.5585 -6.2390 0.9482
108 2 Car 0 0 0 10 10 100 100 1.5174 1.8808 4.1775 15.8773 3.5978 26.6093 -9.3355 0.9491
108 3 Car 0 0 0 10 10 100 100 1.5506 1.7180 4.5368 16.5716 3.5537 9.1554 -6.2107 0.9388
108 4 Car 0 0 0 10 10 100 100 1.6977 1.9915 5.6106 -3.7696 4.2054 10.4340 -6.1900 0.9562
108 0 Car 0 0 0 10 10 100 100 1.5573 1.6280 3.7335 7.7971 3.8538 27.0552 -9.3402 0.9969
108 1 Car 0 0 0 10 10 100 100 1.3685 1.6771 4.1269 8.5561 3.3007 23.5419 -9.3751 0.9861
108 6 Car 0 0 0 10 10 100 100 1.7786 2.0439 5.4046 -32.2550 4.8951 12.5694 -6.2406 0.9486
109 2 Car 0 0 0 10 10 100 100 1.4894 1.8032 4.3401 15.9526 3.5849 26.5471 -9.3428 0.9497
109 3 Car 0 0 0 10 10 100 100 1.5426 1.6874 4.3965 17.8540 3.5190 9.0624 -6.2083 0.9711
109 4 Car 0 0 0 10 10 100 100 1.7384 1.9597 5.5880 -2.8831 4.1340 10.3552 -6.1775 0.9270
109 0 Car 0 0 0 10 10 100 100 1.5450 1.6182 3.7014 7.7870 3.8271 27.0579 -9.3633 0.9965
109 1 Car 0 0 0 10 10 100 100 1.5134 1.7355 4.2568 8.5321 3.4345 23.5617 -9.3785 0.9960
109 6 Car 0 0 0 10 10 100 100 1.7277 2.0225 5.3845 -31.5702 4.8757 12.5377 -6.2286 0.9531
110 2 Car 0 0 0 10 10 100 100 1.5048 1.8439 4.2983 15.9098 3.5987 26.5927 -9.3315 0.9420
110 3 Car 0 0 0 10 10 100 100 1.5501 1.7786 4.3438 18.9856 3.4959 9.0205 -6.2056 0.9642
110 4 Car 0 0 0 10 10 100 100 1.7421 1.9759 5.5999 -2.0148 4.1401 10.2971 -6.1827 0.9095
110 0 Car 0 0 0 10 10 100 100 1.5513 1.5929 3.7789 7.7981 3.8358 27.0504 -9.3597 0.9963
110 1 Car 0 0 0 10 10 100 100 1.4125 1.7187 4.1803 8.5304 3.3290 23.5606 -9.3783 0.9778
110 6 Car 0 0 0 10 10 100 100 1.7338 2.0085 5.4113 -30.8702 4.8530 12.5271 -6.2345 0.9696
111 2 Car 0 0 0 10 10 100 100 1.5311 1.8179 4.3859 15.9752 3.5941 26.5791 -9.3336 0.9317
111 3 Car 0 0 0 10 10 100 100 1.5578 1.7378 4.4579 20.2710 3.4545 8.8784 -6.2036 0.9260
111 4 Car 0 0 0 10 10 100 100 1.7661 1.9832 5.4483 -1.0281 4.1625 10.2380 -6.1759 0.9131
111 0 Car 0 0 0 10 10 100 100 1.5698 1.6560 3.7223 7.7902 3.8457 27.0773 -9.3757 0.9963
111 1 Car 0 0 0 10 10 100 100 1.3587 1.7044 4.2048 8.5527 3.3042 23.5423 -9.3778 0.9903
111 6 Car 0 0 0 10 10 100 100 1.7663 2.0114 5.4363 -30.1508 4.8470 12.5087 -6.2310 0.9518
112 2 Car 0 0 0 10 10 100 100 1.5216 1.7819 4.2869 15.9351 3.5959 26.5444 -9.3385 0.9256
112 3 Car 0 0 0 10 10 100 100 1.5227 1.6404 4.3059 21.4025 3.4148 8.7974 -6.2113 0.9859
112 4 Car 0 0 0 10 10 100 100 1.7315 1.8716 5.4347 -0.1135 4.0926 10.1305 -6.1751 0.9199
112 0 Car 0 0 0 10 10 100 100 1.5600 1.6271 3.7200 7.7740 3.8340 27.0637 -9.3666 0.9959
112 1 Car 0 0 0 10 10 100 100 1.3992 1.7081 4.2675 8.5206 3.3347 23.5716 -9.3731 0.9861
112 6 Car 0 0 0 10 10 100 100 1.8113 2.0303 5.7043 -29.4187 4.8669 12.5068 -6.2435 0.9657
113 2 Car 0 0 0 10 10 100 100 1.4963 1.8655 4.4698 15.9947 3.5705 26.5635 -9.3273 0.8967
113 3 Car 0 0 0 10 10 100 100 1.5037 1.7119 4.4129 22.7931 3.3704 8.7441 -6.2167 0.9213
113 4 Car 0 0 0 10 10 100 100 1.7537 1.8736 5.0791 0.6742 4.0835 10.0487 -6.1598 0.9293
113 0 Car 0 0 0 10 10 100 100 1.5724 1.6664 3.7014 7.8067 3.8370 27.0717 -9.3594 0.9955
113 1 Car 0 0 0 10 10 100 100 1.3578 1.7175 4.2292 8.5523 3.2965 23.5505 -9.3764 0.9891
113 6 Car 0 0 0 10 10 100 100 1.7764 1.9852 5.3760 -28.6174 4.8169 12.5029 -6.2386 0.9320
114 2 Car 0 0 0 10 10 100 100 1.5081 1.7627 4.5311 16.0603 3.5678 26.5494 -9.3328 0.9333
114 3 Car 0 0 0 10 10 100 100 1.4833 1.7395 4.2818 24.0517 3.3319 8.6668 -6.2270 0.9319
114 4 Car 0 0 0 10 10 100 100 1.7493 1.9401 5.1883 1.2520 4.0496 10.0051 -6.1782 0.9210
114 0 Car 0 0 0 10 10 100 100 1.5501 1.6291 3.6963 7.8115 3.8448 26.9937 -9.3259 0.9897
114 1 Car 0 0 0 10 10 100 100 1.4058 1.7096 4.2100 8.5422 3.3298 23.5647 -9.3690 0.9793
114 6 Car 0 0 0 10 10 100 100 1.7416 1.9610 5.1809 -27.7033 4.7894 12.4655 -6.2330 0.9330
115 2 Car 0 0 0 10 10 100 100 1.5088 1.7754 4.4702 16.0454 3.5641 26.5594 -9.3293 0.9432
115 3 Car 0 0 0 10 10 100 100 1.5455 1.6869 4.4883 25.4119 3.3212 8.5374 -6.2251 0.9684
115 4 Car 0 0 0 10 10 100 100 1.7546 1.9517 5.3750 2.2690 4.0187 9.9342 -6.1848 0.8988
115 0 Car 0 0 0 10 10 100 100 1.5565 1.6407 3.7055 7.7897 3.8399 27.0391 -9.3458 0.9966
115 1 Car 0 0 0 10 10 100 100 1.4568 1.7270 4.2599 8.5572 3.3573 23.5552 -9.3703 0.9903
115 6 Car 0 0 0 10 10 100 100 1.7461 1.9599 5.1474 -26.9293 4.7754 12.4277 -6.2352 0.9277
116 2 Car 0 0 0 10 10 100 100 1.5177 1.7815 4.4597 16.0639 3.5796 26.5593 -9.3240 0.9507
116 3 Car 0 0 0 10 10 100 100 1.5489 1.7063 4.3683 26.7728 3.2933 8.4942 -6.2217 0.9800
116 4 Car 0 0 0 10 10 100 100 1.7312 1.9043 5.2141 3.0577 3.9975 9.8786 -6.1387 0.8838
116 0 Car 0 0 0 10 10 100 100 1.5418 1.6206 3.6397 7.7921 3.8357 27.0619 -9.3505 0.9987
116 1 Car 0 0 0 10 10 100 100 1.3965 1.7027 4.2277 8.5641 3.3183 23.5464 -9.3781 0.9824
116 6 Car 0 0 0 10 10 100 100 1.7393 2.0255 5.2371 -26.1291 4.7765 12.4054 -6.2307 0.9246
117 2 Car 0 0 0 10 10 100 100 1.5114 1.8115 4.4967 16.0470 3.5753 26.5637 -9.3187 0.9162
117 3 Car 0 0 0 10 10 100 100 1.5306 1.6869 4.4525 28.0911 3.2468 8.3843 -6.2245 0.9215
117 4 Car 0 0 0 10 10 100 100 1.7417 2.0337 5.4457 4.3096 3.9682 9.7665 -6.1728 0.8916
117 0 Car 0 0 0 10 10 100 100 1.5473 1.6330 3.7233 7.7798 3.8350 27.0574 -9.3448 0.9967
117 1 Car 0 0 0 10 10 100 100 1.4288 1.7242 4.2089 8.5182 3.3525 23.5571 -9.3741 0.9914
117 6 Car 0 0 0 10 10 100 100 1.7693 1.9835 5.6693 -25.5108 4.7739 12.3800 -6.2206 0.9596
118 2 Car 0 0 0 10 10 100 100 1.5362 1.7552 4.5609 16.0232 3.6050 26.5279 -9.3069 0.9263
118 3 Car 0 0 0 10 10 100 100 1.5217 1.6773 4.4474 29.5178 3.2256 8.3173 -6.2145 0.9741
118 4 Car 0 0 0 10 10 100 100 1.7828 2.0295 5.1815 5.0055 3.9441 9.7332 -6.1765 0.9383
118 0 Car 0 0 0 10 10 100 100 1.5546 1.6089 3.6960 7.7844 3.8378 27.0579 -9.3604 0.9982
118 1 Car 0 0 0 10 10 100 100 1.4186 1.7050 4.2042 8.5395 3.3430 23.5466 -9.3778 0.9799
118 6 Car 0 0 0 10 10 100 100 1.7219 1.9729 5.3661 -24.7324 4.7112 12.3468 -6.2032 0.9290
119 2 Car 0 0 0 10 10 100 100 1.5060 1.7686 4.5290 16.0836 3.5868 26.5508 -9.3340 0.8844
119 3 Car 0 0 0 10 10 100 100 1.5621 1.6820 4.6143 30.9397 3.2043 8.1768 -6.2037 0.9082
119 4 Car 0 0 0 10 10 100 100 1.8041 1.9547 4.7664 6.2353 3.9384 9.5961 -6.1781 0.8889
119 0 Car 0 0 0 10 10 100 100 1.5599 1.6284 3.6535 7.8118 3.8488 27.0525 -9.3442 0.9974
119 1 Car 0 0 0 10 10 100 100 1.3613 1.6767 4.2125 8.5528 3.2976 23.5364 -9.3795 0.9861
119 6 Car 0 0 0 10 10 100 100 1.7382 1.9570 5.2066 -23.9069 4.6994 12.3113 -6.2165 0.9270
120 2 Car 0 0 0 10 10 100 100 1.4824 1.7858 4.5347 16.0259 3.5643 26.5985 -9.3579 0.8208
120 3 Car 0 0 0 10 10 100 100 1.5899 1.7100 4.6496 32.3248 3.1770 8.1680 -6.2237 0.9288
120 4 Car 0 0 0 10 10 100 100 1.7243 1.9089 4.5924 7.0695 3.8657 9.5418 -6.1736 0.9332
120 0 Car 0 0 0 10 10 100 100 1.5658 1.6638 3.7441 7.8009 3.8488 27.0538 -9.3397 0.9979
120 1 Car 0 0 0 10 10 100 100 1.4109 1.7220 4.2410 8.5617 3.3184 23.5535 -9.3769 0.9829
120 6 Car 0 0 0 10 10 100 100 1.7513 1.9742 5.4046 -23.2104 4.6819 12.2986 -6.1972 0.9526
121 2 Car 0 0 0 10 10 100 100 1.5112 1.7981 4.5238 16.0449 3.5435 26.5957 -9.3387 0.8340
121 3 Car 0 0 0 10 10 100 100 1.5497 1.6818 4.6786 33.7574 3.1334 8.1180 -6.2255 0.9369
121 4 Car 0 0 0 10 10 100 100 1.7658 1.9997 4.6795 8.2043 3.8379 9.4471 -6.1819 0.9106
121 0 Car 0 0 0 10 10 100 100 1.5468 1.5931 3.6835 7.7851 3.8264 27.0601 -9.3597 0.9970
121 1 Car 0 0 0 10 10 100 100 1.3795 1.7001 4.1969 8.5487 3.3052 23.5430 -9.3644 0.9786
121 6 Car 0 0 0 10 10 100 100 1.7840 2.0195 5.8660 -22.4614 4.6802 12.2654 -6.2070 0.9715
122 2 Car 0 0 0 10 10 100 100 1.4878 1.8317 4.6719 16.1115 3.5563 26.6203 -9.3683 0.8029
122 3 Car 0 0 0 10 10 100 100 1.5418 1.6501 4.2034 34.8604 3.0904 8.0350 -6.2084 0.9685
122 4 Car 0 0 0 10 10 100 100 1.7003 1.9005 4.5609 9.1187 3.7966 9.3499 -6.1835 0.9515
122 0 Car 0 0 0 10 10 100 100 1.5490 1.6308 3.7234 7.7789 3.8429 27.0778 -9.3596 0.9980
122 1 Car 0 0 0 10 10 100 100 1.3567 1.6818 4.1934 8.5477 3.2832 23.5485 -9.3728 0.9877
122 6 Car 0 0 0 10 10 100 100 1.7722 2.0233 5.4136 -21.5087 4.6627 12.2072 -6.2117 0.9361
122 7 Car 0 0 0 10 10 100 100 1.3300 1.7702 3.8364 -20.2926 5.1664 54.0203 -10.9184 0.6526
123 2 Car 0 0 0 10 10 100 100 1.4409 1.7700 4.5011 16.0291 3.5288 26.6056 -9.3663 0.8220
123 3 Car 0 0 0 10 10 100 100 1.5729 1.6298 4.0947 36.2051 3.0531 7.9362 -6.2113 0.9743
123 4 Car 0 0 0 10 10 100 100 1.7420 1.9425 4.6305 10.0707 3.8054 9.2386 -6.1999 0.8930
123 0 Car 0 0 0 10 10 100 100 1.5390 1.6212 3.6601 7.7998 3.8353 27.0600 -9.3393 0.9984
123 1 Car 0 0 0 10 10 100 100 1.4594 1.7098 4.2886 8.5491 3.3687 23.5557 -9.3739 0.9862
123 6 Car 0 0 0 10 10 100 100 1.7655 2.0474 5.4465 -20.7706 4.6269 12.1768 -6.1948 0.9239
123 7 Car 0 0 0 10 10 100 100 1.4393 1.8663 4.1370 -20.1536 5.1914 54.0018 -10.7899 0.7389
124 2 Car 0 0 0 10 10 100 100 1.4095 1.7428 4.4013 15.9047 3.5201 26.6601 -9.4263 0.6322
124 3 Car 0 0 0 10 10 100 100 1.5587 1.6466 4.3420 37.7924 3.0091 7.9246 -6.2351 0.9543
124 4 Car 0 0 0 10 10 100 100 1.6836 1.9043 4.4842 10.9848 3.7103 9.1766 -6.1838 0.9300
124 0 Car 0 0 0 10 10 100 100 1.5388 1.6359 3.7354 7.8121 3.8376 27.0601 -9.3647 0.9978
124 1 Car 0 0 0 10 10 100 100 1.3766 1.6920 4.1964 8.5498 3.3143 23.5424 -9.3749 0.9767
124 6 Car 0 0 0 10 10 100 100 1.7873 1.9743 5.1975 -19.7555 4.6268 12.1035 -6.1794 0.8931
125 2 Car 0 0 0 10 10 100 100 1.4626 1.6683 4.4011 15.8641 3.5596 26.6322 -9.3963 0.7820
125 3 Car 0 0 0 10 10 100 100 1.5580 1.5815 4.1099 39.0046 2.9853 7.7934 -6.1990 0.9221
125 4 Car 0 0 0 10 10 100 100 1.7231 1.9492 4.4314 12.1173 3.7065 9.1031 -6.1883 0.9260
125 0 Car 0 0 0 10 10 100 100 1.5611 1.5781 3.6406 7.7845 3.8474 27.0534 -9.3495 0.9988
125 1 Car 0 0 0 10 10 100 100 1.3667 1.7140 4.2098 8.5700 3.3073 23.5554 -9.3798 0.9857
125 6 Car 0 0 0 10 10 100 100 1.7509 1.9693 5.3933 -18.9539 4.5973 12.0657 -6.2095 0.9483
126 2 Car 0 0 0 10 10 100 100 1.4364 1.7405 4.5065 15.9242 3.5467 26.7108 -9.4126 0.8596
126 3 Car 0 0 0 10 10 100 100 1.5570 1.6157 4.0501 40.5601 2.9556 7.7555 -6.2237 0.9529
126 4 Car 0 0 0 10 10 100 100 1.7341 1.9396 4.4417 13.1548 3.7030 9.0372 -6.2099 0.9694
126 0 Car 0 0 0 10 10 100 100 1.5433 1.6492 3.6881 7.7990 3.8320 27.0591 -9.3700 0.9967
126 1 Car 0 0 0 10 10 100 100 1.3695 1.7034 4.2595 8.5094 3.3034 23.5534 -9.3766 0.9825
126 6 Car 0 0 0 10 10 100 100 1.7355 1.9987 5.4276 -18.2415 4.5689 12.0273 -6.2082 0.9258
127 3 Car 0 0 0 10 10 100 100 1.5490 1.5669 4.0818 42.0607 2.9192 7.6132 -6.1896 0.9344
127 4 Car 0 0 0 10 10 100 100 1.7040 1.8890 4.2486 14.1435 3.6605 8.9470 -6.1939 0.9276
127 0 Car 0 0 0 10 10 100 100 1.5352 1.6218 3.6450 7.8098 3.8344 27.0262 -9.3488 0.9972
127 1 Car 0 0 0 10 10 100 100 1.3678 1.7002 4.2218 8.5626 3.2988 23.5482 -9.3771 0.9829
127 6 Car 0 0 0 10 10 100 100 1.8243 2.0552 5.4941 -17.4064 4.5831 11.9640 -6.2105 0.9285
128 3 Car 0 0 0 10 10 100 100 1.5128 1.5491 3.9870 43.3964 2.8501 7.5573 -6.2157 0.8657
128 4 Car 0 0 0 10 10 100 100 1.7516 1.9465 4.4213 15.3803 3.6479 8.8668 -6.1969 0.9404
128 0 Car 0 0 0 10 10 100 100 1.5522 1.6245 3.6025 7.7882 3.8346 27.0738 -9.3477 0.9972
128 1 Car 0 0 0 10 10 100 100 1.3786 1.7229 4.2447 8.5551 3.3038 23.5657 -9.3707 0.9798
128 6 Car 0 0 0 10 10 100 100 1.7610 1.9854 5.7463 -16.6835 4.5152 11.9296 -6.1832 0.9598
128 7 Car 0 0 0 10 10 100 100 1.5214 1.8480 3.9671 -20.4300 5.0257 52.8679 -10.8401 0.7691
129 3 Car 0 0 0 10 10 100 100 1.5186 1.5700 3.9532 44.8872 2.8339 7.4914 -6.2343 0.8593
129 4 Car 0 0 0 10 10 100 100 1.7163 1.9432 4.3633 16.3129 3.6178 8.7814 -6.1775 0.9627
129 0 Car 0 0 0 10 10 100 100 1.5371 1.5894 3.6179 7.7705 3.8171 27.0587 -9.3477 0.9979
129 1 Car 0 0 0 10 10 100 100 1.4004 1.7309 4.2289 8.5725 3.3257 23.5630 -9.3704 0.9792
129 6 Car 0 0 0 10 10 100 100 1.7247 2.0089 5.4798 -15.6916 4.4763 11.8548 -6.1922 0.9206
129 7 Car 0 0 0 10 10 100 100 1.6330 1.9693 3.7801 -20.4196 5.1108 52.3656 -10.7552 0.7994
130 3 Car 0 0 0 10 10 100 100 1.4762 1.3991 3.5602 46.1256 2.7241 7.4823 -6.2149 0.8719
130 4 Car 0 0 0 10 10 100 100 1.7231 1.8439 4.3575 17.2976 3.5950 8.6881 -6.1857 0.9434
130 0 Car 0 0 0 10 10 100 100 1.5421 1.5809 3.5970 7.7560 3.8255 27.0647 -9.3557 0.9974
130 1 Car 0 0 0 10 10 100 100 1.3791 1.7163 4.1787 8.5363 3.3136 23.5536 -9.3840 0.9787
130 6 Car 0 0 0 10 10 100 100 1.7844 2.0342 5.4014 -14.7829 4.4917 11.8028 -6.1859 0.9211
130 7 Car 0 0 0 10 10 100 100 1.6595 1.9067 4.3726 -20.5020 5.0303 52.7176 -10.8786 0.6956
131 3 Car 0 0 0 10 10 100 100 1.5165 1.4419 3.5451 47.6198 2.7483 7.3655 -6.1750 0.7813
131 4 Car 0 0 0 10 10 100 100 1.7411 1.8962 4.4645 18.5484 3.5433 8.5712 -6.1850 0.9316
131 0 Car 0 0 0 10 10 100 100 1.5433 1.5864 3.6814 7.7977 3.8300 27.0531 -9.3572 0.9984
131 1 Car 0 0 0 10 10 100 100 1.3514 1.7152 4.1793 8.5564 3.2788 23.5559 -9.3711 0.9816
131 6 Car 0 0 0 10 10 100 100 1.7560 1.9578 4.9529 -13.7456 4.4306 11.7435 -6.2000 0.8544
131 7 Car 0 0 0 10 10 100 100 1.6277 1.9454 3.9474 -20.4712 5.0302 52.1730 -10.7758 0.8348
132 3 Car 0 0 0 10 10 100 100 1.4817 1.3415 3.5558 49.0910 2.6843 7.2847 -6.1793 0.7900
132 4 Car 0 0 0 10 10 100 100 1.6845 1.9072 4.2596 19.5493 3.4947 8.5088 -6.1938 0.9631
132 0 Car 0 0 0 10 10 100 100 1.5471 1.6462 3.6640 7.7922 3.8353 27.0656 -9.3535 0.9988
132 1 Car 0 0 0 10 10 100 100 1.4022 1.7415 4.1842 8.5421 3.3173 23.5583 -9.3799 0.9817
132 6 Car 0 0 0 10 10 100 100 1.7580 1.9449 5.5150 -13.0905 4.4306 11.6898 -6.1807 0.9273
132 7 Car 0 0 0 10 10 100 100 1.7511 1.9953 4.2008 -20.5151 5.0902 52.1934 -10.8096 0.8288
133 3 Car 0 0 0 10 10 100 100 1.4697 1.3362 3.6219 50.6718 2.6034 7.2873 -6.2167 0.8827
133 4 Car 0 0 0 10 10 100 100 1.7323 1.9917 4.7140 20.7311 3.4863 8.4596 -6.1997 0.8939
133 0 Car 0 0 0 10 10 100 100 1.5528 1.6498 3.6534 7.7777 3.8329 27.0711 -9.3543 0.9969
133 1 Car 0 0 0 10 10 100 100 1.3403 1.6693 4.1508 8.5379 3.2830 23.5536 -9.3750 0.9796
133 6 Car 0 0 0 10 10 100 100 1.7588 1.9487 5.1321 -11.9930 4.4001 11.6102 -6.1679 0.8701
133 7 Car 0 0 0 10 10 100 100 1.7879 1.9856 4.2488 -20.5267 5.1292 52.0621 -10.8238 0.9251
134 3 Car 0 0 0 10 10 100 100 1.4985 1.3800 3.7455 52.1904 2.5897 7.0857 -6.1287 0.7867
134 4 Car 0 0 0 10 10 100 100 1.7168 1.9328 4.3278 21.7334 3.4385 8.3671 -6.2014 0.9550
134 0 Car 0 0 0 10 10 100 100 1.5474 1.6214 3.6083 7.7696 3.8395 27.0539 -9.3512 0.9988
134 1 Car 0 0 0 10 10 100 100 1.4359 1.7491 4.1881 8.5499 3.3408 23.5648 -9.3725 0.9894
134 6 Car 0 0 0 10 10 100 100 1.7379 1.9083 5.0046 -11.1786 4.3605 11.5522 -6.1686 0.8732
134 7 Car 0 0 0 10 10 100 100 1.9328 2.0252 4.3215 -20.4870 5.1890 51.9599 -10.7732 0.9566
135 3 Car 0 0 0 10 10 100 100 1.5915 1.4986 3.9720 53.9129 2.5858 7.0234 -6.1776 0.6860
135 4 Car 0 0 0 10 10 100 100 1.7001 1.9694 4.5635 22.8261 3.4064 8.2762 -6.1977 0.9390
135 0 Car 0 0 0 10 10 100 100 1.5503 1.6420 3.7171 7.7958 3.8400 27.0620 -9.3542 0.9974
135 1 Car 0 0 0 10 10 100 100 1.4053 1.6968 4.2439 8.5395 3.3257 23.5376 -9.3780 0.9866
135 6 Car 0 0 0 10 10 100 100 1.7325 1.9577 5.1233 -10.2625 4.3315 11.5167 -6.1765 0.8940
135 7 Car 0 0 0 10 10 100 100 1.9567 2.0187 4.3017 -20.5233 5.2115 51.9518 -10.8352 0.9763
136 3 Car 0 0 0 10 10 100 100 1.4858 1.3228 3.6799 55.1360 2.5526 6.9563 -6.0659 0.6469
136 4 Car 0 0 0 10 10 100 100 1.7203 1.9299 4.5934 24.0733 3.3585 8.1482 -6.2011 0.8591
136 0 Car 0 0 0 10 10 100 100 1.5568 1.6673 3.7230 7.8142 3.8337 27.0746 -9.3451 0.9972
136 1 Car 0 0 0 10 10 100 100 1.4210 1.7244 4.2441 8.5684 3.3313 23.5566 -9.3726 0.9883
136 6 Car 0 0 0 10 10 100 100 1.7606 2.0017 5.3495 -9.4879 4.3620 11.4363 -6.2014 0.8901
136 7 Car 0 0 0 10 10 100 100 2.0440 2.0639 4.3644 -20.5731 5.2459 51.8763 -10.8157 0.9830
137 4 Car 0 0 0 10 10 100 100 1.6953 1.9295 4.6527 25.1052 3.3342 8.1350 -6.2074 0.9312
137 0 Car 0 0 0 10 10 100 100 1.5662 1.6549 3.7504 7.8140 3.8515 27.0589 -9.3560 0.9983
137 1 Car 0 0 0 10 10 100 100 1.3929 1.7198 4.2187 8.5414 3.3073 23.5602 -9.3745 0.9777
137 6 Car 0 0 0 10 10 100 100 1.8062 1.9819 4.9047 -8.3960 4.3204 11.3325 -6.2023 0.8689
137 7 Car 0 0 0 10 10 100 100 1.9844 2.0434 4.2128 -20.5838 5.2210 51.7220 -10.8256 0.9880
138 4 Car 0 0 0 10 10 100 100 1.6958 1.8391 4.2333 26.1860 3.3403 7.9956 -6.2089 0.9582
138 0 Car 0 0 0 10 10 100 100 1.5528 1.6277 3.6958 7.8044 3.8394 27.0570 -9.3525 0.9975
138 1 Car 0 0 0 10 10 100 100 1.3745 1.6924 4.1623 8.5411 3.3087 23.5472 -9.3719 0.9789
138 6 Car 0 0 0 10 10 100 100 1.7539 2.0089 5.4307 -7.6457 4.2720 11.2721 -6.1663 0.8960
138 7 Car 0 0 0 10 10 100 100 2.0075 2.0444 4.2202 -20.6326 5.2215 51.6600 -10.8245 0.9829
139 4 Car 0 0 0 10 10 100 100 1.6922 1.8365 4.3749 27.3301 3.3450 7.9464 -6.2011 0.9273
139 0 Car 0 0 0 10 10 100 100 1.5433 1.6053 3.6815 7.7819 3.8299 27.0583 -9.3663 0.9987
139 1 Car 0 0 0 10 10 100 100 1.4061 1.6697 4.1933 8.5458 3.3195 23.5502 -9.3677 0.9809
139 6 Car 0 0 0 10 10 100 100 1.7572 2.0614 5.4920 -6.7323 4.2675 11.2444 -6.1758 0.9000
139 7 Car 0 0 0 10 10 100 100 1.9985 2.0846 4.2377 -20.6681 5.2245 51.5862 -10.7983 0.9731
140 4 Car 0 0 0 10 10 100 100 1.6586 1.8224 4.0819 28.4026 3.2862 7.8505 -6.1982 0.9635
140 0 Car 0 0 0 10 10 100 100 1.5382 1.6279 3.7209 7.8016 3.8380 27.0416 -9.3385 0.9983
140 1 Car 0 0 0 10 10 100 100 1.3961 1.6863 4.1752 8.5618 3.3172 23.5437 -9.3738 0.9882
140 6 Car 0 0 0 10 10 100 100 1.7324 1.9688 4.8063 -5.3987 4.2426 11.1771 -6.1566 0.9331
140 7 Car 0 0 0 10 10 100 100 2.0381 2.0362 4.2515 -20.6307 5.2545 51.5364 -10.8118 0.9878
141 4 Car 0 0 0 10 10 100 100 1.7192 1.8092 4.4778 29.7181 3.2604 7.7587 -6.2028 0.9477
141 0 Car 0 0 0 10 10 100 100 1.5503 1.6001 3.6582 7.7908 3.8419 27.0604 -9.3349 0.9991
141 1 Car 0 0 0 10 10 100 100 1.4155 1.6966 4.1488 8.5353 3.3377 23.5548 -9.3725 0.9899
141 6 Car 0 0 0 10 10 100 100 1.7516 1.9450 4.8945 -4.6045 4.2136 11.0322 -6.1767 0.9371
141 7 Car 0 0 0 10 10 100 100 2.0491 2.0814 4.2861 -20.6621 5.2506 51.5162 -10.8012 0.9904
142 4 Car 0 0 0 10 10 100 100 1.7279 1.8211 4.3311 30.7270 3.2316 7.6879 -6.1975 0.9683
142 0 Car 0 0 0 10 10 100 100 1.5624 1.6153 3.6625 7.7871 3.8411 27.0512 -9.3459 0.9985
142 1 Car 0 0 0 10 10 100 100 1.3854 1.6920 4.1961 8.5534 3.3015 23.5479 -9.3783 0.9751
142 6 Car 0 0 0 10 10 100 100 1.7820 1.9773 5.2326 -3.8607 4.2144 11.0307 -6.1614 0.8184
142 7 Car 0 0 0 10 10 100 100 2.0219 2.0712 4.2723 -20.6473 5.2449 51.4938 -10.8023 0.9809
143 4 Car 0 0 0 10 10 100 100 1.7051 1.8135 4.2663 31.9145 3.2026 7.5854 -6.1981 0.9542
143 0 Car 0 0 0 10 10 100 100 1.5697 1.6524 3.7597 7.8163 3.8575 27.0560 -9.3496 0.9976
143 1 Car 0 0 0 10 10 100 100 1.3633 1.6382 4.2176 8.5445 3.2922 23.5293 -9.3756 0.9824
143 6 Car 0 0 0 10 10 100 100 1.7578 1.9795 5.4576 -2.9287 4.1241 10.9184 -6.1840 0.9416
143 7 Car 0 0 0 10 10 100 100 1.8881 2.0546 4.1901 -20.6222 5.2061 51.4593 -10.8157 0.9842
144 4 Car 0 0 0 10 10 100 100 1.7160 1.8467 4.2931 33.1546 3.1547 7.5310 -6.2048 0.9646
144 0 Car 0 0 0 10 10 100 100 1.5480 1.6468 3.7305 7.8169 3.8376 27.0615 -9.3477 0.9971
144 1 Car 0 0 0 10 10 100 100 1.3894 1.7100 4.0920 8.5253 3.3216 23.5402 -9.3765 0.9781
144 6 Car 0 0 0 10 10 100 100 1.7946 2.0088 5.6192 -2.1948 4.1442 10.8773 -6.1610 0.9261
144 7 Car 0 0 0 10 10 100 100 1.9435 2.0678 4.2353 -20.6529 5.2134 51.4407 -10.7993 0.9883
145 4 Car 0 0 0 10 10 100 100 1.7049 1.7932 4.1822 34.3412 3.1565 7.4216 -6.1935 0.9703
145 0 Car 0 0 0 10 10 100 100 1.5496 1.7017 3.8224 7.8071 3.8448 27.0768 -9.3540 0.9964
145 1 Car 0 0 0 10 10 100 100 1.3806 1.7190 4.1451 8.5450 3.3176 23.5416 -9.3737 0.9807
145 6 Car 0 0 0 10 10 100 100 1.7400 1.9310 5.0456 -0.9442 4.0892 10.7735 -6.1587 0.8558
145 7 Car 0 0 0 10 10 100 100 1.9570 2.0482 4.2239 -20.6586 5.2385 51.4711 -10.8072 0.9893
146 4 Car 0 0 0 10 10 100 100 1.7505 1.8575 4.2307 35.5480 3.1233 7.3702 -6.2093 0.9631
146 0 Car 0 0 0 10 10 100 100 1.5439 1.6204 3.6944 7.7731 3.8375 27.0560 -9.3495 0.9980
146 1 Car 0 0 0 10 10 100 100 1.3833 1.7463 4.2644 8.5703 3.2968 23.5770 -9.3690 0.9883
146 6 Car 0 0 0 10 10 100 100 1.7427 2.0765 5.7145 -0.2113 4.0655 10.7110 -6.1901 0.9079
146 7 Car 0 0 0 10 10 100 100 2.0615 2.0542 4.3115 -20.6770 5.2601 51.4602 -10.8057 0.9780
147 4 Car 0 0 0 10 10 100 100 1.7137 1.8536 4.1566 36.7932 3.0842 7.2631 -6.2088 0.9434
147 0 Car 0 0 0 10 10 100 100 1.5528 1.6257 3.6633 7.7773 3.8381 27.0571 -9.3626 0.9984
147 1 Car 0 0 0 10 10 100 100 1.3475 1.7082 4.1635 8.5794 3.2800 23.5516 -9.3687 0.9824
147 6 Car 0 0 0 10 10 100 100 1.7526 2.0720 5.6629 0.7053 4.0227 10.6660 -6.1847 0.9100
147 7 Car 0 0 0 10 10 100 100 2.0241 2.0519 4.2563 -20.6572 5.2468 51.4421 -10.7846 0.9852
148 4 Car 0 0 0 10 10 100 100 1.7189 1.8366 4.1887 37.9208 3.0452 7.1779 -6.2059 0.9657
148 0 Car 0 0 0 10 10 100 100 1.5487 1.6321 3.6497 7.7579 3.8224 27.0736 -9.3621 0.9976
148 1 Car 0 0 0 10 10 100 100 1.3784 1.6922 4.2685 8.5441 3.3212 23.5566 -9.3694 0.9845
148 6 Car 0 0 0 10 10 100 100 1.7120 1.9850 5.1816 1.2434 4.0026 10.5772 -6.1612 0.9294
148 7 Car 0 0 0 10 10 100 100 1.9674 2.0555 4.2748 -20.6725 5.2397 51.4258 -10.8119 0.9862
149 4 Car 0 0 0 10 10 100 100 1.7186 1.7832 4.1165 39.2000 3.0408 7.0937 -6.1989 0.9490
149 0 Car 0 0 0 10 10 100 100 1.5464 1.6472 3.7126 7.7777 3.8326 27.0699 -9.3462 0.9951
149 1 Car 0 0 0 10 10 100 100 1.3930 1.7219 4.1976 8.5529 3.3246 23.5500 -9.3710 0.9864
149 6 Car 0 0 0 10 10 100 100 1.7425 1.9357 5.0270 1.9642 4.0293 10.5067 -6.1471 0.8943
149 7 Car 0 0 0 10 10 100 100 2.0352 2.0337 4.2766 -20.6355 5.2496 51.4214 -10.8314 0.9861
150 4 Car 0 0 0 10 10 100 100 1.7096 1.8824 4.2580 40.4332 3.0107 7.0623 -6.2022 0.9508
150 0 Car 0 0 0 10 10 100 100 1.5252 1.6269 3.7454 7.7979 3.8270 27.0608 -9.3646 0.9975
150 1 Car 0 0 0 10 10 100 100 1.4503 1.7075 4.1945 8.5445 3.3517 23.5483 -9.3720 0.9784
150 6 Car 0 0 0 10 10 100 100 1.7025 1.7010 4.2841 3.4559 3.9307 10.3310 -6.1683 0.7547
150 7 Car 0 0 0 10 10 100 100 2.0375 2.0569 4.2864 -20.6683 5.2622 51.4584 -10.8086 0.9845
151 4 Car 0 0 0 10 10 100 100 1.7088 1.8221 4.6306 41.8382 2.9657 6.9163 -6.2057 0.9382
151 0 Car 0 0 0 10 10 100 100 1.5513 1.6371 3.7560 7.7776 3.8361 27.0545 -9.3428 0.9980
151 1 Car 0 0 0 10 10 100 100 1.3720 1.6945 4.2180 8.5410 3.3117 23.5599 -9.3711 0.9746
151 6 Car 0 0 0 10 10 100 100 1.7015 1.9579 4.9481 3.9574 3.9229 10.3916 -6.1549 0.8557
151 7 Car 0 0 0 10 10 100 100 2.0162 2.0656 4.2570 -20.6407 5.2422 51.4905 -10.7883 0.9884
152 4 Car 0 0 0 10 10 100 100 1.6871 1.9144 4.2480 42.9605 2.9180 6.8728 -6.2206 0.9470
152 0 Car 0 0 0 10 10 100 100 1.5476 1.6257 3.6245 7.7818 3.8318 27.0760 -9.3473 0.9977
152 1 Car 0 0 0 10 10 100 100 1.4358 1.7190 4.1598 8.5445 3.3523 23.5644 -9.3767 0.9892
152 6 Car 0 0 0 10 10 100 100 1.8039 2.0678 5.3981 5.0363 3.9131 10.2844 -6.1874 0.9357
152 7 Car 0 0 0 10 10 100 100 1.9356 2.0268 4.2175 -20.6662 5.2276 51.3952 -10.8360 0.9729
153 4 Car 0 0 0 10 10 100 100 1.7152 1.9290 4.3966 44.2702 2.9090 6.8061 -6.2194 0.9580
153 0 Car 0 0 0 10 10 100 100 1.5497 1.6341 3.6838 7.7591 3.8328 27.0825 -9.3502 0.9960
153 1 Car 0 0 0 10 10 100 100 1.3875 1.7206 4.1360 8.5306 3.3279 23.5727 -9.3753 0.9915
153 6 Car 0 0 0 10 10 100 100 1.8401 2.0406 4.9686 5.8765 3.9056 10.2612 -6.1793 0.9376
153 7 Car 0 0 0 10 10 100 100 2.0251 2.0561 4.2670 -20.6586 5.2432 51.4498 -10.8235 0.9761
154 4 Car 0 0 0 10 10 100 100 1.7257 1.9081 4.2126 45.4485 2.8836 6.7575 -6.2326 0.9436
154 0 Car 0 0 0 10 10 100 100 1.5490 1.5857 3.6331 7.7680 3.8252 27.0495 -9.3673 0.9956
154 1 Car 0 0 0 10 10 100 100 1.4448 1.7446 4.2352 8.5664 3.3357 23.5670 -9.3846 0.9888
154 6 Car 0 0 0 10 10 100 100 1.7838 1.9176 4.7835 6.8579 3.8545 10.0955 -6.1903 0.9252
154 7 Car 0 0 0 10 10 100 100 2.0196 2.0529 4.2697 -20.6602 5.2558 51.4466 -10.8395 0.9857
155 4 Car 0 0 0 10 10 100 100 1.7225 1.8379 4.1181 46.6935 2.8591 6.6340 -6.2145 0.9643
155 0 Car 0 0 0 10 10 100 100 1.5484 1.5979 3.6616 7.7858 3.8348 27.0474 -9.3634 0.9967
155 1 Car 0 0 0 10 10 100 100 1.3744 1.7141 4.1814 8.5512 3.3069 23.5457 -9.3767 0.9839
155 6 Car 0 0 0 10 10 100 100 1.7420 1.9312 4.6750 7.8120 3.8055 10.0497 -6.1920 0.9644
155 7 Car 0 0 0 10 10 100 100 2.0363 2.0754 4.2908 -20.6611 5.2623 51.4525 -10.8118 0.9898
156 4 Car 0 0 0 10 10 100 100 1.6659 1.9009 4.3590 48.0822 2.8094 6.5309 -6.2219 0.9560
156 0 Car 0 0 0 10 10 100 100 1.5387 1.5676 3.6767 7.7739 3.8240 27.0571 -9.3559 0.9973
156 1 Car 0 0 0 10 10 100 100 1.4138 1.7393 4.2574 8.5607 3.3215 23.5589 -9.3779 0.9940
156 6 Car 0 0 0 10 10 100 100 1.7650 2.0415 4.7740 8.8891 3.7900 9.9723 -6.1887 0.9356
156 7 Car 0 0 0 10 10 100 100 2.0000 2.0708 4.3016 -20.6699 5.2332 51.4841 -10.8043 0.9840
157 4 Car 0 0 0 10 10 100 100 1.6771 1.8343 4.2138 49.3204 2.7683 6.4819 -6.2124 0.9648
157 0 Car 0 0 0 10 10 100 100 1.5521 1.6439 3.6452 7.7877 3.8357 27.0741 -9.3549 0.9973
157 1 Car 0 0 0 10 10 100 100 1.3595 1.7056 4.2055 8.5676 3.2979 23.5617 -9.3752 0.9769
157 6 Car 0 0 0 10 10 100 100 1.7496 1.9413 4.7759 9.8061 3.7561 9.8945 -6.1913 0.9673
157 7 Car 0 0 0 10 10 100 100 2.0533 2.0827 4.2949 -20.6584 5.2652 51.4548 -10.8033 0.9866
158 4 Car 0 0 0 10 10 100 100 1.6666 1.9085 4.1651 50.5645 2.7177 6.4093 -6.2282 0.9485
158 0 Car 0 0 0 10 10 100 100 1.5367 1.6087 3.6848 7.7797 3.8280 27.0519 -9.3373 0.9991
158 1 Car 0 0 0 10 10 100 100 1.3702 1.7143 4.1956 8.5397 3.3127 23.5395 -9.3765 0.9787
158 6 Car 0 0 0 10 10 100 100 1.7705 1.8885 4.6000 10.7172 3.7239 9.8182 -6.2089 0.9602
158 7 Car 0 0 0 10 10 100 100 1.9879 2.0428 4.2714 -20.6681 5.2468 51.4490 -10.8031 0.9818
159 4 Car 0 0 0 10 10 100 100 1.6624 1.9016 4.3374 52.0123 2.6965 6.3319 -6.2337 0.9232
159 0 Car 0 0 0 10 10 100 100 1.5436 1.6010 3.6319 7.7629 3.8263 27.0705 -9.3460 0.9977
159 1 Car 0 0 0 10 10 100 100 1.3901 1.6848 4.2203 8.5628 3.3072 23.5435 -9.3740 0.9792
159 6 Car 0 0 0 10 10 100 100 1.7501 1.9417 4.5652 11.7920 3.7021 9.7637 -6.1969 0.9787
159 7 Car 0 0 0 10 10 100 100 1.9491 2.0677 4.2621 -20.6630 5.2185 51.4655 -10.7956 0.9863
160 4 Car 0 0 0 10 10 100 100 1.6781 1.8495 4.1370 53.2156 2.6468 6.2421 -6.2119 0.9466
160 0 Car 0 0 0 10 10 100 100 1.5419 1.6257 3.6725 7.7964 3.8253 27.0502 -9.3505 0.9970
160 1 Car 0 0 0 10 10 100 100 1.4447 1.7685 4.2736 8.5420 3.3549 23.5829 -9.3672 0.9848
160 6 Car 0 0 0 10 10 100 100 1.8088 1.9574 4.6609 12.7377 3.6989 9.6287 -6.1976 0.9339
160 7 Car 0 0 0 10 10 100 100 2.0022 2.0526 4.2342 -20.6520 5.2324 51.4345 -10.8378 0.9835
161 8 Car 0 0 0 10 10 100 100 2.8944 2.6569 7.7628 70.7976 1.8915 9.1475 -6.2451 0.8246
161 4 Car 0 0 0 10 10 100 100 1.6408 1.8260 4.2286 54.5756 2.6051 6.1485 -6.2184 0.9283
161 0 Car 0 0 0 10 10 100 100 1.5461 1.6498 3.7206 7.7870 3.8360 27.0800 -9.3583 0.9964
161 1 Car 0 0 0 10 10 100 100 1.4044 1.7619 4.2030 8.5648 3.3224 23.5791 -9.3786 0.9872
161 6 Car 0 0 0 10 10 100 100 1.7839 1.9226 4.6131 13.7872 3.6424 9.6058 -6.2046 0.9769
161 7 Car 0 0 0 10 10 100 100 2.0331 2.0770 4.2389 -20.6696 5.2378 51.4671 -10.8022 0.9807
162 8 Car 0 0 0 10 10 100 100 2.8462 2.5291 7.3996 71.3888 1.8812 9.0372 -6.1934 0.8438
162 4 Car 0 0 0 10 10 100 100 1.6768 1.8825 3.9604 55.8889 2.5823 6.0897 -6.2222 0.9198
162 0 Car 0 0 0 10 10 100 100 1.5399 1.6107 3.6593 7.7955 3.8291 27.0547 -9.3526 0.9981
162 1 Car 0 0 0 10 10 100 100 1.4383 1.7644 4.1982 8.5336 3.3511 23.5757 -9.3700 0.9852
162 6 Car 0 0 0 10 10 100 100 1.8326 1.8750 4.6312 14.7821 3.6440 9.4768 -6.1919 0.9454
162 7 Car 0 0 0 10 10 100 100 2.0607 2.0717 4.3021 -20.6642 5.2735 51.4614 -10.8177 0.9864
163 4 Car 0 0 0 10 10 100 100 1.7184 1.8575 4.2455 57.3249 2.5783 5.9900 -6.2325 0.9435
163 0 Car 0 0 0 10 10 100 100 1.5317 1.6232 3.7354 7.7830 3.8229 27.0695 -9.3627 0.9970
163 1 Car 0 0 0 10 10 100 100 1.4307 1.7101 4.1939 8.5235 3.3539 23.5639 -9.3654 0.9923
163 6 Car 0 0 0 10 10 100 100 1.7831 1.9315 4.5243 15.7778 3.6105 9.4504 -6.2015 0.9699
163 7 Car 0 0 0 10 10 100 100 1.9850 2.0470 4.2312 -20.6669 5.2486 51.4421 -10.8069 0.9823
164 4 Car 0 0 0 10 10 100 100 1.7271 1.7930 4.0992 58.5662 2.5198 5.9356 -6.2123 0.9321
164 0 Car 0 0 0 10 10 100 100 1.5357 1.6123 3.6753 7.8024 3.8304 27.0675 -9.3604 0.9988
164 1 Car 0 0 0 10 10 100 100 1.4462 1.7240 4.2997 8.5377 3.3524 23.5780 -9.3727 0.9946
164 6 Car 0 0 0 10 10 100 100 1.8178 1.9344 4.7099 16.8507 3.5632 9.3534 -6.1998 0.9554
164 7 Car 0 0 0 10 10 100 100 2.0034 2.0656 4.2406 -20.6790 5.2299 51.4632 -10.8296 0.9849
165 4 Car 0 0 0 10 10 100 100 1.6458 1.8585 4.2375 60.0563 2.4507 5.8644 -6.2049 0.9044
165 0 Car 0 0 0 10 10 100 100 1.5455 1.6896 3.7967 7.7672 3.8392 27.0413 -9.3264 0.9939
165 1 Car 0 0 0 10 10 100 100 1.3999 1.7011 4.2009 8.5034 3.3435 23.5499 -9.3724 0.9917
165 6 Car 0 0 0 10 10 100 100 1.7736 1.8511 4.5831 17.8062 3.5367 9.2305 -6.2134 0.9750
165 7 Car 0 0 0 10 10 100 100 1.9809 2.0753 4.2699 -20.6534 5.2312 51.4876 -10.8019 0.9837
166 4 Car 0 0 0 10 10 100 100 1.7173 1.8307 4.1251 61.2874 2.4333 5.7820 -6.2017 0.8947
166 0 Car 0 0 0 10 10 100 100 1.5656 1.6232 3.6666 7.7554 3.8373 27.0717 -9.3483 0.9960
166 1 Car 0 0 0 10 10 100 100 1.4288 1.7361 4.1811 8.5213 3.3626 23.5528 -9.3759 0.9915
166 6 Car 0 0 0 10 10 100 100 1.7850 1.8322 4.6144 18.8681 3.5103 9.1553 -6.2137 0.9723
166 7 Car 0 0 0 10 10 100 100 2.0489 2.0675 4.2510 -20.6282 5.2421 51.4277 -10.7987 0.9888
167 0 Car 0 0 0 10 10 100 100 1.5680 1.6704 3.7297 7.7985 3.8425 27.0479 -9.3502 0.9956
167 1 Car 0 0 0 10 10 100 100 1.4212 1.7118 4.2351 8.4652 3.3517 23.5631 -9.3671 0.9898
167 6 Car 0 0 0 10 10 100 100 1.7860 1.8815 4.7509 19.9742 3.4772 9.0943 -6.2153 0.9387
167 7 Car 0 0 0 10 10 100 100 2.0451 2.0739 4.2894 -20.6609 5.2570 51.4681 -10.8214 0.9891
168 0 Car 0 0 0 10 10 100 100 1.5547 1.6465 3.7314 7.8196 3.8351 27.0735 -9.3543 0.9979
168 1 Car 0 0 0 10 10 100 100 1.4527 1.7053 4.2747 8.4136 3.3628 23.5417 -9.3777 0.9887
168 6 Car 0 0 0 10 10 100 100 1.7609 1.9070 4.6749 20.9682 3.4318 9.0550 -6.2232 0.9668
168 7 Car 0 0 0 10 10 100 100 2.0351 2.0909 4.2736 -20.6608 5.2533 51.5071 -10.7780 0.9930
169 4 Car 0 0 0 10 10 100 100 1.6195 1.7864 4.2373 65.5599 2.2662 5.4121 -6.1783 0.6548
169 0 Car 0 0 0 10 10 100 100 1.5598 1.6316 3.8078 7.8253 3.8313 27.0572 -9.3626 0.9975
169 1 Car 0 0 0 10 10 100 100 1.4287 1.6685 4.2115 8.4127 3.3770 23.5370 -9.3744 0.9956
169 6 Car 0 0 0 10 10 100 100 1.7570 1.8737 4.7568 21.9896 3.3959 8.9423 -6.2134 0.9603
169 7 Car 0 0 0 10 10 100 100 1.9902 2.0437 4.2261 -20.6789 5.2348 51.4526 -10.8426 0.9895
170 4 Car 0 0 0 10 10 100 100 1.7265 1.9545 4.3468 67.1212 2.3412 5.3676 -6.1951 0.7314
170 0 Car 0 0 0 10 10 100 100 1.5782 1.6658 3.7145 7.7878 3.8428 27.0442 -9.3451 0.9939
170 1 Car 0 0 0 10 10 100 100 1.4007 1.6915 4.2131 8.3819 3.3405 23.5478 -9.3699 0.9903
170 6 Car 0 0 0 10 10 100 100 1.7803 1.8578 4.9458 22.9472 3.3893 8.8850 -6.2142 0.9662
170 7 Car 0 0 0 10 10 100 100 2.0390 2.0387 4.2577 -20.6781 5.2445 51.4275 -10.8302 0.9874
171 0 Car 0 0 0 10 10 100 100 1.5720 1.6651 3.7500 7.8123 3.8360 27.0904 -9.3567 0.9967
171 1 Car 0 0 0 10 10 100 100 1.3507 1.7337 4.2452 8.3249 3.3067 23.5613 -9.3609 0.9944
171 6 Car 0 0 0 10 10 100 100 1.7824 1.9210 4.8632 24.2296 3.3641 8.8342 -6.2202 0.9336
171 7 Car 0 0 0 10 10 100 100 1.9517 2.0209 4.2295 -20.6414 5.2280 51.4415 -10.8274 0.9832
172 0 Car 0 0 0 10 10 100 100 1.6046 1.7010 4.0258 7.8603 3.8490 27.0793 -9.3713 0.9947
172 1 Car 0 0 0 10 10 100 100 1.3258 1.7014 4.1381 8.2739 3.2808 23.5707 -9.3535 0.9922
172 6 Car 0 0 0 10 10 100 100 1.7392 1.9383 4.6523 25.1776 3.3449 8.7481 -6.2193 0.9622
172 7 Car 0 0 0 10 10 100 100 2.0014 2.0668 4.2600 -20.6560 5.2347 51.4666 -10.8124 0.9835
173 0 Car 0 0 0 10 10 100 100 1.5950 1.6544 3.8414 7.8540 3.8291 27.1086 -9.3768 0.9921
173 1 Car 0 0 0 10 10 100 100 1.3800 1.7191 4.3597 8.2906 3.3336 23.5600 -9.3612 0.9917
173 6 Car 0 0 0 10 10 100 100 1.7378 1.9351 4.6791 26.2665 3.3166 8.7446 -6.2106 0.8748
173 7 Car 0 0 0 10 10 100 100 2.0190 2.0664 4.2781 -20.6626 5.2719 51.4215 -10.8118 0.9816
174 0 Car 0 0 0 10 10 100 100 1.6309 1.7585 4.0007 7.8844 3.8580 27.1287 -9.3670 0.9956
174 1 Car 0 0 0 10 10 100 100 1.4787 1.8053 4.4111 8.1772 3.4259 23.5880 -9.3590 0.9772
174 6 Car 0 0 0 10 10 100 100 1.7495 1.9179 4.6872 27.3995 3.2851 8.6594 -6.2273 0.9551
174 7 Car 0 0 0 10 10 100 100 2.0219 2.0462 4.2484 -20.6571 5.2507 51.4445 -10.8202 0.9871
175 0 Car 0 0 0 10 10 100 100 1.6287 1.7713 4.0565 7.8973 3.8549 27.1241 -9.3858 0.9959
175 1 Car 0 0 0 10 10 100 100 1.5010 1.8122 4.3177 8.0736 3.4023 23.6011 -9.3717 0.9877
175 6 Car 0 0 0 10 10 100 100 1.8013 1.9100 4.6778 28.4445 3.2738 8.5055 -6.2142 0.9434
175 7 Car 0 0 0 10 10 100 100 2.0579 2.0714 4.2613 -20.6424 5.2466 51.4546 -10.8068 0.9927
176 0 Car 0 0 0 10 10 100 100 1.6094 1.6738 4.0371 7.8553 3.8461 27.0713 -9.3843 0.9913
176 1 Car 0 0 0 10 10 100 100 1.5030 1.7305 4.1798 8.0326 3.4418 23.5814 -9.3683 0.9792
176 6 Car 0 0 0 10 10 100 100 1.7772 1.8713 4.6610 29.5057 3.2388 8.4396 -6.2118 0.9513
176 7 Car 0 0 0 10 10 100 100 2.0575 2.0785 4.2752 -20.6586 5.2561 51.4779 -10.8151 0.9872
177 0 Car 0 0 0 10 10 100 100 1.6701 1.7545 4.0435 7.8623 3.8688 27.1701 -9.4220 0.9965
177 1 Car 0 0 0 10 10 100 100 1.4383 1.8345 4.2144 7.9220 3.3769 23.6228 -9.3716 0.9765
177 6 Car 0 0 0 10 10 100 100 1.7691 1.8812 4.5506 30.5728 3.1988 8.3821 -6.2057 0.9774
177 7 Car 0 0 0 10 10 100 100 2.0378 2.0682 4.2748 -20.6665 5.2511 51.4614 -10.8254 0.9907
178 0 Car 0 0 0 10 10 100 100 1.6125 1.6905 4.4123 8.0882 3.8256 27.1327 -9.3693 0.9893
178 1 Car 0 0 0 10 10 100 100 1.5621 1.7883 4.3983 7.8117 3.4650 23.6304 -9.3746 0.9922
178 6 Car 0 0 0 10 10 100 100 1.7595 1.8728 4.6534 31.6700 3.1675 8.2919 -6.2065 0.9615
178 7 Car 0 0 0 10 10 100 100 1.9954 2.0472 4.2638 -20.6557 5.2441 51.4290 -10.8095 0.9883
179 0 Car 0 0 0 10 10 100 100 1.6027 1.6380 4.0085 7.8145 3.8410 27.0733 -9.3461 0.9900
179 1 Car 0 0 0 10 10 100 100 1.5249 1.7577 4.2446 7.6640 3.4364 23.6178 -9.3763 0.9926
179 6 Car 0 0 0 10 10 100 100 1.7909 1.9064 4.6972 32.8356 3.1677 8.2529 -6.2034 0.9478
179 7 Car 0 0 0 10 10 100 100 1.9953 2.0682 4.2457 -20.6654 5.2284 51.4512 -10.8299 0.9908
180 0 Car 0 0 0 10 10 100 100 1.6053 1.6936 4.1730 7.8349 3.8474 27.0933 -9.3449 0.9893
180 1 Car 0 0 0 10 10 100 100 1.6462 1.8006 4.5607 7.5869 3.5540 23.6385 -9.3655 0.9976
180 6 Car 0 0 0 10 10 100 100 1.7873 1.9019 4.7263 33.9425 3.1251 8.1480 -6.2106 0.9579
180 7 Car 0 0 0 10 10 100 100 2.0681 2.0749 4.3310 -20.6632 5.2690 51.4639 -10.8264 0.9877
181 0 Car 0 0 0 10 10 100 100 1.5764 1.7259 4.4717 8.0267 3.8342 27.1280 -9.3105 0.9452
181 1 Car 0 0 0 10 10 100 100 1.7722 1.8622 4.5784 7.4205 3.6346 23.6336 -9.3650 0.9944
181 6 Car 0 0 0 10 10 100 100 1.7970 1.9173 4.7445 35.0708 3.1018 8.0966 -6.2041 0.9710
181 7 Car 0 0 0 10 10 100 100 2.0018 2.0356 4.2738 -20.6478 5.2297 51.4506 -10.8194 0.9813
182 0 Car 0 0 0 10 10 100 100 1.5634 1.6864 4.5411 7.9727 3.8240 27.1420 -9.3374 0.9561
182 1 Car 0 0 0 10 10 100 100 1.7132 1.8484 4.4827 7.2528 3.6102 23.6484 -9.3759 0.9859
182 6 Car 0 0 0 10 10 100 100 1.7523 1.9497 4.5970 36.0891 3.0735 8.0151 -6.2141 0.9789
182 7 Car 0 0 0 10 10 100 100 2.0081 2.0524 4.2583 -20.6613 5.2400 51.4535 -10.8225 0.9880
183 0 Car 0 0 0 10 10 100 100 1.5682 1.6283 4.2594 7.6690 3.8324 27.3001 -9.4534 0.8470
183 1 Car 0 0 0 10 10 100 100 1.8198 1.8285 4.4329 7.0468 3.6893 23.6475 -9.3652 0.9916
183 6 Car 0 0 0 10 10 100 100 1.7504 1.8535 4.4760 37.0979 3.0450 7.9043 -6.1956 0.9794
183 7 Car 0 0 0 10 10 100 100 2.0101 2.0729 4.2219 -20.6626 5.2384 51.4692 -10.8116 0.9901
184 0 Car 0 0 0 10 10 100 100 1.6292 1.8134 4.4055 7.6365 3.8502 27.2481 -9.3640 0.9201
184 1 Car 0 0 0 10 10 100 100 1.7780 1.8718 4.4953 6.8843 3.6727 23.6614 -9.3767 0.9966
184 6 Car 0 0 0 10 10 100 100 1.7485 1.9289 4.5595 38.2126 3.0233 7.8487 -6.2164 0.9730
184 7 Car 0 0 0 10 10 100 100 2.0092 2.0479 4.2851 -20.6491 5.2353 51.4646 -10.7984 0.9881
185 0 Car 0 0 0 10 10 100 100 1.6991 1.8758 4.4841 7.6012 3.9528 27.1898 -9.3553 0.9033
185 1 Car 0 0 0 10 10 100 100 1.7218 1.8170 4.4411 6.6613 3.6872 23.6642 -9.3764 0.9888
185 6 Car 0 0 0 10 10 100 100 1.7372 1.9431 4.7961 39.4890 2.9922 7.7520 -6.2100 0.9798
185 7 Car 0 0 0 10 10 100 100 1.9956 2.0663 4.2245 -20.6471 5.2391 51.4636 -10.7908 0.9919
186 0 Car 0 0 0 10 10 100 100 1.6498 1.8565 4.4572 7.5585 3.9311 27.2328 -9.3572 0.9071
186 1 Car 0 0 0 10 10 100 100 1.8337 1.7908 4.4600 6.4728 3.7561 23.6806 -9.3675 0.9883
186 6 Car 0 0 0 10 10 100 100 1.7769 1.8843 4.4122 40.4504 2.9852 7.6591 -6.1995 0.9715
186 7 Car 0 0 0 10 10 100 100 1.9946 2.0812 4.2596 -20.6523 5.2445 51.4611 -10.7998 0.9791
187 1 Car 0 0 0 10 10 100 100 1.7470 1.7837 4.5119 6.2970 3.7156 23.7222 -9.3585 0.9918
187 6 Car 0 0 0 10 10 100 100 1.7473 1.9204 4.7140 41.7962 2.9176 7.5999 -6.2076 0.9545
187 7 Car 0 0 0 10 10 100 100 2.0807 2.0830 4.2961 -20.6407 5.2689 51.4692 -10.8115 0.9898
188 0 Car 0 0 0 10 10 100 100 1.5859 1.8504 4.4771 7.1052 3.8548 27.1295 -9.2941 0.7686
188 1 Car 0 0 0 10 10 100 100 1.6803 1.8530 4.3805 6.0992 3.6888 23.7628 -9.3487 0.9847
188 6 Car 0 0 0 10 10 100 100 1.7313 1.8246 4.5280 42.7655 2.8896 7.4676 -6.1898 0.9689
188 7 Car 0 0 0 10 10 100 100 2.0423 2.0404 4.2798 -20.6631 5.2572 51.4194 -10.8080 0.9821
189 0 Car 0 0 0 10 10 100 100 1.6264 1.8369 4.5116 6.9861 3.8810 27.1805 -9.3576 0.8565
189 1 Car 0 0 0 10 10 100 100 1.7644 1.8569 4.4306 5.8850 3.7006 23.8066 -9.3706 0.9691
189 6 Car 0 0 0 10 10 100 100 1.7069 1.9614 4.6928 44.0322 2.8428 7.4479 -6.2077 0.9548
189 7 Car 0 0 0 10 10 100 100 1.9478 2.0507 4.2368 -20.6658 5.2295 51.4226 -10.8181 0.9820
