0 4 Car 0 0 0 10 10 100 100 1.5818 1.7073 4.3980 -3.7141 4.1724 28.2789 -9.3645 0.9891
0 2 Car 0 0 0 10 10 100 100 1.9366 1.7800 5.0912 -9.0581 4.1920 24.9961 -9.3575 0.9915
0 5 Car 0 0 0 10 10 100 100 1.6369 1.7460 4.6060 13.8313 3.7179 26.8769 -9.3416 0.9839
0 7 Car 0 0 0 10 10 100 100 1.4609 1.7196 4.5968 4.5795 3.7109 24.3666 -9.3347 0.9317
0 1 Car 0 0 0 10 10 100 100 1.8319 1.8207 4.4114 31.6795 3.1996 25.6565 -9.3759 0.9922
0 6 Car 0 0 0 10 10 100 100 1.7272 2.0257 4.7456 8.6331 3.8560 31.0731 -9.3759 0.9653
0 8 Car 0 0 0 10 10 100 100 1.5964 1.7487 4.6115 16.0237 3.7359 30.3758 -9.3613 0.8970
0 0 Car 0 0 0 10 10 100 100 1.5457 1.7636 3.6784 39.9207 2.9388 24.8420 -9.3303 0.9981
0 3 Car 0 0 0 10 10 100 100 1.4613 1.6120 4.0520 45.7717 2.7745 24.4602 -9.3599 0.9910
1 4 Car 0 0 0 10 10 100 100 1.5523 1.7399 4.3511 -4.3673 4.1614 28.3122 -9.3748 0.9893
1 2 Car 0 0 0 10 10 100 100 1.9174 1.7285 5.0728 -9.6474 4.2095 25.0163 -9.3821 0.9971
1 5 Car 0 0 0 10 10 100 100 1.5548 1.7597 4.5618 13.3407 3.6656 26.9104 -9.3478 0.9844
1 7 Car 0 0 0 10 10 100 100 1.3900 1.7488 4.5505 4.1571 3.7126 24.4475 -9.3374 0.9451
1 1 Car 0 0 0 10 10 100 100 1.8418 1.7872 4.4317 31.4573 3.1905 25.6760 -9.3651 0.9942
1 6 Car 0 0 0 10 10 100 100 1.7435 1.9300 4.6874 8.5664 3.8732 31.0276 -9.3707 0.9335
1 8 Car 0 0 0 10 10 100 100 1.4586 1.6653 4.4694 16.1953 3.6507 30.2912 -9.3424 0.9397
1 0 Car 0 0 0 10 10 100 100 1.5500 1.7339 3.6472 39.9304 2.9480 24.8194 -9.3268 0.9989
1 3 Car 0 0 0 10 10 100 100 1.4441 1.6044 4.0221 45.7700 2.7546 24.4617 -9.3641 0.9812
2 4 Car 0 0 0 10 10 100 100 1.5761 1.7432 4.3734 -4.9687 4.1965 28.3440 -9.3749 0.9917
2 2 Car 0 0 0 10 10 100 100 1.9489 1.7665 4.9334 -10.0087 4.2492 24.9899 -9.3706 0.9978
2 5 Car 0 0 0 10 10 100 100 1.5352 1.6672 4.5840 12.8779 3.6959 26.9372 -9.3381 0.9784
2 7 Car 0 0 0 10 10 100 100 1.5221 1.7828 4.5265 3.7490 3.8151 24.4884 -9.3276 0.9305
2 1 Car 0 0 0 10 10 100 100 1.8186 1.8131 4.5543 31.2562 3.1988 25.6848 -9.3425 0.9929
2 6 Car 0 0 0 10 10 100 100 1.7310 1.9469 4.7831 8.6022 3.8541 31.0440 -9.3717 0.9781
2 8 Car 0 0 0 10 10 100 100 1.4478 1.6549 4.5741 16.1005 3.6400 30.2903 -9.3463 0.9640
2 0 Car 0 0 0 10 10 100 100 1.5492 1.7726 3.6761 39.9240 2.9419 24.8337 -9.3312 0.9986
2 3 Car 0 0 0 10 10 100 100 1.4209 1.6104 3.9825 45.7791 2.7275 24.4747 -9.3657 0.9865
3 4 Car 0 0 0 10 10 100 100 1.5877 1.7029 4.2649 -5.5275 4.2058 28.3568 -9.3857 0.9884
3 2 Car 0 0 0 10 10 100 100 1.9482 1.7968 5.0593 -10.5903 4.2705 25.0457 -9.3703 0.9963
3 5 Car 0 0 0 10 10 100 100 1.5672 1.6926 4.6933 12.2790 3.6950 26.9781 -9.3503 0.9761
3 7 Car 0 0 0 10 10 100 100 1.4707 1.7531 4.5767 3.2825 3.7994 24.4831 -9.3368 0.9430
3 1 Car 0 0 0 10 10 100 100 1.8180 1.7574 4.6913 31.0225 3.1872 25.6940 -9.3499 0.9978
3 6 Car 0 0 0 10 10 100 100 1.7593 2.0810 4.8213 8.5667 3.9075 31.1181 -9.3726 0.9699
3 8 Car 0 0 0 10 10 100 100 1.4790 1.6823 4.6054 16.0897 3.6727 30.2975 -9.3438 0.9271
3 0 Car 0 0 0 10 10 100 100 1.5521 1.7329 3.6958 39.9248 2.9439 24.8302 -9.3358 0.9987
3 3 Car 0 0 0 10 10 100 100 1.4452 1.5953 4.0014 45.7715 2.7535 24.4674 -9.3672 0.9821
4 4 Car 0 0 0 10 10 100 100 1.5795 1.6976 4.3817 -6.2922 4.1927 28.4049 -9.3723 0.9826
4 2 Car 0 0 0 10 10 100 100 2.0002 1.7917 5.0584 -11.1330 4.3161 25.0691 -9.3674 0.9977
4 5 Car 0 0 0 10 10 100 100 1.5533 1.7052 4.7951 11.6591 3.7226 27.0260 -9.3324 0.9715
4 7 Car 0 0 0 10 10 100 100 1.4864 1.7860 4.5434 2.7815 3.8085 24.5525 -9.3436 0.9664
4 1 Car 0 0 0 10 10 100 100 1.8446 1.7495 4.4631 30.6285 3.1816 25.7045 -9.3629 0.9824
4 6 Car 0 0 0 10 10 100 100 1.7980 2.0219 4.8165 8.4960 3.9345 31.0873 -9.3610 0.9824
4 8 Car 0 0 0 10 10 100 100 1.4705 1.6858 4.6604 16.1278 3.6695 30.3185 -9.3388 0.9652
4 0 Car 0 0 0 10 10 100 100 1.5642 1.7580 3.7037 39.9261 2.9512 24.8384 -9.3314 0.9990
4 3 Car 0 0 0 10 10 100 100 1.4633 1.6153 4.0595 45.7823 2.7686 24.4681 -9.3672 0.9842
5 4 Car 0 0 0 10 10 100 100 1.5860 1.7454 4.4354 -7.0158 4.2155 28.4466 -9.3685 0.9776
5 2 Car 0 0 0 10 10 100 100 1.9971 1.8377 5.0203 -11.6440 4.3391 25.1049 -9.3745 0.9992
5 5 Car 0 0 0 10 10 100 100 1.5665 1.7163 4.6377 11.1107 3.7382 27.0989 -9.3402 0.9524
5 7 Car 0 0 0 10 10 100 100 1.4783 1.6862 4.4417 2.3051 3.8317 24.5669 -9.3317 0.9481
5 1 Car 0 0 0 10 10 100 100 1.8641 1.8157 4.6127 30.4621 3.2295 25.7505 -9.3487 0.9899
5 6 Car 0 0 0 10 10 100 100 1.7737 1.8735 4.7818 8.5201 3.8964 31.0357 -9.3741 0.9405
5 8 Car 0 0 0 10 10 100 100 1.4692 1.7216 4.6102 16.2116 3.6775 30.3025 -9.3402 0.9798
5 0 Car 0 0 0 10 10 100 100 1.5606 1.7296 3.6846 39.9169 2.9465 24.8315 -9.3387 0.9969
5 3 Car 0 0 0 10 10 100 100 1.4267 1.6030 4.1408 45.8162 2.7285 24.4675 -9.3586 0.9890
6 4 Car 0 0 0 10 10 100 100 1.5427 1.6391 4.3081 -7.6233 4.2271 28.4643 -9.3722 0.9676
6 2 Car 0 0 0 10 10 100 100 1.9472 1.7985 5.0610 -12.1613 4.3095 25.1177 -9.3819 0.9991
6 5 Car 0 0 0 10 10 100 100 1.5573 1.8289 4.8841 10.5569 3.7772 27.1540 -9.3483 0.9705
6 7 Car 0 0 0 10 10 100 100 1.5754 1.8902 4.5399 1.8811 3.9629 24.6894 -9.3445 0.9242
6 1 Car 0 0 0 10 10 100 100 1.8391 1.7189 4.5554 30.0577 3.2363 25.7678 -9.3380 0.9970
6 6 Car 0 0 0 10 10 100 100 1.7914 2.0547 4.7530 8.4782 3.9155 31.1539 -9.3680 0.9512
6 8 Car 0 0 0 10 10 100 100 1.4667 1.6926 4.4325 16.1417 3.6866 30.2947 -9.3521 0.9886
6 0 Car 0 0 0 10 10 100 100 1.5545 1.7541 3.6613 39.9134 2.9538 24.8290 -9.3290 0.9992
6 3 Car 0 0 0 10 10 100 100 1.4404 1.6162 4.0319 45.7604 2.7497 24.4734 -9.3622 0.9781
7 4 Car 0 0 0 10 10 100 100 1.5551 1.6539 4.3227 -8.2835 4.2381 28.4613 -9.3605 0.9559
7 2 Car 0 0 0 10 10 100 100 1.9428 1.7658 5.0221 -12.7085 4.3218 25.1465 -9.3714 0.9981
7 5 Car 0 0 0 10 10 100 100 1.5751 1.9207 4.6799 10.0429 3.7873 27.2456 -9.3604 0.9317
7 7 Car 0 0 0 10 10 100 100 1.5290 1.7714 4.3996 1.2750 3.9389 24.7010 -9.3328 0.9644
7 1 Car 0 0 0 10 10 100 100 1.8333 1.7189 4.5122 29.7180 3.2665 25.7609 -9.3469 0.9963
7 6 Car 0 0 0 10 10 100 100 1.8144 2.1364 4.7926 8.5163 3.9472 31.1668 -9.3715 0.9489
7 8 Car 0 0 0 10 10 100 100 1.4737 1.7633 4.5450 15.9044 3.6962 30.3334 -9.3480 0.9911
7 0 Car 0 0 0 10 10 100 100 1.5622 1.7630 3.6629 39.9214 2.9532 24.8244 -9.3325 0.9975
7 3 Car 0 0 0 10 10 100 100 1.4203 1.5756 4.0032 45.7607 2.7345 24.4723 -9.3597 0.9832
8 4 Car 0 0 0 10 10 100 100 1.5553 1.6525 4.3644 -9.0053 4.2638 28.4919 -9.3628 0.9481
8 2 Car 0 0 0 10 10 100 100 1.9582 1.7349 5.0609 -13.1791 4.3437 25.1618 -9.3779 0.9973
8 5 Car 0 0 0 10 10 100 100 1.5696 1.7005 4.7591 9.3475 3.7793 27.1871 -9.3387 0.9849
8 7 Car 0 0 0 10 10 100 100 1.5531 1.7669 4.4281 0.7272 3.9789 24.7148 -9.3406 0.9614
8 1 Car 0 0 0 10 10 100 100 1.8306 1.7961 4.4547 29.3317 3.2595 25.7662 -9.3670 0.9968
8 6 Car 0 0 0 10 10 100 100 1.7255 1.9121 4.7198 8.4503 3.8547 31.0399 -9.3581 0.9975
8 8 Car 0 0 0 10 10 100 100 1.5040 1.7038 4.5997 15.7156 3.7021 30.3371 -9.3476 0.9917
8 0 Car 0 0 0 10 10 100 100 1.5503 1.7720 3.6615 39.9272 2.9581 24.8422 -9.3234 0.9991
8 3 Car 0 0 0 10 10 100 100 1.4390 1.5926 4.0133 45.7823 2.7503 24.4706 -9.3633 0.9845
9 4 Car 0 0 0 10 10 100 100 1.5344 1.6138 4.3769 -9.7386 4.2754 28.5193 -9.3737 0.9864
9 2 Car 0 0 0 10 10 100 100 1.9925 1.7328 5.0033 -13.6702 4.3830 25.1707 -9.3779 0.9989
9 5 Car 0 0 0 10 10 100 100 1.6467 1.7281 4.5564 8.7462 3.8372 27.2683 -9.3525 0.9453
9 7 Car 0 0 0 10 10 100 100 1.5628 1.7389 4.4169 0.2550 3.9989 24.7862 -9.3442 0.9820
9 1 Car 0 0 0 10 10 100 100 1.8163 1.7420 4.6280 29.0216 3.2695 25.7936 -9.3566 0.9983
9 6 Car 0 0 0 10 10 100 100 1.7102 1.9207 4.6043 8.4528 3.8347 31.0477 -9.3578 0.9936
9 8 Car 0 0 0 10 10 100 100 1.5362 1.7147 4.6780 15.6685 3.7264 30.3448 -9.3521 0.9902
9 0 Car 0 0 0 10 10 100 100 1.5420 1.7602 3.6805 39.9280 2.9567 24.8347 -9.3264 0.9976
9 3 Car 0 0 0 10 10 100 100 1.4502 1.6172 4.0599 45.7868 2.7511 24.4694 -9.3600 0.9759
10 4 Car 0 0 0 10 10 100 100 1.5703 1.7260 4.4860 -10.5292 4.3208 28.6470 -9.3500 0.9774
10 2 Car 0 0 0 10 10 100 100 1.9224 1.8038 5.0637 -14.2187 4.3664 25.2249 -9.3820 0.9990
10 5 Car 0 0 0 10 10 100 100 1.5759 1.7806 4.7744 8.2121 3.8264 27.3420 -9.3504 0.9544
10 7 Car 0 0 0 10 10 100 100 1.5463 1.8162 4.5075 -0.2873 3.9826 24.8597 -9.3456 0.9829
10 1 Car 0 0 0 10 10 100 100 1.8326 1.7743 4.5698 28.5997 3.2745 25.8277 -9.3537 0.9982
10 6 Car 0 0 0 10 10 100 100 1.6869 1.9690 4.6366 8.4431 3.8084 31.0402 -9.3587 0.9936
10 8 Car 0 0 0 10 10 100 100 1.5069 1.6666 4.6128 15.6184 3.6984 30.3228 -9.3424 0.9896
10 0 Car 0 0 0 10 10 100 100 1.5379 1.6890 3.6985 39.9118 2.9537 24.7899 -9.3332 0.9985
10 3 Car 0 0 0 10 10 100 100 1.4447 1.6025 4.0516 45.7710 2.7567 24.4685 -9.3664 0.9859
11 4 Car 0 0 0 10 10 100 100 1.5974 1.7748 4.3209 -11.2403 4.3718 28.6997 -9.3738 0.9732
11 2 Car 0 0 0 10 10 100 100 1.9103 1.7632 5.0428 -14.6862 4.3507 25.2201 -9.3830 0.9984
11 5 Car 0 0 0 10 10 100 100 1.5688 1.8433 4.7340 7.5966 3.8515 27.4231 -9.3410 0.9446
11 7 Car 0 0 0 10 10 100 100 1.5514 1.7638 4.5089 -0.7431 3.9909 24.8582 -9.3538 0.9586
11 1 Car 0 0 0 10 10 100 100 1.8928 1.7936 4.6300 28.2951 3.3059 25.8645 -9.3603 0.9894
11 6 Car 0 0 0 10 10 100 100 1.6402 1.9841 4.6678 8.3890 3.7237 31.0334 -9.3665 0.9855
11 8 Car 0 0 0 10 10 100 100 1.5276 1.7078 4.6899 15.6226 3.7134 30.3508 -9.3563 0.9928
11 0 Car 0 0 0 10 10 100 100 1.5212 1.6766 3.7365 39.8895 2.9451 24.8058 -9.3273 0.9980
11 3 Car 0 0 0 10 10 100 100 1.4328 1.5965 4.0087 45.7901 2.7445 24.4750 -9.3598 0.9936
12 4 Car 0 0 0 10 10 100 100 1.5678 1.7415 4.1025 -11.8924 4.3938 28.7594 -9.3440 0.9759
12 2 Car 0 0 0 10 10 100 100 1.9227 1.7780 5.0332 -15.2493 4.3807 25.2425 -9.3983 0.9990
12 5 Car 0 0 0 10 10 100 100 1.5496 1.8675 4.8796 6.9887 3.8163 27.5031 -9.3302 0.9772
12 7 Car 0 0 0 10 10 100 100 1.5339 1.7278 4.4796 -1.2421 3.9908 24.9015 -9.3524 0.9692
12 1 Car 0 0 0 10 10 100 100 1.8616 1.7928 4.4627 27.7725 3.2870 25.8732 -9.3835 0.9924
12 6 Car 0 0 0 10 10 100 100 1.6065 1.9145 4.7125 8.4629 3.7378 31.0521 -9.3689 0.9939
12 8 Car 0 0 0 10 10 100 100 1.5189 1.6975 4.6907 15.5947 3.7118 30.3216 -9.3483 0.9891
12 0 Car 0 0 0 10 10 100 100 1.5297 1.7557 3.7496 39.8937 2.9369 24.8433 -9.3176 0.9990
12 3 Car 0 0 0 10 10 100 100 1.4314 1.5667 4.0015 45.8032 2.7278 24.4620 -9.3663 0.9933
13 4 Car 0 0 0 10 10 100 100 1.5803 1.6599 4.0501 -12.6531 4.4132 28.7550 -9.3491 0.9795
13 2 Car 0 0 0 10 10 100 100 1.9609 1.7936 5.0489 -15.7545 4.3990 25.2414 -9.4008 0.9979
13 5 Car 0 0 0 10 10 100 100 1.5953 1.7981 4.8582 6.3172 3.8730 27.5481 -9.3423 0.9683
13 7 Car 0 0 0 10 10 100 100 1.5914 1.7206 4.4581 -1.9644 4.0859 24.9584 -9.3490 0.9669
13 1 Car 0 0 0 10 10 100 100 1.8666 1.7723 4.3041 27.3790 3.2988 25.9041 -9.3837 0.9993
13 6 Car 0 0 0 10 10 100 100 1.7128 1.9529 4.7996 8.4622 3.8721 31.0769 -9.3771 0.9919
13 8 Car 0 0 0 10 10 100 100 1.5129 1.6707 4.6725 15.5653 3.7042 30.3332 -9.3491 0.9875
13 0 Car 0 0 0 10 10 100 100 1.5294 1.7863 3.7988 39.8823 2.9560 24.8547 -9.3285 0.9971
13 3 Car 0 0 0 10 10 100 100 1.4484 1.5823 4.0209 45.7878 2.7484 24.4670 -9.3725 0.9844
14 4 Car 0 0 0 10 10 100 100 1.5639 1.7230 4.1323 -13.4282 4.4099 28.8097 -9.3440 0.9780
14 2 Car 0 0 0 10 10 100 100 1.9204 1.8135 5.0281 -16.2094 4.4441 25.2470 -9.4005 0.9961
14 5 Car 0 0 0 10 10 100 100 1.5138 1.8151 4.8097 5.7213 3.8538 27.5628 -9.3424 0.9615
14 7 Car 0 0 0 10 10 100 100 1.6093 1.7321 4.4702 -2.5104 4.1165 25.0099 -9.3555 0.9758
14 1 Car 0 0 0 10 10 100 100 1.8628 1.7764 4.5514 27.0921 3.3098 25.9452 -9.3862 0.9974
14 6 Car 0 0 0 10 10 100 100 1.7411 1.8740 4.7907 8.3129 3.8796 31.0619 -9.3645 0.9971
14 8 Car 0 0 0 10 10 100 100 1.5208 1.6688 4.6859 15.5638 3.6940 30.3230 -9.3621 0.9878
14 0 Car 0 0 0 10 10 100 100 1.5461 1.7601 3.8033 39.8607 2.9783 24.8159 -9.3389 0.9972
14 3 Car 0 0 0 10 10 100 100 1.4397 1.6031 4.0030 45.7890 2.7456 24.4692 -9.3658 0.9893
15 4 Car 0 0 0 10 10 100 100 1.5553 1.6518 3.9473 -14.2337 4.4355 28.8308 -9.3608 0.9760
15 2 Car 0 0 0 10 10 100 100 1.9287 1.7515 4.9748 -16.7398 4.4296 25.2816 -9.3998 0.9974
15 5 Car 0 0 0 10 10 100 100 1.5345 1.7538 4.7751 5.0684 3.8752 27.6192 -9.3477 0.9228
15 7 Car 0 0 0 10 10 100 100 1.5889 1.7498 4.3391 -2.9898 4.1215 25.0664 -9.3549 0.9750
15 1 Car 0 0 0 10 10 100 100 1.8375 1.7216 4.4491 26.5657 3.3032 25.9766 -9.3621 0.9914
15 6 Car 0 0 0 10 10 100 100 1.7058 1.7719 4.5962 8.4440 3.8827 30.9408 -9.3798 0.9187
15 8 Car 0 0 0 10 10 100 100 1.5275 1.6460 4.6521 15.5417 3.7101 30.3253 -9.3520 0.9872
15 0 Car 0 0 0 10 10 100 100 1.5423 1.7643 4.0724 39.9014 2.9771 24.8153 -9.3361 0.9875
15 3 Car 0 0 0 10 10 100 100 1.4302 1.5816 4.0023 45.7759 2.7385 24.4729 -9.3554 0.9797
16 4 Car 0 0 0 10 10 100 100 1.5773 1.6225 4.0166 -15.0829 4.4861 28.8785 -9.3336 0.9915
16 2 Car 0 0 0 10 10 100 100 1.9427 1.7856 5.0849 -17.2841 4.4364 25.3322 -9.3823 0.9965
16 5 Car 0 0 0 10 10 100 100 1.5190 1.7994 4.7143 4.4204 3.8965 27.6636 -9.3488 0.8830
16 7 Car 0 0 0 10 10 100 100 1.5294 1.7175 4.4788 -3.5283 4.0849 25.1239 -9.3618 0.9773
16 1 Car 0 0 0 10 10 100 100 1.8369 1.7131 4.4337 26.1598 3.3133 25.9859 -9.3669 0.9983
16 6 Car 0 0 0 10 10 100 100 1.7316 1.9888 4.6475 8.1620 3.9141 31.0606 -9.3780 0.9731
16 8 Car 0 0 0 10 10 100 100 1.5226 1.7093 4.6426 15.5271 3.7077 30.3528 -9.3458 0.9819
16 0 Car 0 0 0 10 10 100 100 1.5175 1.7238 3.9043 39.8226 2.9554 24.8051 -9.3334 0.9971
16 3 Car 0 0 0 10 10 100 100 1.4419 1.6089 4.0228 45.7886 2.7462 24.4785 -9.3612 0.9785
17 4 Car 0 0 0 10 10 100 100 1.5548 1.6747 4.0281 -15.8736 4.4995 28.9392 -9.3817 0.9858
17 2 Car 0 0 0 10 10 100 100 1.9581 1.7980 5.0317 -17.8148 4.4745 25.3225 -9.3951 0.9993
17 5 Car 0 0 0 10 10 100 100 1.5586 1.8329 4.8165 3.7814 3.9754 27.7136 -9.3484 0.9435
17 7 Car 0 0 0 10 10 100 100 1.5170 1.7892 4.5587 -4.1575 4.0920 25.1675 -9.3546 0.9751
17 1 Car 0 0 0 10 10 100 100 1.8464 1.7232 4.6025 25.6524 3.3472 26.0243 -9.3859 0.9978
17 6 Car 0 0 0 10 10 100 100 1.7533 1.8448 4.7611 8.0556 3.9344 31.0540 -9.3706 0.9943
17 8 Car 0 0 0 10 10 100 100 1.5310 1.7141 4.7091 15.4418 3.7339 30.3482 -9.3473 0.9965
17 0 Car 0 0 0 10 10 100 100 1.5145 1.7066 3.8493 39.6865 2.9622 24.8017 -9.3458 0.9938
17 3 Car 0 0 0 10 10 100 100 1.4369 1.6155 4.0370 45.7626 2.7423 24.4936 -9.3685 0.9889
18 4 Car 0 0 0 10 10 100 100 1.5439 1.6111 4.0550 -16.7278 4.5171 29.0034 -9.3307 0.9843
18 2 Car 0 0 0 10 10 100 100 1.9705 1.7977 5.0364 -18.3407 4.4916 25.3387 -9.4021 0.9988
18 5 Car 0 0 0 10 10 100 100 1.5126 1.8420 4.8130 3.0503 3.9615 27.8387 -9.3540 0.9183
18 7 Car 0 0 0 10 10 100 100 1.5028 1.7381 4.2917 -4.6870 4.1050 25.1914 -9.3545 0.9910
18 1 Car 0 0 0 10 10 100 100 1.8292 1.7210 4.4911 25.2366 3.3380 26.0555 -9.3659 0.9910
18 6 Car 0 0 0 10 10 100 100 1.8055 1.8041 4.8239 7.8324 3.9821 31.0480 -9.3759 0.9986
18 8 Car 0 0 0 10 10 100 100 1.5102 1.7084 4.7332 15.4351 3.7317 30.3508 -9.3547 0.9957
18 0 Car 0 0 0 10 10 100 100 1.5300 1.7011 3.9406 39.6524 2.9596 24.8026 -9.3411 0.9903
18 3 Car 0 0 0 10 10 100 100 1.4575 1.6373 4.0376 45.7602 2.7657 24.5018 -9.3673 0.9754
19 4 Car 0 0 0 10 10 100 100 1.5476 1.6358 4.1111 -17.5079 4.5720 29.0081 -9.3442 0.9775
19 2 Car 0 0 0 10 10 100 100 1.9302 1.8458 5.0495 -18.9024 4.4812 25.4226 -9.3818 0.9936
19 5 Car 0 0 0 10 10 100 100 1.5520 1.9506 4.8151 2.2427 4.0570 27.9188 -9.3462 0.9478
19 7 Car 0 0 0 10 10 100 100 1.4963 1.7076 4.3420 -5.4206 4.0902 25.2837 -9.3566 0.9950
19 1 Car 0 0 0 10 10 100 100 1.8066 1.7751 4.4580 24.6596 3.3662 26.1077 -9.3702 0.9962
19 6 Car 0 0 0 10 10 100 100 1.7977 1.8491 4.8605 7.6209 3.9621 31.0506 -9.3780 0.9894
19 8 Car 0 0 0 10 10 100 100 1.5414 1.6561 4.7463 15.4319 3.7388 30.3289 -9.3491 0.9860
19 0 Car 0 0 0 10 10 100 100 1.5518 1.7447 3.9240 39.4937 2.9788 24.8424 -9.3546 0.9929
19 3 Car 0 0 0 10 10 100 100 1.4771 1.6528 4.0676 45.7869 2.7760 24.4974 -9.3645 0.9870
20 4 Car 0 0 0 10 10 100 100 1.5819 1.6122 4.0576 -18.3395 4.5765 29.1072 -9.3377 0.9630
20 2 Car 0 0 0 10 10 100 100 1.9379 1.7400 5.0415 -19.4243 4.5193 25.3496 -9.3802 0.9971
20 5 Car 0 0 0 10 10 100 100 1.5393 1.8876 4.4666 1.4228 4.0272 27.9534 -9.3701 0.9772
20 7 Car 0 0 0 10 10 100 100 1.4649 1.7318 4.2926 -5.9513 4.0837 25.3199 -9.3613 0.9826
20 1 Car 0 0 0 10 10 100 100 1.7841 1.8140 4.4740 24.2103 3.3644 26.1613 -9.3810 0.9964
20 6 Car 0 0 0 10 10 100 100 1.7859 1.8187 4.8080 7.4401 3.9680 31.0599 -9.3794 0.9955
20 8 Car 0 0 0 10 10 100 100 1.5631 1.7478 4.6163 15.3534 3.7525 30.3565 -9.3609 0.9927
20 0 Car 0 0 0 10 10 100 100 1.5218 1.6684 3.9339 39.4799 2.9713 24.7920 -9.3486 0.9836
20 3 Car 0 0 0 10 10 100 100 1.4832 1.6670 4.1814 45.8148 2.7824 24.4950 -9.3548 0.9913
21 4 Car 0 0 0 10 10 100 100 1.5722 1.6455 4.0065 -19.3187 4.5827 29.1440 -9.3456 0.9832
21 2 Car 0 0 0 10 10 100 100 1.9150 1.8468 5.0483 -20.0449 4.5329 25.4514 -9.3871 0.9950
21 5 Car 0 0 0 10 10 100 100 1.5554 1.9488 4.7740 0.6797 4.0483 28.0489 -9.3511 0.9731
21 7 Car 0 0 0 10 10 100 100 1.4873 1.7006 4.2805 -6.5966 4.1018 25.3204 -9.3530 0.9734
21 1 Car 0 0 0 10 10 100 100 1.8333 1.7909 4.5184 23.6897 3.3891 26.1335 -9.3692 0.9972
21 6 Car 0 0 0 10 10 100 100 1.8076 1.9396 4.9173 7.2685 3.9909 31.1181 -9.3824 0.9854
21 8 Car 0 0 0 10 10 100 100 1.5366 1.7530 4.7224 15.3051 3.7511 30.3677 -9.3527 0.9886
21 0 Car 0 0 0 10 10 100 100 1.5888 1.7026 4.0586 39.3880 3.0312 24.8011 -9.3563 0.9834
21 3 Car 0 0 0 10 10 100 100 1.4680 1.6329 4.0679 45.7746 2.7710 24.4974 -9.3595 0.9932
22 4 Car 0 0 0 10 10 100 100 1.5868 1.6702 4.0284 -20.2018 4.6359 29.2029 -9.3393 0.9753
22 2 Car 0 0 0 10 10 100 100 1.9347 1.8284 5.0391 -20.5828 4.5392 25.4408 -9.3951 0.9976
22 5 Car 0 0 0 10 10 100 100 1.6074 1.9758 4.6088 -0.0719 4.1026 28.1469 -9.3397 0.9315
22 7 Car 0 0 0 10 10 100 100 1.4653 1.6629 4.3786 -7.3201 4.0958 25.3571 -9.3580 0.9623
22 1 Car 0 0 0 10 10 100 100 1.8520 1.7773 4.6774 23.1071 3.3974 26.1638 -9.3635 0.9910
22 6 Car 0 0 0 10 10 100 100 1.8188 1.8010 4.7561 7.0173 3.9948 31.0680 -9.3705 0.9968
22 8 Car 0 0 0 10 10 100 100 1.5900 1.7168 4.6937 15.2631 3.7958 30.3368 -9.3635 0.9894
22 0 Car 0 0 0 10 10 100 100 1.5492 1.6259 3.9645 39.1592 2.9983 24.7868 -9.3435 0.9948
22 3 Car 0 0 0 10 10 100 100 1.4861 1.6713 4.0649 45.7677 2.7849 24.4989 -9.3534 0.9860
23 4 Car 0 0 0 10 10 100 100 1.5383 1.5872 4.1707 -20.9401 4.6513 29.1915 -9.3259 0.9700
23 2 Car 0 0 0 10 10 100 100 1.9760 1.8725 4.9891 -21.1714 4.5659 25.4990 -9.3829 0.9986
23 5 Car 0 0 0 10 10 100 100 1.6420 2.0577 4.8649 -0.8635 4.1343 28.2309 -9.3269 0.8936
23 7 Car 0 0 0 10 10 100 100 1.4983 1.6852 4.4082 -7.9162 4.1849 25.4571 -9.3383 0.9823
23 1 Car 0 0 0 10 10 100 100 1.8164 1.8068 4.3643 22.5383 3.4094 26.2379 -9.3724 0.9894
23 6 Car 0 0 0 10 10 100 100 1.8285 1.9714 4.8293 6.8044 3.9901 31.1325 -9.3656 0.9976
23 8 Car 0 0 0 10 10 100 100 1.5548 1.7286 4.6946 15.1368 3.7513 30.3644 -9.3550 0.9893
23 0 Car 0 0 0 10 10 100 100 1.5933 1.7057 3.9074 39.0053 3.0228 24.8253 -9.3522 0.9857
23 3 Car 0 0 0 10 10 100 100 1.5405 1.7014 4.1389 45.7916 2.8213 24.5132 -9.3541 0.9861
24 4 Car 0 0 0 10 10 100 100 1.5118 1.5321 4.0164 -21.9077 4.6455 29.2340 -9.3296 0.9923
24 2 Car 0 0 0 10 10 100 100 1.9730 1.7698 5.0474 -21.7106 4.5754 25.4405 -9.3946 0.9982
24 5 Car 0 0 0 10 10 100 100 1.5636 1.7895 4.6808 -1.4846 4.1048 28.1499 -9.3082 0.9633
24 7 Car 0 0 0 10 10 100 100 1.4951 1.7136 4.3399 -8.5496 4.2040 25.4828 -9.3554 0.9794
24 1 Car 0 0 0 10 10 100 100 1.8129 1.7697 4.3531 21.9141 3.4165 26.2716 -9.3609 0.9818
24 6 Car 0 0 0 10 10 100 100 1.8041 1.9701 4.8642 6.5718 3.9658 31.1444 -9.3714 0.9984
24 8 Car 0 0 0 10 10 100 100 1.6043 1.7438 4.7498 15.1281 3.7881 30.3581 -9.3590 0.9938
24 0 Car 0 0 0 10 10 100 100 1.5409 1.7390 3.9946 38.8496 2.9969 24.8584 -9.3480 0.9868
24 3 Car 0 0 0 10 10 100 100 1.5579 1.7575 4.1578 45.7538 2.8551 24.5110 -9.3470 0.9769
25 4 Car 0 0 0 10 10 100 100 1.5437 1.6966 3.9901 -22.8850 4.6687 29.3509 -9.3418 0.9723
25 2 Car 0 0 0 10 10 100 100 1.9053 1.7913 4.9509 -22.3355 4.5888 25.4777 -9.3804 0.9974
25 5 Car 0 0 0 10 10 100 100 1.6342 2.0106 4.6003 -2.2422 4.1659 28.3121 -9.3400 0.9367
25 7 Car 0 0 0 10 10 100 100 1.4979 1.7203 4.4557 -9.2586 4.2224 25.5462 -9.3659 0.9889
25 1 Car 0 0 0 10 10 100 100 1.8488 1.8019 4.5589 21.4694 3.4535 26.2759 -9.3731 0.9941
25 6 Car 0 0 0 10 10 100 100 1.7752 1.8285 4.8808 6.3237 3.9596 31.0944 -9.3543 0.9978
25 8 Car 0 0 0 10 10 100 100 1.5730 1.7664 4.7358 14.9851 3.7567 30.4027 -9.3582 0.9888
25 0 Car 0 0 0 10 10 100 100 1.5508 1.7474 3.9588 38.6094 3.0153 24.8648 -9.3531 0.9907
25 3 Car 0 0 0 10 10 100 100 1.5507 1.7588 4.2613 45.7670 2.8438 24.5170 -9.3618 0.9876
26 4 Car 0 0 0 10 10 100 100 1.5461 1.7285 4.1608 -23.7630 4.7265 29.4628 -9.3440 0.9870
26 2 Car 0 0 0 10 10 100 100 1.9419 1.8033 4.9472 -22.9708 4.5944 25.5015 -9.3840 0.9980
26 5 Car 0 0 0 10 10 100 100 1.6013 1.9461 4.5731 -3.1031 4.1662 28.3540 -9.3240 0.9478
26 7 Car 0 0 0 10 10 100 100 1.5150 1.7421 4.4500 -9.8351 4.2650 25.5837 -9.3789 0.9934
26 1 Car 0 0 0 10 10 100 100 1.8359 1.7461 4.5433 20.7484 3.4529 26.2955 -9.3661 0.9945
26 6 Car 0 0 0 10 10 100 100 1.7765 1.7763 4.8630 6.0576 3.9837 31.0873 -9.3657 0.9966
26 8 Car 0 0 0 10 10 100 100 1.5300 1.7567 4.7176 14.8903 3.7317 30.3975 -9.3550 0.9906
26 0 Car 0 0 0 10 10 100 100 1.5564 1.6962 3.8941 38.3723 3.0258 24.8783 -9.3461 0.9910
26 3 Car 0 0 0 10 10 100 100 1.5710 1.7633 4.3150 45.7512 2.8485 24.5172 -9.3683 0.9872
27 4 Car 0 0 0 10 10 100 100 1.5444 1.5824 4.1580 -24.5847 4.7486 29.4542 -9.3449 0.9839
27 2 Car 0 0 0 10 10 100 100 1.9144 1.8045 4.9617 -23.5432 4.6088 25.4944 -9.3933 0.9980
27 5 Car 0 0 0 10 10 100 100 1.5597 1.7511 4.5533 -3.7421 4.1526 28.3541 -9.3463 0.9693
27 7 Car 0 0 0 10 10 100 100 1.5389 1.8171 4.5195 -10.5582 4.2765 25.6555 -9.3841 0.9890
27 1 Car 0 0 0 10 10 100 100 1.8549 1.7870 4.4514 20.1552 3.4664 26.3487 -9.3575 0.9983
27 6 Car 0 0 0 10 10 100 100 1.7732 1.7621 4.8047 5.7766 3.9813 31.1134 -9.3705 0.9938
27 8 Car 0 0 0 10 10 100 100 1.5150 1.6570 4.6673 14.7491 3.7209 30.4068 -9.3497 0.9699
27 0 Car 0 0 0 10 10 100 100 1.5637 1.6566 3.9235 38.1060 3.0224 24.8870 -9.3391 0.9980
27 3 Car 0 0 0 10 10 100 100 1.6045 1.7517 4.2987 45.7329 2.8722 24.5176 -9.3591 0.9899
28 4 Car 0 0 0 10 10 100 100 1.5550 1.6198 4.1323 -25.5496 4.7640 29.5022 -9.3460 0.9753
28 2 Car 0 0 0 10 10 100 100 1.9110 1.8004 4.9219 -24.1789 4.6210 25.5382 -9.4002 0.9987
28 5 Car 0 0 0 10 10 100 100 1.5625 1.7920 4.4713 -4.5057 4.1849 28.4486 -9.3402 0.9882
28 7 Car 0 0 0 10 10 100 100 1.6173 1.9419 4.4918 -11.2529 4.3666 25.7382 -9.3804 0.9739
28 1 Car 0 0 0 10 10 100 100 1.8633 1.7910 4.5905 19.6166 3.4908 26.3693 -9.3752 0.9983
28 6 Car 0 0 0 10 10 100 100 1.7579 1.8854 4.8592 5.4698 4.0111 31.1618 -9.3748 0.9926
28 8 Car 0 0 0 10 10 100 100 1.5544 1.7005 4.6111 14.6052 3.7421 30.4449 -9.3440 0.9895
28 0 Car 0 0 0 10 10 100 100 1.5907 1.7129 3.9030 37.8940 3.0313 24.9220 -9.3196 0.9948
28 3 Car 0 0 0 10 10 100 100 1.5701 1.7749 4.2611 45.6982 2.8649 24.5060 -9.3644 0.9652
29 4 Car 0 0 0 10 10 100 100 1.5391 1.6163 4.0762 -26.5500 4.7985 29.5492 -9.3662 0.9732
29 2 Car 0 0 0 10 10 100 100 1.9630 1.7949 4.9732 -24.8303 4.6359 25.5491 -9.3887 0.9935
29 5 Car 0 0 0 10 10 100 100 1.5637 1.7871 4.4789 -5.2278 4.1990 28.5106 -9.3414 0.9848
29 7 Car 0 0 0 10 10 100 100 1.5451 1.7690 4.3731 -11.8781 4.3378 25.7118 -9.4001 0.9816
29 1 Car 0 0 0 10 10 100 100 1.8372 1.7865 4.6169 18.9111 3.5002 26.3937 -9.3885 0.9940
29 6 Car 0 0 0 10 10 100 100 1.7374 1.6924 4.7413 5.1380 3.9830 31.1129 -9.3720 0.9993
29 8 Car 0 0 0 10 10 100 100 1.5367 1.7302 4.5437 14.4766 3.7441 30.4792 -9.3573 0.9917
29 0 Car 0 0 0 10 10 100 100 1.6077 1.6993 3.8685 37.4882 3.0572 24.9562 -9.3449 0.9989
29 3 Car 0 0 0 10 10 100 100 1.5660 1.7563 4.3605 45.6705 2.8588 24.5190 -9.3616 0.9738
30 4 Car 0 0 0 10 10 100 100 1.5764 1.6702 4.0275 -27.4688 4.8474 29.6475 -9.3779 0.9525
30 2 Car 0 0 0 10 10 100 100 1.9425 1.7887 5.0093 -25.4601 4.6388 25.5694 -9.3900 0.9927
30 5 Car 0 0 0 10 10 100 100 1.5603 1.7623 4.4846 -5.9917 4.2100 28.5601 -9.3365 0.9117
30 7 Car 0 0 0 10 10 100 100 1.5472 1.7774 4.3980 -12.5203 4.3435 25.6893 -9.3956 0.9773
30 1 Car 0 0 0 10 10 100 100 1.8497 1.8080 4.6053 18.3060 3.5316 26.4682 -9.3766 0.9906
30 6 Car 0 0 0 10 10 100 100 1.7710 1.7200 4.7701 4.8592 4.0284 31.1435 -9.3650 0.9998
30 8 Car 0 0 0 10 10 100 100 1.5655 1.6553 4.6725 14.3361 3.7526 30.4297 -9.3577 0.9824
30 0 Car 0 0 0 10 10 100 100 1.6163 1.8008 3.8702 37.2167 3.0430 24.9943 -9.3452 0.9742
30 3 Car 0 0 0 10 10 100 100 1.5286 1.7326 4.4505 45.6656 2.8516 24.5438 -9.3599 0.9831
31 4 Car 0 0 0 10 10 100 100 1.5867 1.8495 4.4025 -28.4065 4.8656 29.7516 -9.3585 0.9461
31 2 Car 0 0 0 10 10 100 100 1.9323 1.7790 4.9748 -26.1542 4.6781 25.5736 -9.3875 0.9975
31 5 Car 0 0 0 10 10 100 100 1.6015 1.8224 4.5381 -6.7483 4.2217 28.6656 -9.3409 0.9527
31 7 Car 0 0 0 10 10 100 100 1.4959 1.7750 4.4174 -13.2100 4.3186 25.7348 -9.3882 0.9846
31 1 Car 0 0 0 10 10 100 100 1.8663 1.7805 4.4817 17.5659 3.5493 26.4568 -9.3728 0.9890
31 6 Car 0 0 0 10 10 100 100 1.7745 1.9051 4.7203 4.4333 4.0648 31.2066 -9.3699 0.9919
31 8 Car 0 0 0 10 10 100 100 1.5732 1.7359 4.7337 14.2475 3.7605 30.4641 -9.3611 0.9863
31 0 Car 0 0 0 10 10 100 100 1.6242 1.7517 3.9043 36.8940 3.0555 25.0022 -9.3421 0.9912
31 3 Car 0 0 0 10 10 100 100 1.5835 1.7252 4.5674 45.6548 2.8899 24.5368 -9.3372 0.9770
32 4 Car 0 0 0 10 10 100 100 1.5651 1.6605 4.3397 -29.3594 4.8879 29.7348 -9.3535 0.9845
32 2 Car 0 0 0 10 10 100 100 1.9428 1.7538 4.9830 -26.7354 4.6780 25.5976 -9.3880 0.9945
32 5 Car 0 0 0 10 10 100 100 1.5651 1.7762 4.4564 -7.5466 4.2383 28.7231 -9.3520 0.9426
32 7 Car 0 0 0 10 10 100 100 1.5124 1.7598 4.2990 -13.8754 4.3531 25.7743 -9.3922 0.9906
32 1 Car 0 0 0 10 10 100 100 1.8055 1.7711 4.5764 16.9144 3.5703 26.5328 -9.3744 0.9995
32 6 Car 0 0 0 10 10 100 100 1.7999 1.6527 4.9329 4.0495 4.0749 31.1980 -9.3757 0.9949
32 8 Car 0 0 0 10 10 100 100 1.5585 1.7978 4.7873 14.0596 3.7575 30.4980 -9.3525 0.9822
32 0 Car 0 0 0 10 10 100 100 1.5874 1.6711 3.8147 36.4795 3.0618 25.0009 -9.3620 0.9874
32 3 Car 0 0 0 10 10 100 100 1.5783 1.7309 4.5211 45.5362 2.8805 24.5255 -9.3366 0.9640
33 4 Car 0 0 0 10 10 100 100 1.5706 1.7526 4.4163 -30.3938 4.9019 29.8345 -9.3482 0.9482
33 2 Car 0 0 0 10 10 100 100 1.9604 1.8138 5.0454 -27.4860 4.7208 25.6365 -9.3822 0.9920
33 5 Car 0 0 0 10 10 100 100 1.5892 1.7100 4.4544 -8.3898 4.2740 28.7724 -9.3358 0.9716
33 7 Car 0 0 0 10 10 100 100 1.5451 1.7564 4.3663 -14.5864 4.3785 25.8234 -9.3887 0.9879
33 1 Car 0 0 0 10 10 100 100 1.8659 1.8303 4.6594 16.2282 3.5905 26.5973 -9.3602 0.9948
33 6 Car 0 0 0 10 10 100 100 1.7547 1.7619 4.8496 3.6467 4.0435 31.2386 -9.3822 0.9982
33 8 Car 0 0 0 10 10 100 100 1.5435 1.7528 4.5827 13.7501 3.7510 30.4955 -9.3576 0.9860
33 0 Car 0 0 0 10 10 100 100 1.6132 1.6778 4.0408 36.1356 3.1044 25.0093 -9.3447 0.9940
33 3 Car 0 0 0 10 10 100 100 1.5682 1.6419 4.3875 45.3887 2.8462 24.5051 -9.3315 0.9754
34 4 Car 0 0 0 10 10 100 100 1.5910 1.7244 4.3427 -31.3985 4.9455 29.7869 -9.3724 0.9299
34 2 Car 0 0 0 10 10 100 100 1.9429 1.8607 5.1207 -28.1587 4.7261 25.7125 -9.3835 0.9929
34 5 Car 0 0 0 10 10 100 100 1.5546 1.7786 4.5251 -9.1607 4.3214 28.8877 -9.3450 0.9889
34 7 Car 0 0 0 10 10 100 100 1.5595 1.8545 4.3742 -15.2611 4.4223 25.8572 -9.3815 0.9684
34 1 Car 0 0 0 10 10 100 100 1.8122 1.7853 4.5865 15.4450 3.5961 26.6268 -9.3668 0.9976
34 6 Car 0 0 0 10 10 100 100 1.7538 1.8899 4.7453 3.1370 4.0842 31.3411 -9.3774 0.9954
34 8 Car 0 0 0 10 10 100 100 1.5056 1.7306 4.5436 13.4384 3.7593 30.5478 -9.3604 0.9724
34 0 Car 0 0 0 10 10 100 100 1.6369 1.7508 3.9905 35.7271 3.0901 25.0489 -9.3489 0.9933
34 3 Car 0 0 0 10 10 100 100 1.6505 1.7811 4.5026 45.3993 2.9076 24.5116 -9.3409 0.9450
35 4 Car 0 0 0 10 10 100 100 1.5809 1.7660 4.3840 -32.3825 5.0091 29.9338 -9.3738 0.9406
35 2 Car 0 0 0 10 10 100 100 1.9753 1.7686 5.0121 -28.7490 4.7617 25.7038 -9.3758 0.9535
35 5 Car 0 0 0 10 10 100 100 1.5596 1.7586 4.4930 -9.9554 4.3205 28.9090 -9.3615 0.9924
35 7 Car 0 0 0 10 10 100 100 1.4967 1.6950 4.2575 -15.8882 4.4096 25.8187 -9.3856 0.9831
35 1 Car 0 0 0 10 10 100 100 1.8246 1.7319 4.6141 14.6435 3.6346 26.6427 -9.3709 0.9960
35 6 Car 0 0 0 10 10 100 100 1.7289 1.7765 4.5208 2.7750 4.0544 31.3378 -9.3824 0.9983
35 8 Car 0 0 0 10 10 100 100 1.4928 1.7012 4.2656 13.1331 3.7468 30.5598 -9.3930 0.9914
35 0 Car 0 0 0 10 10 100 100 1.6360 1.6264 4.0322 35.3688 3.1331 24.9798 -9.3551 0.9949
35 3 Car 0 0 0 10 10 100 100 1.5677 1.7326 4.3982 45.2906 2.8722 24.5311 -9.3477 0.9744
36 4 Car 0 0 0 10 10 100 100 1.5911 1.7469 4.5602 -33.4030 5.0011 29.9478 -9.3757 0.9631
36 2 Car 0 0 0 10 10 100 100 1.9447 1.8404 5.0057 -29.4865 4.7297 25.7365 -9.3704 0.9376
36 5 Car 0 0 0 10 10 100 100 1.5934 1.7786 4.6666 -10.8265 4.3704 28.9969 -9.3441 0.9941
36 7 Car 0 0 0 10 10 100 100 1.5778 1.7323 4.2608 -16.5383 4.4813 25.8807 -9.3900 0.9915
36 1 Car 0 0 0 10 10 100 100 1.8551 1.8043 4.5597 13.8654 3.6444 26.6994 -9.3621 0.9966
36 6 Car 0 0 0 10 10 100 100 1.7957 1.7203 4.6002 2.1722 4.1146 31.3508 -9.3649 0.9996
36 8 Car 0 0 0 10 10 100 100 1.5016 1.7430 4.0786 12.7259 3.7432 30.6009 -9.3992 0.9939
36 0 Car 0 0 0 10 10 100 100 1.6277 1.6275 3.9589 34.9236 3.1170 25.0645 -9.3586 0.9937
36 3 Car 0 0 0 10 10 100 100 1.5864 1.7365 4.4779 45.2920 2.8649 24.5502 -9.3585 0.9697
37 4 Car 0 0 0 10 10 100 100 1.6394 1.6667 4.0260 -34.2311 5.0502 29.9434 -9.3686 0.8514
37 2 Car 0 0 0 10 10 100 100 1.9145 1.7910 5.1030 -30.1124 4.7219 25.7499 -9.3767 0.9523
37 5 Car 0 0 0 10 10 100 100 1.6280 1.8943 4.5456 -11.6496 4.4183 29.0792 -9.3421 0.9734
37 7 Car 0 0 0 10 10 100 100 1.5852 1.7484 4.4443 -17.2458 4.5090 25.9104 -9.3883 0.9839
37 1 Car 0 0 0 10 10 100 100 1.8366 1.8067 4.6435 13.1375 3.6802 26.7598 -9.3750 0.9931
37 6 Car 0 0 0 10 10 100 100 1.8072 1.7835 4.5095 1.7557 4.1498 31.3391 -9.3795 0.9932
37 8 Car 0 0 0 10 10 100 100 1.5296 1.7481 4.2079 12.5796 3.7290 30.6318 -9.3827 0.9814
37 0 Car 0 0 0 10 10 100 100 1.6112 1.6196 3.8478 34.3057 3.1159 25.0798 -9.3495 0.9982
37 3 Car 0 0 0 10 10 100 100 1.5925 1.7766 4.6336 45.2245 2.8728 24.6415 -9.3584 0.9395
38 4 Car 0 0 0 10 10 100 100 1.5956 1.7900 4.6213 -35.5250 5.0586 30.0285 -9.3554 0.7514
38 2 Car 0 0 0 10 10 100 100 1.9209 1.8094 4.9922 -30.7093 4.7455 25.8226 -9.3766 0.9774
38 5 Car 0 0 0 10 10 100 100 1.5807 1.7036 4.3326 -12.3887 4.4222 29.1282 -9.3507 0.9648
38 7 Car 0 0 0 10 10 100 100 1.5528 1.6906 4.2596 -17.9668 4.4986 25.8807 -9.4123 0.9864
38 1 Car 0 0 0 10 10 100 100 1.8360 1.7917 4.8793 12.1749 3.6884 26.8415 -9.3616 0.9879
38 6 Car 0 0 0 10 10 100 100 1.7821 1.7546 4.6591 1.2004 4.1181 31.3684 -9.3698 0.9919
38 8 Car 0 0 0 10 10 100 100 1.5896 1.7187 4.3810 12.3359 3.7656 30.6513 -9.3934 0.9759
38 0 Car 0 0 0 10 10 100 100 1.6200 1.6444 4.0417 33.9551 3.1223 25.1327 -9.3555 0.9986
38 3 Car 0 0 0 10 10 100 100 1.5974 1.8308 4.4859 45.1363 2.8987 24.6527 -9.3544 0.9430
39 4 Car 0 0 0 10 10 100 100 1.6621 1.8816 4.6057 -36.5638 5.0786 29.7772 -9.5474 0.6371
39 2 Car 0 0 0 10 10 100 100 1.9715 1.8069 5.2402 -31.6361 4.8279 25.8498 -9.3834 0.9373
39 5 Car 0 0 0 10 10 100 100 1.5489 1.6926 4.3885 -13.2852 4.4314 29.1523 -9.3501 0.9949
39 7 Car 0 0 0 10 10 100 100 1.6051 1.7575 4.2809 -18.6763 4.5511 25.9472 -9.3894 0.9725
39 1 Car 0 0 0 10 10 100 100 1.8772 1.7668 5.1019 11.1211 3.7641 26.8596 -9.3679 0.9920
39 6 Car 0 0 0 10 10 100 100 1.7846 1.7625 4.7264 0.7003 4.1552 31.3871 -9.3859 0.9919
39 8 Car 0 0 0 10 10 100 100 1.5616 1.7349 4.5226 12.1986 3.7566 30.7195 -9.3484 0.8998
39 0 Car 0 0 0 10 10 100 100 1.6214 1.6452 3.9461 33.4520 3.1333 25.1398 -9.3604 0.9970
39 3 Car 0 0 0 10 10 100 100 1.6002 1.7100 4.4129 45.0166 2.8608 24.5586 -9.3684 0.9798
40 2 Car 0 0 0 10 10 100 100 1.9757 1.7547 5.0426 -32.4093 4.8257 25.8783 -9.4059 0.9138
40 5 Car 0 0 0 10 10 100 100 1.5345 1.7291 4.4157 -14.0008 4.4193 29.2101 -9.3421 0.9923
40 7 Car 0 0 0 10 10 100 100 1.5497 1.7316 4.4004 -19.2947 4.5407 25.9793 -9.3780 0.9880
40 1 Car 0 0 0 10 10 100 100 1.8585 1.7618 5.2639 10.3280 3.7675 26.9314 -9.3525 0.9798
40 6 Car 0 0 0 10 10 100 100 1.7557 1.7012 4.6236 0.1745 4.1271 31.4647 -9.3893 0.9871
40 8 Car 0 0 0 10 10 100 100 1.4133 1.6658 4.1700 11.7821 3.6568 30.6339 -9.3607 0.6593
40 0 Car 0 0 0 10 10 100 100 1.6172 1.6311 3.9817 32.9108 3.1602 25.1939 -9.3580 0.9972
40 3 Car 0 0 0 10 10 100 100 1.5615 1.7520 4.6038 44.9301 2.8729 24.5852 -9.3479 0.9612
41 2 Car 0 0 0 10 10 100 100 1.9894 1.7402 5.1199 -33.1743 4.8646 25.9255 -9.4101 0.9415
41 5 Car 0 0 0 10 10 100 100 1.5589 1.7050 4.4166 -14.9604 4.4556 29.2652 -9.3483 0.9935
41 7 Car 0 0 0 10 10 100 100 1.5173 1.7765 4.3313 -20.0719 4.5379 26.0224 -9.3918 0.9949
41 1 Car 0 0 0 10 10 100 100 1.8768 1.8651 5.1517 9.4124 3.7890 27.0395 -9.3622 0.9951
41 6 Car 0 0 0 10 10 100 100 1.7918 1.8078 4.8725 -0.2556 4.1926 31.5088 -9.3900 0.9883
41 8 Car 0 0 0 10 10 100 100 1.6032 1.7925 4.8640 11.7939 3.8439 30.7215 -9.3653 0.8495
41 0 Car 0 0 0 10 10 100 100 1.6162 1.6238 3.9515 32.3670 3.1734 25.2176 -9.3664 0.9983
41 3 Car 0 0 0 10 10 100 100 1.5737 1.8183 4.5107 44.7330 2.8841 24.6480 -9.3596 0.9668
42 2 Car 0 0 0 10 10 100 100 1.9613 1.7955 5.2718 -34.0504 4.8385 25.9965 -9.4014 0.8543
42 5 Car 0 0 0 10 10 100 100 1.5841 1.6973 4.4295 -15.7597 4.5048 29.3319 -9.3565 0.9552
42 7 Car 0 0 0 10 10 100 100 1.5418 1.7292 4.2791 -20.6611 4.5557 26.0067 -9.3739 0.9879
42 1 Car 0 0 0 10 10 100 100 1.9020 1.7656 5.2415 8.5121 3.8362 27.0742 -9.3700 0.9983
42 6 Car 0 0 0 10 10 100 100 1.8037 1.7812 4.6839 -0.7206 4.2189 31.5358 -9.3883 0.9923
42 8 Car 0 0 0 10 10 100 100 1.5741 1.5970 4.5591 11.7787 3.8094 30.6212 -9.3529 0.7835
42 0 Car 0 0 0 10 10 100 100 1.5829 1.7055 4.0121 31.8769 3.1730 25.2882 -9.3758 0.9963
42 3 Car 0 0 0 10 10 100 100 1.5911 1.7558 4.4664 44.6397 2.8827 24.6528 -9.3701 0.9810
43 2 Car 0 0 0 10 10 100 100 1.9685 1.7246 4.8086 -35.0679 4.9167 25.9764 -9.4018 0.9203
43 5 Car 0 0 0 10 10 100 100 1.5462 1.6892 4.3292 -16.5236 4.5372 29.3448 -9.3368 0.9916
43 7 Car 0 0 0 10 10 100 100 1.5590 1.7297 4.3186 -21.3767 4.5861 26.0035 -9.3787 0.9900
43 1 Car 0 0 0 10 10 100 100 1.8364 1.8796 5.2744 7.5895 3.8348 27.1686 -9.3677 0.9959
43 6 Car 0 0 0 10 10 100 100 1.8111 1.7983 4.7167 -1.3500 4.2075 31.5478 -9.3835 0.9881
43 8 Car 0 0 0 10 10 100 100 1.5322 1.6509 4.6528 11.3092 3.8117 30.6917 -9.3514 0.9616
43 0 Car 0 0 0 10 10 100 100 1.5800 1.6778 3.9516 31.3233 3.1856 25.3171 -9.3641 0.9975
43 3 Car 0 0 0 10 10 100 100 1.5776 1.7582 4.4318 44.4573 2.9130 24.6439 -9.3680 0.9673
44 2 Car 0 0 0 10 10 100 100 1.9395 1.7216 5.1085 -35.8243 4.9424 25.9986 -9.4044 0.9452
44 5 Car 0 0 0 10 10 100 100 1.5656 1.7540 4.6429 -17.5341 4.5719 29.4675 -9.3479 0.9728
44 7 Car 0 0 0 10 10 100 100 1.5610 1.7523 4.3146 -22.1263 4.6080 26.0563 -9.3832 0.9848
44 1 Car 0 0 0 10 10 100 100 1.8496 1.9264 5.3027 6.6851 3.8398 27.2317 -9.3521 0.9919
44 6 Car 0 0 0 10 10 100 100 1.7971 1.7465 4.5691 -1.9925 4.2100 31.5782 -9.3775 0.9934
44 8 Car 0 0 0 10 10 100 100 1.5075 1.6153 4.6107 11.0297 3.8075 30.6851 -9.3468 0.9389
44 0 Car 0 0 0 10 10 100 100 1.5499 1.7268 3.8828 30.6996 3.1773 25.3645 -9.3322 0.9951
44 3 Car 0 0 0 10 10 100 100 1.5462 1.7187 4.5586 44.3449 2.9091 24.6448 -9.3641 0.9088
45 2 Car 0 0 0 10 10 100 100 2.0129 1.7743 5.0773 -36.8301 4.9552 26.0688 -9.3973 0.9188
45 5 Car 0 0 0 10 10 100 100 1.6276 1.7101 4.5209 -18.4802 4.6280 29.5313 -9.3656 0.9899
45 7 Car 0 0 0 10 10 100 100 1.5345 1.7263 4.4463 -22.8174 4.6286 26.0575 -9.3903 0.9771
45 1 Car 0 0 0 10 10 100 100 1.7936 1.8796 5.2283 5.7291 3.8540 27.2595 -9.3732 0.9986
45 6 Car 0 0 0 10 10 100 100 1.7865 1.7267 4.7275 -2.5358 4.2003 31.5595 -9.3643 0.9955
45 8 Car 0 0 0 10 10 100 100 1.5467 1.7288 4.7233 10.5337 3.8366 30.7565 -9.3574 0.9860
45 0 Car 0 0 0 10 10 100 100 1.6116 1.5947 3.9847 30.1136 3.2345 25.3438 -9.3763 0.9975
45 3 Car 0 0 0 10 10 100 100 1.4946 1.7356 4.5380 44.1855 2.8453 24.6494 -9.3566 0.9264
46 2 Car 0 0 0 10 10 100 100 2.0163 1.7345 5.1585 -37.7272 4.9834 26.0837 -9.3762 0.9765
46 5 Car 0 0 0 10 10 100 100 1.5975 1.6787 4.5080 -19.1732 4.6230 29.5629 -9.3776 0.9794
46 7 Car 0 0 0 10 10 100 100 1.5526 1.7587 4.3106 -23.5733 4.6487 26.0628 -9.3889 0.9866
46 1 Car 0 0 0 10 10 100 100 1.8011 1.8016 5.1622 4.7460 3.9046 27.3596 -9.3759 0.9904
46 6 Car 0 0 0 10 10 100 100 1.7796 1.6748 4.6532 -3.1249 4.2344 31.6051 -9.3700 0.9974
46 8 Car 0 0 0 10 10 100 100 1.5721 1.7668 4.9303 10.0370 3.8715 30.7910 -9.3617 0.9968
46 0 Car 0 0 0 10 10 100 100 1.5799 1.6575 3.8952 29.4988 3.2085 25.3672 -9.3568 0.9968
46 3 Car 0 0 0 10 10 100 100 1.6365 1.7597 4.1402 43.7692 2.9417 24.6924 -9.3482 0.9301
47 2 Car 0 0 0 10 10 100 100 1.9799 1.7838 5.0094 -38.5347 5.0384 26.1880 -9.3972 0.9775
47 5 Car 0 0 0 10 10 100 100 1.5927 1.6742 4.4702 -20.1756 4.6336 29.6140 -9.3782 0.9868
47 7 Car 0 0 0 10 10 100 100 1.5259 1.7425 4.3202 -24.2446 4.6337 26.0951 -9.4000 0.9698
47 1 Car 0 0 0 10 10 100 100 1.8076 1.7755 5.0326 3.8437 3.8953 27.3869 -9.3735 0.9353
47 6 Car 0 0 0 10 10 100 100 1.7238 1.7432 4.5571 -3.8679 4.2042 31.6727 -9.3735 0.9963
47 8 Car 0 0 0 10 10 100 100 1.5978 1.7881 4.8909 9.6573 3.8800 30.8197 -9.3708 0.9960
47 0 Car 0 0 0 10 10 100 100 1.5996 1.7139 4.0132 28.8831 3.2475 25.4595 -9.3425 0.9982
47 3 Car 0 0 0 10 10 100 100 1.5663 1.6892 3.9866 43.5015 2.9155 24.6723 -9.3549 0.9801
48 2 Car 0 0 0 10 10 100 100 1.9035 1.8638 4.4824 -38.9659 4.9662 26.2279 -9.3977 0.9736
48 5 Car 0 0 0 10 10 100 100 1.5841 1.7116 4.4281 -20.9373 4.6758 29.6667 -9.3629 0.9716
48 7 Car 0 0 0 10 10 100 100 1.5291 1.8335 4.3237 -24.9433 4.6596 26.1367 -9.3876 0.9863
48 1 Car 0 0 0 10 10 100 100 1.8054 1.7081 4.8842 2.9896 3.9468 27.4039 -9.3747 0.9791
48 6 Car 0 0 0 10 10 100 100 1.7503 1.6996 4.6729 -4.4935 4.2104 31.6689 -9.3796 0.9799
48 8 Car 0 0 0 10 10 100 100 1.6105 1.8401 4.8068 9.2355 3.9163 30.8200 -9.3670 0.9803
48 0 Car 0 0 0 10 10 100 100 1.5857 1.7354 4.0533 28.2684 3.2621 25.4875 -9.3753 0.9944
48 3 Car 0 0 0 10 10 100 100 1.5138 1.7323 4.1588 43.3503 2.9541 24.7064 -9.3581 0.9243
49 2 Car 0 0 0 10 10 100 100 1.9827 1.8301 5.2085 -40.2589 4.9992 26.2664 -9.3970 0.9602
49 5 Car 0 0 0 10 10 100 100 1.5871 1.7169 4.4422 -21.8576 4.6711 29.7230 -9.3866 0.9762
49 7 Car 0 0 0 10 10 100 100 1.4974 1.7219 4.2894 -25.6777 4.6414 26.1323 -9.3784 0.9707
49 1 Car 0 0 0 10 10 100 100 1.7783 1.8055 4.8863 2.0122 3.9437 27.4785 -9.3729 0.9631
49 6 Car 0 0 0 10 10 100 100 1.7665 1.7756 4.7327 -5.0546 4.2630 31.7239 -9.3642 0.9854
49 8 Car 0 0 0 10 10 100 100 1.5832 1.8024 4.7841 8.7482 3.9532 30.8504 -9.3680 0.9952
49 0 Car 0 0 0 10 10 100 100 1.5941 1.6914 4.0808 27.6319 3.2617 25.5245 -9.3637 0.9881
49 3 Car 0 0 0 10 10 100 100 1.5184 1.8220 4.4004 43.2086 2.9328 24.7649 -9.3641 0.9648
50 2 Car 0 0 0 10 10 100 100 1.9491 1.8048 5.1583 -41.0338 5.1010 26.2621 -9.4045 0.9637
50 5 Car 0 0 0 10 10 100 100 1.6103 1.7017 4.4296 -22.6767 4.6952 29.7302 -9.3782 0.9794
50 7 Car 0 0 0 10 10 100 100 1.5058 1.7158 4.3614 -26.3153 4.6832 26.1393 -9.3910 0.9801
50 1 Car 0 0 0 10 10 100 100 1.8933 1.8549 5.0200 0.5545 4.0532 27.5932 -9.3583 0.9599
50 6 Car 0 0 0 10 10 100 100 1.7399 1.8096 4.7555 -5.8003 4.2823 31.8391 -9.3742 0.9988
50 8 Car 0 0 0 10 10 100 100 1.5526 1.7452 4.7316 8.3591 3.9750 30.8546 -9.3687 0.9966
50 0 Car 0 0 0 10 10 100 100 1.6147 1.6518 3.9821 27.0655 3.2881 25.5079 -9.3831 0.9944
50 3 Car 0 0 0 10 10 100 100 1.5792 1.7931 4.4939 43.0319 2.9480 24.7600 -9.3834 0.9870
51 2 Car 0 0 0 10 10 100 100 2.0526 1.7601 4.9414 -41.7432 5.1213 26.3026 -9.3787 0.9575
51 5 Car 0 0 0 10 10 100 100 1.5998 1.7437 4.3352 -23.6499 4.7268 29.8095 -9.3782 0.9567
51 7 Car 0 0 0 10 10 100 100 1.5647 1.7423 4.2548 -27.0094 4.7058 26.2433 -9.3820 0.9297
51 1 Car 0 0 0 10 10 100 100 1.7747 1.7535 4.6150 -0.3937 4.0360 27.6140 -9.3789 0.9717
51 6 Car 0 0 0 10 10 100 100 1.7357 1.8036 4.7032 -6.5593 4.2721 31.8608 -9.3819 0.9943
51 8 Car 0 0 0 10 10 100 100 1.6044 1.7483 4.7775 7.8749 4.0085 30.8926 -9.3546 0.9958
51 0 Car 0 0 0 10 10 100 100 1.6620 1.6988 4.0131 26.3227 3.3234 25.5733 -9.3678 0.9925
51 3 Car 0 0 0 10 10 100 100 1.4805 1.8206 4.4499 42.7140 2.9588 24.7975 -9.3816 0.9390
52 2 Car 0 0 0 10 10 100 100 2.0416 1.8250 5.3951 -42.6155 5.0519 26.3459 -9.3842 0.9735
52 5 Car 0 0 0 10 10 100 100 1.6267 1.7383 4.5087 -24.4904 4.7817 29.8604 -9.3785 0.9766
52 7 Car 0 0 0 10 10 100 100 1.6046 1.7556 4.2370 -27.7959 4.7332 26.2648 -9.3718 0.9435
52 1 Car 0 0 0 10 10 100 100 1.7871 1.7265 4.5838 -1.4470 4.0759 27.6740 -9.3741 0.9899
52 6 Car 0 0 0 10 10 100 100 1.7274 1.7313 4.6564 -7.1213 4.2760 31.8667 -9.3611 0.9993
52 8 Car 0 0 0 10 10 100 100 1.5908 1.7503 4.8918 7.3619 3.9973 30.9332 -9.3568 0.9941
52 0 Car 0 0 0 10 10 100 100 1.6180 1.7465 4.0394 25.7383 3.3285 25.6436 -9.3574 0.9950
52 3 Car 0 0 0 10 10 100 100 1.4802 1.7738 4.3461 42.3881 2.9393 24.8116 -9.3816 0.9505
53 2 Car 0 0 0 10 10 100 100 2.0860 1.7902 5.2524 -43.4891 5.2183 26.3740 -9.3923 0.9042
53 5 Car 0 0 0 10 10 100 100 1.6043 1.6819 4.3192 -25.4474 4.7764 29.8760 -9.3813 0.9340
53 7 Car 0 0 0 10 10 100 100 1.6065 1.7980 4.4493 -28.5945 4.7611 26.3351 -9.3709 0.9398
53 1 Car 0 0 0 10 10 100 100 1.8389 1.7179 4.5675 -2.5517 4.1105 27.7113 -9.3668 0.9768
53 6 Car 0 0 0 10 10 100 100 1.7471 1.7065 4.6817 -7.8805 4.3095 31.8931 -9.3658 0.9990
53 8 Car 0 0 0 10 10 100 100 1.6216 1.7013 4.8051 6.8131 4.0233 30.9573 -9.3599 0.9796
53 0 Car 0 0 0 10 10 100 100 1.6428 1.7524 4.0778 25.0288 3.3440 25.7100 -9.3544 0.9911
53 3 Car 0 0 0 10 10 100 100 1.5590 1.7303 4.2819 41.8112 2.9851 24.7646 -9.3675 0.9459
54 2 Car 0 0 0 10 10 100 100 1.9274 1.7559 5.1707 -44.2383 5.1525 26.4105 -9.3967 0.9151
54 5 Car 0 0 0 10 10 100 100 1.7409 1.6755 4.4779 -26.1867 4.8454 29.9235 -9.3814 0.9642
54 7 Car 0 0 0 10 10 100 100 1.5693 1.7380 4.4372 -29.3233 4.7857 26.3490 -9.3820 0.9455
54 1 Car 0 0 0 10 10 100 100 1.8086 1.6896 4.4611 -3.4533 4.0919 27.7259 -9.3603 0.9849
54 6 Car 0 0 0 10 10 100 100 1.7627 1.7806 4.6987 -8.5988 4.3415 31.9474 -9.3670 0.9960
54 8 Car 0 0 0 10 10 100 100 1.6590 1.7910 4.8912 6.3449 4.0628 31.0670 -9.3636 0.9787
54 0 Car 0 0 0 10 10 100 100 1.6224 1.7056 4.0000 24.3279 3.3400 25.7115 -9.3665 0.9957
54 3 Car 0 0 0 10 10 100 100 1.4960 1.7512 4.3454 41.6413 2.9621 24.8107 -9.3744 0.9493
55 2 Car 0 0 0 10 10 100 100 2.0273 1.7578 4.6115 -44.7530 5.1022 26.4465 -9.3809 0.9019
55 5 Car 0 0 0 10 10 100 100 1.6626 1.7925 4.4452 -27.3979 4.8521 29.9971 -9.3689 0.9423
55 7 Car 0 0 0 10 10 100 100 1.6004 1.7079 4.3865 -30.0890 4.7785 26.3469 -9.3629 0.9468
55 1 Car 0 0 0 10 10 100 100 1.8376 1.7420 4.5417 -4.4976 4.1414 27.8517 -9.3634 0.9877
55 6 Car 0 0 0 10 10 100 100 1.7644 1.8415 4.6944 -9.3397 4.3482 32.0068 -9.3582 0.9917
55 8 Car 0 0 0 10 10 100 100 1.6187 1.7400 4.8419 5.8973 4.0619 31.0535 -9.3622 0.9864
55 0 Car 0 0 0 10 10 100 100 1.6314 1.7701 4.0463 23.6028 3.3751 25.7783 -9.3484 0.9918
55 3 Car 0 0 0 10 10 100 100 1.4863 1.8225 4.4023 41.3312 2.9495 24.8623 -9.3746 0.9609
56 2 Car 0 0 0 10 10 100 100 2.1025 1.7412 5.0125 -45.7941 5.2342 26.4497 -9.3924 0.8680
56 5 Car 0 0 0 10 10 100 100 1.6445 1.7526 4.5120 -28.1725 4.8778 30.0278 -9.3872 0.9580
56 7 Car 0 0 0 10 10 100 100 1.6347 1.7189 4.3735 -30.8860 4.7858 26.3909 -9.3859 0.9116
56 1 Car 0 0 0 10 10 100 100 1.8354 1.8180 4.5627 -5.5182 4.1559 27.8954 -9.3624 0.9875
56 6 Car 0 0 0 10 10 100 100 1.7497 1.8276 4.6268 -10.0684 4.3915 32.0380 -9.3649 0.9815
56 8 Car 0 0 0 10 10 100 100 1.6360 1.7804 4.9099 5.2943 4.1019 31.0886 -9.3630 0.9874
56 0 Car 0 0 0 10 10 100 100 1.6101 1.6577 4.0462 22.9526 3.3952 25.7819 -9.3589 0.9960
56 3 Car 0 0 0 10 10 100 100 1.4881 1.8603 4.3478 41.0629 2.9676 24.8900 -9.3652 0.9662
57 2 Car 0 0 0 10 10 100 100 1.9923 1.7172 4.8195 -46.5647 5.2377 26.4654 -9.4013 0.9362
57 5 Car 0 0 0 10 10 100 100 1.6917 1.7215 4.3785 -29.0377 4.9226 30.0899 -9.3683 0.9077
57 7 Car 0 0 0 10 10 100 100 1.5629 1.7062 4.2888 -31.3617 4.7931 26.4129 -9.3800 0.9485
57 1 Car 0 0 0 10 10 100 100 1.8404 1.8055 4.4286 -6.6422 4.1819 27.9785 -9.3834 0.9943
57 6 Car 0 0 0 10 10 100 100 1.7003 1.7350 4.8099 -10.8541 4.4061 32.0488 -9.3758 0.9850
57 8 Car 0 0 0 10 10 100 100 1.5765 1.7402 4.8741 4.8918 4.0535 31.1029 -9.3649 0.9834
57 0 Car 0 0 0 10 10 100 100 1.5641 1.6601 4.0105 22.1259 3.3996 25.8093 -9.3486 0.9981
57 3 Car 0 0 0 10 10 100 100 1.4978 1.8175 4.5007 40.7033 2.9690 24.9047 -9.3490 0.9746
58 2 Car 0 0 0 10 10 100 100 1.9916 1.7995 5.1060 -47.4471 5.1664 26.5225 -9.4021 0.8793
58 5 Car 0 0 0 10 10 100 100 1.6829 1.7294 4.5625 -29.9287 4.9416 30.0902 -9.3734 0.9084
58 7 Car 0 0 0 10 10 100 100 1.6177 1.7423 4.5613 -32.4393 4.8185 26.4698 -9.3795 0.9076
58 1 Car 0 0 0 10 10 100 100 1.8437 1.7679 4.5064 -7.7402 4.2384 27.9735 -9.3852 0.9837
58 6 Car 0 0 0 10 10 100 100 1.7218 1.8083 4.8322 -11.7165 4.4529 32.1267 -9.3694 0.9882
58 8 Car 0 0 0 10 10 100 100 1.5859 1.8186 4.7525 4.3573 4.0576 31.1521 -9.3766 0.9884
58 0 Car 0 0 0 10 10 100 100 1.6073 1.6838 4.0088 21.3644 3.4137 25.9129 -9.3472 0.9953
58 3 Car 0 0 0 10 10 100 100 1.5098 1.8092 4.6286 40.4496 2.9612 24.9015 -9.3557 0.9677
59 2 Car 0 0 0 10 10 100 100 1.8286 1.7832 4.9355 -48.2072 5.1720 26.5382 -9.3976 0.8060
59 5 Car 0 0 0 10 10 100 100 1.6463 1.7030 4.3691 -31.0029 4.8932 30.1017 -9.3796 0.8786
59 7 Car 0 0 0 10 10 100 100 1.5736 1.7343 4.5651 -33.2647 4.8744 26.4924 -9.4063 0.9128
59 1 Car 0 0 0 10 10 100 100 1.7976 1.7374 4.3863 -8.7020 4.1787 28.0091 -9.3770 0.9939
59 6 Car 0 0 0 10 10 100 100 1.7939 1.8984 5.0057 -12.4770 4.5109 32.1787 -9.3766 0.9672
59 8 Car 0 0 0 10 10 100 100 1.5893 1.7940 4.9678 3.7811 4.0619 31.2126 -9.3659 0.9788
59 0 Car 0 0 0 10 10 100 100 1.6396 1.6445 4.0350 20.6831 3.4613 25.9066 -9.3439 0.9950
59 3 Car 0 0 0 10 10 100 100 1.5050 1.8055 4.2559 39.8881 2.9681 24.9588 -9.3446 0.9959
60 2 Car 0 0 0 10 10 100 100 1.9043 1.6152 3.6061 -48.3424 5.1911 26.5785 -9.4314 0.7904
60 5 Car 0 0 0 10 10 100 100 1.6390 1.8330 4.4835 -31.8006 4.9557 30.2382 -9.4002 0.9264
60 7 Car 0 0 0 10 10 100 100 1.5392 1.7345 4.5438 -34.1596 4.8590 26.5516 -9.4047 0.9194
60 1 Car 0 0 0 10 10 100 100 1.8577 1.7618 4.6860 -9.8700 4.2751 28.1070 -9.3634 0.9852
60 6 Car 0 0 0 10 10 100 100 1.7813 1.8364 4.7350 -13.2576 4.5080 32.2217 -9.3809 0.9670
60 8 Car 0 0 0 10 10 100 100 1.5689 1.6647 4.7254 3.0995 4.0850 31.2366 -9.3535 0.9802
60 0 Car 0 0 0 10 10 100 100 1.5873 1.6870 4.0363 19.9055 3.4770 25.9890 -9.3582 0.9926
60 3 Car 0 0 0 10 10 100 100 1.6040 1.8602 4.8510 39.7554 3.0317 24.9470 -9.3761 0.9592
61 2 Car 0 0 0 10 10 100 100 1.9944 1.7699 5.0398 -49.8608 5.3310 26.6827 -9.3747 0.8703
61 5 Car 0 0 0 10 10 100 100 1.6086 1.7394 4.5002 -32.6450 4.9796 30.2460 -9.3896 0.8996
61 7 Car 0 0 0 10 10 100 100 1.5553 1.7264 4.4683 -34.6797 4.8874 26.5923 -9.3957 0.9469
61 1 Car 0 0 0 10 10 100 100 1.8376 1.8348 4.5090 -10.9676 4.3172 28.1202 -9.3653 0.9848
61 6 Car 0 0 0 10 10 100 100 1.8369 1.7602 4.7779 -14.1100 4.5405 32.2072 -9.3769 0.9576
61 8 Car 0 0 0 10 10 100 100 1.5489 1.6875 4.7653 2.4844 4.0994 31.2726 -9.3689 0.9824
61 0 Car 0 0 0 10 10 100 100 1.5812 1.7179 4.0155 19.1547 3.4747 26.0718 -9.3533 0.9929
61 3 Car 0 0 0 10 10 100 100 1.5724 1.8947 4.8101 39.3373 3.0102 24.9659 -9.3675 0.9656
62 9 Car 0 0 0 10 10 100 100 1.6026 1.7322 4.2510 -35.2801 4.9673 26.6069 -9.4348 0.6242
62 5 Car 0 0 0 10 10 100 100 1.6088 1.7406 4.3867 -33.6068 4.9956 30.2531 -9.4004 0.8505
62 7 Car 0 0 0 10 10 100 100 1.6132 1.7851 4.5490 -35.9915 4.9768 26.7071 -9.4097 0.8236
62 1 Car 0 0 0 10 10 100 100 1.8599 1.8169 4.4975 -12.1908 4.3787 28.2062 -9.3581 0.9721
62 6 Car 0 0 0 10 10 100 100 1.8656 1.8492 5.0500 -14.7229 4.5858 32.3452 -9.3669 0.9181
62 8 Car 0 0 0 10 10 100 100 1.5400 1.7007 4.5105 1.8667 4.0919 31.2581 -9.3733 0.9735
62 0 Car 0 0 0 10 10 100 100 1.6087 1.6735 3.9497 18.3434 3.5264 26.1230 -9.3523 0.9971
62 3 Car 0 0 0 10 10 100 100 1.5640 1.7986 4.4910 38.8264 3.0207 24.9493 -9.3708 0.9861
63 5 Car 0 0 0 10 10 100 100 1.5919 1.7012 4.1641 -34.3732 5.0237 30.2574 -9.4261 0.9079
63 7 Car 0 0 0 10 10 100 100 1.5691 1.7484 4.7542 -37.0805 4.9754 26.7073 -9.4003 0.9468
63 1 Car 0 0 0 10 10 100 100 1.9070 1.8438 4.3488 -13.2024 4.4182 28.2806 -9.3532 0.9844
63 6 Car 0 0 0 10 10 100 100 1.8648 1.9750 5.4590 -15.5900 4.5635 32.4135 -9.3661 0.8783
63 8 Car 0 0 0 10 10 100 100 1.5499 1.7240 4.7389 1.1085 4.1348 31.2817 -9.3630 0.9817
63 0 Car 0 0 0 10 10 100 100 1.6085 1.6541 3.9876 17.5357 3.5111 26.1397 -9.3383 0.9955
63 3 Car 0 0 0 10 10 100 100 1.5840 1.7833 4.5188 38.3547 3.0386 25.0166 -9.3664 0.9805
64 2 Car 0 0 0 10 10 100 100 1.8308 1.8221 5.0238 -52.3888 5.2885 26.7191 -9.4083 0.7673
64 5 Car 0 0 0 10 10 100 100 1.5453 1.6906 4.7203 -35.5767 5.0396 30.3228 -9.3859 0.9020
64 7 Car 0 0 0 10 10 100 100 1.5619 1.7510 4.7027 -37.9197 5.0050 26.7376 -9.3852 0.9497
64 1 Car 0 0 0 10 10 100 100 1.8030 1.9062 4.4803 -14.2965 4.3796 28.3802 -9.3614 0.9542
64 6 Car 0 0 0 10 10 100 100 1.8338 1.8073 5.0352 -16.5709 4.6593 32.4553 -9.3624 0.9400
64 8 Car 0 0 0 10 10 100 100 1.5789 1.7268 4.7386 0.5112 4.1608 31.3420 -9.3803 0.9925
64 0 Car 0 0 0 10 10 100 100 1.6672 1.7795 4.1404 16.7495 3.5726 26.2866 -9.3400 0.9959
64 3 Car 0 0 0 10 10 100 100 1.5943 1.8696 4.4943 37.8940 3.0746 25.0224 -9.3598 0.9865
65 2 Car 0 0 0 10 10 100 100 1.9970 1.7154 4.3955 -53.0047 5.3874 26.7563 -9.3983 0.8206
65 5 Car 0 0 0 10 10 100 100 1.6051 1.6833 4.4338 -36.5026 5.0748 30.3203 -9.3808 0.8995
65 7 Car 0 0 0 10 10 100 100 1.5161 1.7702 4.7169 -38.7189 5.0356 26.8131 -9.3850 0.9707
65 1 Car 0 0 0 10 10 100 100 1.8289 1.8064 4.3346 -15.4402 4.4790 28.3932 -9.3703 0.9875
65 6 Car 0 0 0 10 10 100 100 1.8497 1.7209 4.7091 -17.4330 4.6722 32.4300 -9.3564 0.9485
65 8 Car 0 0 0 10 10 100 100 1.5557 1.7656 4.8342 -0.1531 4.1289 31.3975 -9.3902 0.9859
65 0 Car 0 0 0 10 10 100 100 1.5879 1.6707 4.0613 15.9276 3.5825 26.3073 -9.3364 0.9969
65 3 Car 0 0 0 10 10 100 100 1.6187 1.8777 4.6311 37.4059 3.0715 25.0566 -9.3596 0.9641
66 2 Car 0 0 0 10 10 100 100 1.9296 1.6975 4.3613 -53.9331 5.4190 26.7427 -9.3870 0.8682
66 5 Car 0 0 0 10 10 100 100 1.6079 1.7238 4.4626 -37.2119 5.1106 30.3898 -9.3659 0.9099
66 7 Car 0 0 0 10 10 100 100 1.4952 1.8193 4.6381 -39.5875 5.0771 26.8787 -9.3873 0.9649
66 1 Car 0 0 0 10 10 100 100 1.8320 1.8322 4.1977 -16.5556 4.4956 28.4336 -9.3822 0.9900
66 6 Car 0 0 0 10 10 100 100 1.8403 1.7874 4.5319 -18.2962 4.6423 32.4741 -9.3615 0.9720
66 8 Car 0 0 0 10 10 100 100 1.5945 1.6593 4.5613 -0.8600 4.1592 31.3786 -9.3929 0.9845
66 0 Car 0 0 0 10 10 100 100 1.6016 1.6607 4.0361 15.0965 3.5961 26.3796 -9.3669 0.9910
66 3 Car 0 0 0 10 10 100 100 1.5987 1.8535 4.3956 36.8762 3.0698 25.0910 -9.3553 0.9751
67 2 Car 0 0 0 10 10 100 100 1.9883 1.7235 5.0399 -55.0150 5.5154 26.8252 -9.3845 0.6899
67 5 Car 0 0 0 10 10 100 100 1.6420 1.7563 5.0154 -38.6008 5.1652 30.4433 -9.4059 0.8768
67 7 Car 0 0 0 10 10 100 100 1.5449 1.7952 4.6254 -40.3494 5.0582 26.9030 -9.3909 0.9272
67 1 Car 0 0 0 10 10 100 100 1.8388 1.7844 4.3148 -17.7378 4.5130 28.5276 -9.3789 0.9883
67 6 Car 0 0 0 10 10 100 100 1.8035 1.7884 4.5749 -19.1497 4.6508 32.4614 -9.3463 0.9677
67 8 Car 0 0 0 10 10 100 100 1.5601 1.6899 4.6248 -1.3893 4.1850 31.3765 -9.4153 0.9773
67 0 Car 0 0 0 10 10 100 100 1.5699 1.7384 4.0864 14.2522 3.6435 26.4388 -9.3545 0.9900
67 3 Car 0 0 0 10 10 100 100 1.6141 1.8810 4.5538 36.4386 3.1262 25.1105 -9.3788 0.9726
68 5 Car 0 0 0 10 10 100 100 1.6146 1.7582 4.9376 -40.1237 5.1918 30.5211 -9.4020 0.9618
68 7 Car 0 0 0 10 10 100 100 1.6229 1.7631 4.6320 -41.2539 5.1194 26.9126 -9.3807 0.9418
68 1 Car 0 0 0 10 10 100 100 1.8349 1.9245 4.3001 -18.9009 4.5513 28.6257 -9.3782 0.9670
68 6 Car 0 0 0 10 10 100 100 1.7996 1.8003 4.4903 -19.9512 4.7180 32.5378 -9.3783 0.9597
68 8 Car 0 0 0 10 10 100 100 1.5892 1.6814 4.5439 -2.2260 4.2319 31.4317 -9.3907 0.9909
68 0 Car 0 0 0 10 10 100 100 1.5790 1.7233 4.1411 13.3802 3.6430 26.5441 -9.3413 0.9961
68 3 Car 0 0 0 10 10 100 100 1.6157 1.8683 4.4848 35.8519 3.1230 25.1428 -9.3635 0.9880
69 5 Car 0 0 0 10 10 100 100 1.5243 1.7125 4.5350 -41.0689 5.1750 30.5894 -9.4021 0.9691
69 7 Car 0 0 0 10 10 100 100 1.5679 1.7758 4.5485 -42.0786 5.1341 26.9770 -9.4073 0.9348
69 1 Car 0 0 0 10 10 100 100 1.8779 1.8171 4.3646 -20.0698 4.6229 28.6557 -9.3664 0.9800
69 6 Car 0 0 0 10 10 100 100 1.8072 1.9351 4.5400 -20.9131 4.7456 32.6516 -9.3643 0.9575
69 8 Car 0 0 0 10 10 100 100 1.5262 1.7137 4.4127 -2.9500 4.1991 31.4930 -9.3859 0.9645
69 0 Car 0 0 0 10 10 100 100 1.6025 1.7826 4.2680 12.4493 3.6903 26.5939 -9.3404 0.9806
69 3 Car 0 0 0 10 10 100 100 1.5996 1.7574 4.4406 35.4211 3.1227 25.1154 -9.3580 0.9917
70 2 Car 0 0 0 10 10 100 100 1.8888 1.7565 4.6860 -57.5078 5.4555 26.7654 -9.4193 0.7619
70 5 Car 0 0 0 10 10 100 100 1.5614 1.8141 4.6187 -42.0060 5.2177 30.5817 -9.4221 0.9735
70 7 Car 0 0 0 10 10 100 100 1.5829 1.7808 4.5478 -42.9435 5.1709 27.0288 -9.3787 0.9468
70 1 Car 0 0 0 10 10 100 100 1.9175 1.9089 4.3282 -21.1142 4.6614 28.7959 -9.3777 0.9754
70 6 Car 0 0 0 10 10 100 100 1.7769 1.8231 4.5036 -21.8097 4.7308 32.6732 -9.3422 0.9861
70 8 Car 0 0 0 10 10 100 100 1.5546 1.7469 4.5856 -3.5911 4.2488 31.5159 -9.3860 0.9763
70 0 Car 0 0 0 10 10 100 100 1.6085 1.7907 4.4513 11.4385 3.7263 26.6737 -9.3418 0.9622
70 3 Car 0 0 0 10 10 100 100 1.5867 1.7747 4.3955 34.8691 3.1179 25.1618 -9.3605 0.9872
71 5 Car 0 0 0 10 10 100 100 1.5684 1.6519 4.4964 -43.0460 5.2437 30.5129 -9.3994 0.9381
71 7 Car 0 0 0 10 10 100 100 1.5290 1.7654 4.5800 -43.7855 5.1784 27.0714 -9.3820 0.9585
71 1 Car 0 0 0 10 10 100 100 1.8568 1.8228 4.5282 -22.2588 4.6573 28.8168 -9.3846 0.9865
71 6 Car 0 0 0 10 10 100 100 1.7542 1.8727 4.5282 -22.7651 4.7262 32.6657 -9.3625 0.9709
71 8 Car 0 0 0 10 10 100 100 1.5192 1.6704 4.5140 -4.2535 4.2240 31.5384 -9.3878 0.9902
71 0 Car 0 0 0 10 10 100 100 1.6349 1.7588 4.6523 10.4503 3.7753 26.7319 -9.3466 0.9781
71 3 Car 0 0 0 10 10 100 100 1.5671 1.7213 4.4926 34.2031 3.1296 25.2016 -9.3532 0.9906
72 2 Car 0 0 0 10 10 100 100 1.8568 1.7575 3.9784 -58.8950 5.5121 26.8408 -9.4749 0.7133
72 5 Car 0 0 0 10 10 100 100 1.5673 1.7851 4.7766 -44.1335 5.2260 30.6117 -9.4176 0.9672
72 7 Car 0 0 0 10 10 100 100 1.5620 1.7543 4.6690 -44.7313 5.1689 27.1176 -9.4069 0.9295
72 1 Car 0 0 0 10 10 100 100 1.8797 1.8263 4.4600 -23.3953 4.7012 28.8798 -9.3694 0.9673
72 6 Car 0 0 0 10 10 100 100 1.7689 1.7954 4.4823 -23.7351 4.8048 32.6817 -9.3836 0.9727
72 8 Car 0 0 0 10 10 100 100 1.4926 1.7359 4.6292 -4.9348 4.2237 31.5958 -9.3947 0.9893
72 0 Car 0 0 0 10 10 100 100 1.6485 1.7775 4.4710 9.5065 3.7953 26.7899 -9.3452 0.9633
72 3 Car 0 0 0 10 10 100 100 1.5611 1.7750 4.6743 33.8564 3.1384 25.2767 -9.3608 0.9803
73 5 Car 0 0 0 10 10 100 100 1.5406 1.7138 4.5834 -44.9891 5.2433 30.6026 -9.4239 0.9396
73 7 Car 0 0 0 10 10 100 100 1.6209 1.8197 4.8537 -45.6790 5.2080 27.1429 -9.4040 0.8901
73 1 Car 0 0 0 10 10 100 100 1.8595 1.8379 4.4793 -24.4189 4.7139 28.9175 -9.3809 0.9720
73 6 Car 0 0 0 10 10 100 100 1.7962 1.8515 4.4935 -24.6140 4.8219 32.6988 -9.3753 0.9493
73 8 Car 0 0 0 10 10 100 100 1.5080 1.7539 4.5222 -5.7980 4.2593 31.6417 -9.3898 0.9981
73 0 Car 0 0 0 10 10 100 100 1.6790 1.7699 4.5000 8.6086 3.8253 26.8477 -9.3509 0.9622
73 3 Car 0 0 0 10 10 100 100 1.5912 1.7673 4.3919 33.0873 3.1799 25.2954 -9.3636 0.9871
74 5 Car 0 0 0 10 10 100 100 1.5559 1.6434 4.4246 -45.9369 5.3125 30.6112 -9.3998 0.9498
74 7 Car 0 0 0 10 10 100 100 1.5929 1.7998 4.7324 -46.4907 5.2072 27.1596 -9.4011 0.8938
74 1 Car 0 0 0 10 10 100 100 1.8692 1.8341 4.4897 -25.5021 4.7562 29.0070 -9.3793 0.9735
74 6 Car 0 0 0 10 10 100 100 1.7059 1.8841 4.5148 -25.7417 4.8169 32.8372 -9.3593 0.9633
74 8 Car 0 0 0 10 10 100 100 1.5277 1.7758 4.5877 -6.4992 4.2939 31.6641 -9.3975 0.9939
74 0 Car 0 0 0 10 10 100 100 1.6221 1.7103 4.6427 7.6855 3.7913 26.9083 -9.3417 0.9859
74 3 Car 0 0 0 10 10 100 100 1.5881 1.7323 4.5475 32.5590 3.1827 25.3137 -9.3583 0.9914
75 5 Car 0 0 0 10 10 100 100 1.5701 1.5822 4.2365 -46.8710 5.3964 30.6127 -9.3936 0.9394
75 7 Car 0 0 0 10 10 100 100 1.5859 1.7239 4.3482 -47.0984 5.2648 27.1785 -9.3948 0.8646
75 1 Car 0 0 0 10 10 100 100 1.8839 1.6940 4.4529 -26.6209 4.7821 29.0333 -9.3814 0.9346
75 6 Car 0 0 0 10 10 100 100 1.7601 1.8346 4.4341 -26.7228 4.8726 32.8069 -9.3996 0.9655
75 8 Car 0 0 0 10 10 100 100 1.5603 1.6807 4.6608 -7.2767 4.3300 31.6339 -9.3899 0.9876
75 0 Car 0 0 0 10 10 100 100 1.6178 1.8321 4.5814 6.8988 3.8100 27.0258 -9.3560 0.9590
75 3 Car 0 0 0 10 10 100 100 1.5704 1.8011 4.4606 31.9033 3.1952 25.4442 -9.3676 0.9860
76 5 Car 0 0 0 10 10 100 100 1.5736 1.7213 4.5910 -48.0329 5.4701 30.6311 -9.4244 0.8670
76 7 Car 0 0 0 10 10 100 100 1.6210 1.7939 4.6053 -48.1673 5.3411 27.2169 -9.4093 0.9441
76 1 Car 0 0 0 10 10 100 100 1.8612 1.8369 4.4950 -27.7515 4.7857 29.0917 -9.3747 0.9536
76 6 Car 0 0 0 10 10 100 100 1.7696 1.7857 4.5229 -27.5996 4.8812 32.8329 -9.4015 0.9520
76 8 Car 0 0 0 10 10 100 100 1.5319 1.7286 4.6293 -7.9842 4.3526 31.6593 -9.3951 0.9674
76 0 Car 0 0 0 10 10 100 100 1.6312 1.7127 4.5445 5.8451 3.8446 27.0540 -9.3467 0.9651
76 3 Car 0 0 0 10 10 100 100 1.5624 1.7848 4.4441 31.1641 3.2026 25.4562 -9.3492 0.9823
77 5 Car 0 0 0 10 10 100 100 1.6326 1.7590 4.4500 -48.9795 5.5177 30.6284 -9.4034 0.7648
77 7 Car 0 0 0 10 10 100 100 1.6421 1.8543 4.5486 -49.0194 5.4044 27.2569 -9.3870 0.9211
77 1 Car 0 0 0 10 10 100 100 1.8664 1.8444 4.6632 -28.9562 4.8428 29.2063 -9.3530 0.9431
77 6 Car 0 0 0 10 10 100 100 1.7666 1.8557 4.4957 -28.6223 4.9095 32.9843 -9.3860 0.9422
77 8 Car 0 0 0 10 10 100 100 1.5522 1.7014 4.6139 -8.7092 4.3900 31.6902 -9.3907 0.9847
77 0 Car 0 0 0 10 10 100 100 1.5413 1.7029 4.5792 4.9964 3.8348 27.0622 -9.3584 0.9575
77 3 Car 0 0 0 10 10 100 100 1.5593 1.7977 4.6621 30.5785 3.2238 25.4938 -9.3341 0.9866
78 5 Car 0 0 0 10 10 100 100 1.6695 1.7094 4.3068 -49.9860 5.5828 30.7068 -9.4211 0.7554
78 7 Car 0 0 0 10 10 100 100 1.6609 1.7974 4.6238 -49.8938 5.4396 27.2882 -9.4075 0.9252
78 1 Car 0 0 0 10 10 100 100 1.8496 1.8269 4.4713 -29.9534 4.8557 29.2210 -9.3867 0.9234
78 6 Car 0 0 0 10 10 100 100 1.7468 1.8343 4.5564 -29.6974 4.8961 33.0004 -9.3901 0.9429
78 8 Car 0 0 0 10 10 100 100 1.5404 1.6976 4.5436 -9.4972 4.3844 31.7281 -9.4042 0.9802
78 0 Car 0 0 0 10 10 100 100 1.5759 1.7459 4.5315 4.0242 3.8880 27.1580 -9.3629 0.9469
78 3 Car 0 0 0 10 10 100 100 1.5870 1.7762 4.6777 29.9572 3.2483 25.5429 -9.3521 0.9869
79 5 Car 0 0 0 10 10 100 100 1.7342 1.7629 4.4301 -51.0943 5.6481 30.7450 -9.3946 0.7532
79 7 Car 0 0 0 10 10 100 100 1.6953 1.8485 4.4518 -50.6523 5.4217 27.2946 -9.4261 0.8529
79 1 Car 0 0 0 10 10 100 100 1.8731 1.8006 4.5374 -31.0447 4.8997 29.3060 -9.3688 0.9306
79 6 Car 0 0 0 10 10 100 100 1.7098 1.9085 4.5773 -30.5732 4.9185 33.0397 -9.3783 0.9535
79 8 Car 0 0 0 10 10 100 100 1.5338 1.6511 4.6368 -10.4600 4.4205 31.7453 -9.3992 0.9933
79 0 Car 0 0 0 10 10 100 100 1.6241 1.7281 4.5606 3.1173 3.9755 27.2304 -9.3566 0.9601
79 3 Car 0 0 0 10 10 100 100 1.5531 1.7668 4.5680 29.2070 3.2592 25.5659 -9.3533 0.9854
80 5 Car 0 0 0 10 10 100 100 1.7206 1.7970 4.5490 -52.1703 5.6399 30.7543 -9.4149 0.8951
80 7 Car 0 0 0 10 10 100 100 1.6957 1.8622 4.4389 -51.5165 5.4764 27.3661 -9.3788 0.8561
80 1 Car 0 0 0 10 10 100 100 1.8715 1.8397 4.6095 -32.2060 4.9345 29.3213 -9.3837 0.9360
80 6 Car 0 0 0 10 10 100 100 1.7334 1.8884 4.4177 -31.3819 4.9567 33.0247 -9.3773 0.9756
80 8 Car 0 0 0 10 10 100 100 1.5433 1.7504 4.7699 -11.2819 4.4321 31.8684 -9.3900 0.9935
80 0 Car 0 0 0 10 10 100 100 1.6125 1.7613 4.4062 2.1547 4.0080 27.3129 -9.3440 0.9551
80 3 Car 0 0 0 10 10 100 100 1.5610 1.7791 4.5478 28.4747 3.2667 25.6375 -9.3535 0.9926
81 5 Car 0 0 0 10 10 100 100 1.6089 1.7542 4.7855 -53.3038 5.5961 30.7709 -9.3918 0.6180
81 7 Car 0 0 0 10 10 100 100 1.5230 1.7712 4.5518 -52.4773 5.3577 27.3605 -9.4268 0.8226
81 1 Car 0 0 0 10 10 100 100 1.8423 1.7995 4.4229 -33.2316 4.9540 29.4427 -9.3882 0.8950
81 6 Car 0 0 0 10 10 100 100 1.7408 1.7362 4.3983 -32.5140 4.9839 33.0863 -9.3621 0.9736
81 8 Car 0 0 0 10 10 100 100 1.5677 1.7540 4.7733 -12.0867 4.4921 31.8646 -9.3846 0.9846
81 0 Car 0 0 0 10 10 100 100 1.6319 1.7155 4.1467 0.9778 3.9946 27.3534 -9.3523 0.9462
81 3 Car 0 0 0 10 10 100 100 1.6084 1.7640 4.6869 27.7495 3.3082 25.6922 -9.3613 0.9775
82 5 Car 0 0 0 10 10 100 100 1.8018 1.8269 4.5253 -54.1150 5.8218 30.7995 -9.4107 0.8272
82 7 Car 0 0 0 10 10 100 100 1.6652 1.8291 4.6279 -53.4241 5.5118 27.4016 -9.4222 0.8413
82 1 Car 0 0 0 10 10 100 100 1.8642 1.7972 4.7776 -34.4227 4.9791 29.5111 -9.3490 0.9069
82 6 Car 0 0 0 10 10 100 100 1.7733 1.8193 4.4659 -33.5292 5.0426 33.0978 -9.3830 0.9757
82 8 Car 0 0 0 10 10 100 100 1.5858 1.7335 4.7628 -12.9585 4.5123 31.9033 -9.3911 0.9870
82 0 Car 0 0 0 10 10 100 100 1.5933 1.6946 4.1485 0.1036 4.0266 27.4394 -9.3545 0.9814
82 3 Car 0 0 0 10 10 100 100 1.6022 1.8267 4.4870 27.0150 3.2977 25.7428 -9.3530 0.9528
83 7 Car 0 0 0 10 10 100 100 1.5920 1.7883 4.7221 -54.3398 5.5024 27.4128 -9.4302 0.8310
83 1 Car 0 0 0 10 10 100 100 1.8244 1.7383 4.6401 -35.3773 4.9785 29.5772 -9.3353 0.9681
83 6 Car 0 0 0 10 10 100 100 1.8068 1.7766 4.5693 -34.6591 5.1062 33.1570 -9.3432 0.9650
83 8 Car 0 0 0 10 10 100 100 1.5482 1.7552 4.7340 -13.7858 4.5138 31.9318 -9.3912 0.9795
83 0 Car 0 0 0 10 10 100 100 1.5986 1.7801 4.3260 -0.7117 4.0474 27.4943 -9.3705 0.9624
83 3 Car 0 0 0 10 10 100 100 1.6189 1.7305 4.4683 26.2921 3.3275 25.7747 -9.3513 0.9936
84 7 Car 0 0 0 10 10 100 100 1.5728 1.7840 4.5951 -55.1937 5.5722 27.4412 -9.4492 0.7895
84 1 Car 0 0 0 10 10 100 100 1.9720 1.9459 5.0266 -37.0688 5.0613 29.6914 -9.3868 0.7640
84 6 Car 0 0 0 10 10 100 100 1.7537 1.7790 4.5123 -35.7236 5.0926 33.2143 -9.3649 0.9559
84 8 Car 0 0 0 10 10 100 100 1.5163 1.6931 4.7378 -14.7557 4.5339 31.9593 -9.3763 0.9935
84 0 Car 0 0 0 10 10 100 100 1.6468 1.6839 4.1484 -1.8271 4.0814 27.5030 -9.3595 0.9574
84 3 Car 0 0 0 10 10 100 100 1.5761 1.8206 4.4497 25.5366 3.3526 25.8667 -9.3498 0.9940
85 7 Car 0 0 0 10 10 100 100 1.6733 1.7948 4.6504 -56.1390 5.6639 27.4852 -9.4183 0.8985
85 1 Car 0 0 0 10 10 100 100 1.8485 1.8458 5.0327 -38.3143 5.1148 29.7071 -9.3907 0.8345
85 6 Car 0 0 0 10 10 100 100 1.8038 1.8043 4.7621 -36.9941 5.1485 33.2505 -9.3762 0.9472
85 8 Car 0 0 0 10 10 100 100 1.5549 1.6566 4.6794 -15.6322 4.5435 31.9937 -9.3890 0.9873
85 0 Car 0 0 0 10 10 100 100 1.5911 1.8262 4.0477 -2.6299 4.0945 27.6249 -9.3487 0.9569
85 3 Car 0 0 0 10 10 100 100 1.5721 1.7392 4.3847 24.7572 3.3582 25.9010 -9.3713 0.9928
86 7 Car 0 0 0 10 10 100 100 1.8228 1.8498 4.7872 -57.0178 5.7578 27.4971 -9.3979 0.8507
86 1 Car 0 0 0 10 10 100 100 1.7745 1.8067 4.3847 -39.7966 5.1590 29.7903 -9.4375 0.8623
86 6 Car 0 0 0 10 10 100 100 1.7515 1.8040 4.8653 -38.1275 5.1774 33.3195 -9.3820 0.9569
86 8 Car 0 0 0 10 10 100 100 1.5883 1.6991 4.8294 -16.5867 4.6103 32.0589 -9.3979 0.9851
86 0 Car 0 0 0 10 10 100 100 1.5513 1.6822 4.1544 -3.6751 4.1295 27.6824 -9.3544 0.9681
86 3 Car 0 0 0 10 10 100 100 1.5880 1.8024 4.4716 24.0869 3.3934 25.9632 -9.3667 0.9868
87 7 Car 0 0 0 10 10 100 100 1.8247 1.7446 4.4894 -57.7956 5.7540 27.4730 -9.3987 0.8378
87 1 Car 0 0 0 10 10 100 100 1.8619 1.8288 4.6761 -41.2985 5.1464 29.9236 -9.3899 0.8357
87 6 Car 0 0 0 10 10 100 100 1.8199 1.8419 4.9924 -39.4578 5.1986 33.4401 -9.3754 0.9406
87 8 Car 0 0 0 10 10 100 100 1.6315 1.7559 4.8255 -17.4636 4.6883 32.1437 -9.3801 0.9812
87 0 Car 0 0 0 10 10 100 100 1.5548 1.7535 4.1195 -4.5205 4.1489 27.7257 -9.3579 0.9732
87 3 Car 0 0 0 10 10 100 100 1.5550 1.6859 4.5228 23.2913 3.4163 25.9587 -9.3472 0.9920
88 7 Car 0 0 0 10 10 100 100 1.6917 1.8042 4.4843 -58.6258 5.6917 27.5464 -9.4046 0.8234
88 1 Car 0 0 0 10 10 100 100 1.9844 1.8428 4.9927 -42.4614 5.2741 29.9244 -9.3874 0.7021
88 6 Car 0 0 0 10 10 100 100 1.7995 1.8095 5.0353 -40.3675 5.2272 33.4884 -9.3945 0.9413
88 8 Car 0 0 0 10 10 100 100 1.6263 1.7401 4.7416 -18.3252 4.6866 32.1136 -9.3896 0.9753
88 0 Car 0 0 0 10 10 100 100 1.6140 1.7574 4.1790 -5.5120 4.1871 27.9023 -9.3458 0.9865
88 3 Car 0 0 0 10 10 100 100 1.5365 1.7339 4.3926 22.4664 3.3977 26.0339 -9.3428 0.9872
89 7 Car 0 0 0 10 10 100 100 1.6460 1.8104 4.4621 -59.6018 5.7474 27.5328 -9.4397 0.7784
89 1 Car 0 0 0 10 10 100 100 1.7672 1.8353 4.7789 -43.5441 5.2286 29.9741 -9.4236 0.8406
89 6 Car 0 0 0 10 10 100 100 1.8544 1.8891 5.1888 -41.6913 5.2750 33.5469 -9.3985 0.7748
89 8 Car 0 0 0 10 10 100 100 1.5934 1.7473 4.7259 -19.3512 4.6949 32.1784 -9.3919 0.9798
89 0 Car 0 0 0 10 10 100 100 1.6004 1.7810 4.0093 -6.6056 4.2096 27.9587 -9.3585 0.9743
89 3 Car 0 0 0 10 10 100 100 1.5971 1.7167 4.5385 21.6818 3.4450 26.0792 -9.3450 0.9892
90 7 Car 0 0 0 10 10 100 100 1.7288 1.8041 4.7557 -60.6346 5.7821 27.5135 -9.4235 0.7559
90 1 Car 0 0 0 10 10 100 100 1.8597 1.7470 4.6843 -44.6909 5.3719 30.0500 -9.4179 0.7525
90 6 Car 0 0 0 10 10 100 100 1.7723 1.8175 5.0032 -43.1647 5.3049 33.6333 -9.4036 0.7754
90 8 Car 0 0 0 10 10 100 100 1.5756 1.6470 4.8930 -20.2314 4.7209 32.1879 -9.3833 0.9821
90 0 Car 0 0 0 10 10 100 100 1.6700 1.7451 4.0239 -7.5680 4.2545 27.9760 -9.3618 0.9696
90 3 Car 0 0 0 10 10 100 100 1.5706 1.7179 4.6247 20.8819 3.4600 26.1187 -9.3568 0.9873
91 7 Car 0 0 0 10 10 100 100 1.7026 1.7961 4.3899 -61.3281 5.7751 27.5251 -9.4430 0.6752
91 1 Car 0 0 0 10 10 100 100 1.8415 1.8714 4.5763 -45.7972 5.2356 30.0472 -9.4089 0.8080
91 6 Car 0 0 0 10 10 100 100 1.7186 1.8106 4.7667 -44.5391 5.3357 33.6645 -9.4202 0.9194
91 8 Car 0 0 0 10 10 100 100 1.5667 1.6600 4.9999 -21.0036 4.7361 32.2544 -9.3796 0.9550
91 0 Car 0 0 0 10 10 100 100 1.6502 1.7044 4.0010 -8.4818 4.2547 28.0193 -9.3453 0.9837
91 3 Car 0 0 0 10 10 100 100 1.5846 1.8276 4.5311 20.1242 3.5096 26.2353 -9.3482 0.9800
92 6 Car 0 0 0 10 10 100 100 1.7267 1.7676 4.4443 -45.8620 5.3732 33.7130 -9.3701 0.8432
92 8 Car 0 0 0 10 10 100 100 1.5640 1.7321 4.9240 -22.1465 4.7664 32.2326 -9.3696 0.9630
92 0 Car 0 0 0 10 10 100 100 1.6124 1.7312 4.2271 -9.3957 4.2888 28.0891 -9.3585 0.9624
92 3 Car 0 0 0 10 10 100 100 1.5602 1.7903 4.6048 19.3330 3.5317 26.2766 -9.3583 0.9883
93 1 Car 0 0 0 10 10 100 100 1.7115 1.8042 4.5115 -48.0254 5.6109 30.1009 -9.3932 0.7619
93 6 Car 0 0 0 10 10 100 100 1.8612 1.6939 4.6086 -47.3535 5.5730 33.6557 -9.3651 0.8968
93 8 Car 0 0 0 10 10 100 100 1.6578 1.7191 4.8389 -23.2897 4.8305 32.3050 -9.3852 0.9875
93 0 Car 0 0 0 10 10 100 100 1.5948 1.7138 4.1013 -10.5457 4.2719 28.1644 -9.3566 0.9824
93 3 Car 0 0 0 10 10 100 100 1.5816 1.7252 4.6034 18.5253 3.5592 26.3179 -9.3442 0.9929
94 1 Car 0 0 0 10 10 100 100 1.6416 1.8188 4.4830 -49.2282 5.5091 30.1212 -9.4168 0.6511
94 6 Car 0 0 0 10 10 100 100 1.8686 1.7550 4.6697 -48.5294 5.6313 33.7892 -9.3925 0.9194
94 8 Car 0 0 0 10 10 100 100 1.6302 1.7546 4.7238 -24.1972 4.8369 32.3959 -9.3748 0.9704
94 0 Car 0 0 0 10 10 100 100 1.7026 1.8685 4.1784 -11.6583 4.3980 28.2738 -9.3602 0.9667
94 3 Car 0 0 0 10 10 100 100 1.5868 1.8045 4.5209 17.5710 3.5723 26.4005 -9.3657 0.9808
95 6 Car 0 0 0 10 10 100 100 2.0047 1.8251 4.7690 -49.7588 5.6879 33.8313 -9.3855 0.9323
95 8 Car 0 0 0 10 10 100 100 1.5959 1.6990 4.7902 -25.0777 4.8409 32.4329 -9.3836 0.9532
95 0 Car 0 0 0 10 10 100 100 1.6392 1.6798 3.9808 -12.4769 4.4011 28.2983 -9.3585 0.9905
95 3 Car 0 0 0 10 10 100 100 1.5864 1.7804 4.6094 16.7539 3.6211 26.4765 -9.3611 0.9949
96 6 Car 0 0 0 10 10 100 100 1.8942 1.7775 4.6600 -50.9917 5.6468 33.9013 -9.3956 0.9011
96 8 Car 0 0 0 10 10 100 100 1.5867 1.7054 4.7725 -26.0278 4.8547 32.4522 -9.3708 0.9459
96 0 Car 0 0 0 10 10 100 100 1.6331 1.6857 3.9944 -13.4222 4.4364 28.3409 -9.3631 0.9773
96 3 Car 0 0 0 10 10 100 100 1.5728 1.8230 4.5022 15.8719 3.6156 26.5488 -9.3529 0.9920
97 1 Car 0 0 0 10 10 100 100 1.6260 1.8692 4.3763 -52.5569 5.6300 30.2915 -9.4210 0.6605
97 6 Car 0 0 0 10 10 100 100 1.7639 1.7715 4.4228 -52.1187 5.5568 33.8816 -9.4354 0.7785
97 8 Car 0 0 0 10 10 100 100 1.5768 1.8192 4.9531 -27.3511 4.8947 32.5093 -9.3788 0.9546
97 0 Car 0 0 0 10 10 100 100 1.6153 1.7179 4.1651 -14.4832 4.4655 28.4488 -9.3608 0.9831
97 3 Car 0 0 0 10 10 100 100 1.5635 1.7802 4.6366 14.9816 3.6467 26.6008 -9.3604 0.9739
98 1 Car 0 0 0 10 10 100 100 1.6431 1.9163 4.5540 -53.9189 5.7191 30.3124 -9.4183 0.6850
98 6 Car 0 0 0 10 10 100 100 1.8260 1.8261 4.5792 -53.4916 5.6751 33.9208 -9.4201 0.8209
98 8 Car 0 0 0 10 10 100 100 1.5941 1.7498 4.8366 -28.2581 4.9254 32.5286 -9.3978 0.9543
98 0 Car 0 0 0 10 10 100 100 1.6490 1.7321 3.9349 -15.5529 4.4823 28.4805 -9.3525 0.9932
98 3 Car 0 0 0 10 10 100 100 1.5792 1.8518 4.6665 14.1019 3.6742 26.6728 -9.3521 0.9794
99 6 Car 0 0 0 10 10 100 100 1.7968 1.8361 4.6077 -54.7708 5.7227 34.0093 -9.4096 0.9347
99 8 Car 0 0 0 10 10 100 100 1.6022 1.6771 4.9193 -29.3367 4.9421 32.5752 -9.3951 0.9352
99 0 Car 0 0 0 10 10 100 100 1.5640 1.7416 4.0165 -16.6333 4.4895 28.5299 -9.3558 0.9949
99 3 Car 0 0 0 10 10 100 100 1.5166 1.7962 4.6787 13.2215 3.6767 26.7387 -9.3597 0.9746
100 8 Car 0 0 0 10 10 100 100 1.6217 1.8111 5.2909 -30.4019 4.9805 32.7390 -9.3776 0.9246
100 0 Car 0 0 0 10 10 100 100 1.5991 1.5996 4.0775 -17.4942 4.5436 28.5026 -9.3595 0.9776
100 3 Car 0 0 0 10 10 100 100 1.5112 1.7850 4.7028 12.1280 3.7247 26.8186 -9.3334 0.9589
101 8 Car 0 0 0 10 10 100 100 1.5704 1.8157 5.3334 -31.5294 4.9765 32.7682 -9.3686 0.9108
101 0 Car 0 0 0 10 10 100 100 1.6430 1.7245 4.2615 -18.6389 4.5808 28.6808 -9.3485 0.9381
101 3 Car 0 0 0 10 10 100 100 1.5742 1.7636 5.0316 10.9747 3.7625 26.8915 -9.3535 0.9662
102 8 Car 0 0 0 10 10 100 100 1.5826 1.8797 5.5083 -32.5500 5.0377 32.8963 -9.3650 0.9254
102 0 Car 0 0 0 10 10 100 100 1.6717 1.7332 4.0748 -19.6862 4.6514 28.7118 -9.3652 0.9761
102 3 Car 0 0 0 10 10 100 100 1.5820 1.7790 5.0435 10.0415 3.7589 26.9164 -9.3511 0.9546
103 8 Car 0 0 0 10 10 100 100 1.5885 1.7034 5.3353 -33.7005 5.0858 32.8571 -9.3653 0.9347
103 0 Car 0 0 0 10 10 100 100 1.6409 1.8050 4.1870 -20.7012 4.6553 28.8023 -9.3797 0.9573
103 3 Car 0 0 0 10 10 100 100 1.6074 1.8308 4.8480 9.0663 3.8121 27.0265 -9.3574 0.9514
104 8 Car 0 0 0 10 10 100 100 1.5831 1.6997 5.2493 -34.7666 5.1567 32.9077 -9.3673 0.9153
104 0 Car 0 0 0 10 10 100 100 1.6277 1.6631 4.2499 -21.7494 4.6690 28.7988 -9.3712 0.9629
104 3 Car 0 0 0 10 10 100 100 1.5600 1.8237 5.0171 8.1413 3.8093 27.0812 -9.3550 0.9686
105 8 Car 0 0 0 10 10 100 100 1.5710 1.7218 4.9822 -35.9314 5.1630 32.9531 -9.3769 0.8954
105 0 Car 0 0 0 10 10 100 100 1.6486 1.6943 4.1445 -22.6742 4.6958 28.8749 -9.3632 0.9852
105 3 Car 0 0 0 10 10 100 100 1.5337 1.8291 4.8282 7.1291 3.8119 27.1525 -9.3524 0.9536
106 8 Car 0 0 0 10 10 100 100 1.6076 1.6471 5.2937 -36.9756 5.1907 32.9953 -9.3579 0.8690
106 0 Car 0 0 0 10 10 100 100 1.6221 1.6101 4.1119 -23.7433 4.6919 28.8939 -9.3772 0.9835
106 3 Car 0 0 0 10 10 100 100 1.5582 1.8290 5.0084 6.1862 3.8596 27.2385 -9.3553 0.9377
107 8 Car 0 0 0 10 10 100 100 1.5514 1.7991 5.1411 -37.9916 5.1607 33.0916 -9.3645 0.8872
107 0 Car 0 0 0 10 10 100 100 1.6384 1.7518 3.9974 -24.9418 4.7505 29.0126 -9.3814 0.9651
107 3 Car 0 0 0 10 10 100 100 1.4579 1.7948 4.9428 5.1354 3.8362 27.2907 -9.3768 0.9241
108 8 Car 0 0 0 10 10 100 100 1.5962 1.7993 5.6018 -39.2057 5.2082 33.1779 -9.3785 0.9039
108 0 Car 0 0 0 10 10 100 100 1.6741 1.6989 4.0017 -25.8429 4.7722 29.0401 -9.3689 0.9412
108 3 Car 0 0 0 10 10 100 100 1.4867 1.8683 4.8602 4.2542 3.9022 27.3486 -9.3672 0.9144
109 8 Car 0 0 0 10 10 100 100 1.4683 1.7490 4.9537 -40.0429 5.2309 33.2210 -9.3954 0.8836
109 0 Car 0 0 0 10 10 100 100 1.7155 1.6870 3.9437 -26.9979 4.8175 29.0715 -9.3714 0.9359
109 3 Car 0 0 0 10 10 100 100 1.5574 1.9028 4.9696 3.2880 4.0069 27.4300 -9.3555 0.9581
110 8 Car 0 0 0 10 10 100 100 1.6340 1.7937 5.0341 -42.1473 5.3169 33.2976 -9.3967 0.8445
110 0 Car 0 0 0 10 10 100 100 1.7193 1.6797 4.1574 -28.1153 4.8504 29.1134 -9.3621 0.9259
110 3 Car 0 0 0 10 10 100 100 1.5827 1.7825 4.7128 1.9779 4.0252 27.4549 -9.3842 0.9631
111 8 Car 0 0 0 10 10 100 100 1.6072 1.8778 5.1543 -43.4596 5.3369 33.4745 -9.3775 0.7635
111 0 Car 0 0 0 10 10 100 100 1.6772 1.7179 4.1047 -29.1513 4.8628 29.2025 -9.3625 0.9097
111 3 Car 0 0 0 10 10 100 100 1.5592 1.8045 4.5946 0.6530 4.0127 27.5126 -9.3778 0.9626
112 8 Car 0 0 0 10 10 100 100 1.6230 1.7112 4.9879 -44.6954 5.3868 33.4654 -9.3977 0.8394
112 0 Car 0 0 0 10 10 100 100 1.6776 1.6593 3.9407 -30.1464 4.8880 29.2422 -9.3676 0.8764
112 3 Car 0 0 0 10 10 100 100 1.5777 1.7835 4.6078 -0.2905 4.0407 27.5968 -9.3731 0.9870
113 8 Car 0 0 0 10 10 100 100 1.7344 1.7525 4.6909 -46.1520 5.5517 33.5093 -9.3876 0.9078
113 0 Car 0 0 0 10 10 100 100 1.6791 1.7126 4.1338 -31.1349 4.9144 29.2808 -9.3722 0.8955
113 3 Car 0 0 0 10 10 100 100 1.5341 1.7942 4.4090 -1.3338 4.0823 27.6283 -9.3732 0.9554
114 8 Car 0 0 0 10 10 100 100 1.6951 1.7275 4.9344 -47.5982 5.5752 33.5320 -9.3619 0.9185
114 0 Car 0 0 0 10 10 100 100 1.7078 1.7149 4.3012 -32.3672 4.9764 29.3537 -9.3562 0.9272
114 3 Car 0 0 0 10 10 100 100 1.5465 1.8351 4.4366 -2.2633 4.1092 27.6979 -9.3784 0.9619
115 8 Car 0 0 0 10 10 100 100 1.6503 1.8123 5.0471 -48.7629 5.6386 33.6518 -9.3649 0.8604
115 0 Car 0 0 0 10 10 100 100 1.6893 1.6665 4.1937 -33.3920 5.0080 29.3436 -9.3818 0.9153
115 3 Car 0 0 0 10 10 100 100 1.5127 1.7717 4.5193 -3.3882 4.0813 27.7332 -9.3693 0.9443
116 8 Car 0 0 0 10 10 100 100 1.7417 1.7867 4.9961 -50.1314 5.6065 33.6968 -9.3794 0.9062
116 0 Car 0 0 0 10 10 100 100 1.6381 1.7689 4.3807 -34.5664 5.0068 29.4718 -9.3766 0.9114
116 3 Car 0 0 0 10 10 100 100 1.5281 1.7679 4.4887 -4.5614 4.1430 27.8516 -9.3643 0.9820
117 8 Car 0 0 0 10 10 100 100 1.6930 1.7523 4.9064 -51.3387 5.6415 33.7915 -9.3612 0.7122
117 0 Car 0 0 0 10 10 100 100 1.6487 1.7693 4.2649 -35.4666 5.0310 29.5068 -9.3773 0.9340
117 3 Car 0 0 0 10 10 100 100 1.5549 1.8272 4.3967 -5.5125 4.1845 27.9332 -9.3651 0.9914
118 8 Car 0 0 0 10 10 100 100 1.6467 1.7613 4.9076 -52.6286 5.6954 33.8353 -9.3801 0.8501
118 0 Car 0 0 0 10 10 100 100 1.8155 1.6214 4.5019 -36.9407 5.1721 29.5280 -9.3810 0.8068
118 3 Car 0 0 0 10 10 100 100 1.5477 1.7547 4.4685 -6.5976 4.1896 27.9711 -9.3688 0.9635
119 8 Car 0 0 0 10 10 100 100 1.6471 1.8821 5.1739 -54.0607 5.7436 33.9270 -9.3709 0.8318
119 0 Car 0 0 0 10 10 100 100 1.6446 1.7150 4.5584 -38.1014 5.1272 29.6139 -9.3989 0.8882
119 3 Car 0 0 0 10 10 100 100 1.5985 1.8074 4.5945 -7.7197 4.2608 27.9956 -9.3897 0.9506
120 8 Car 0 0 0 10 10 100 100 1.5839 1.8160 4.5898 -55.0514 5.7329 33.9448 -9.3893 0.7633
120 0 Car 0 0 0 10 10 100 100 1.6817 1.8270 4.1939 -39.7790 5.1779 29.7591 -9.4211 0.9639
120 3 Car 0 0 0 10 10 100 100 1.5422 1.7186 4.4167 -8.6082 4.2757 28.0525 -9.3621 0.9770
121 0 Car 0 0 0 10 10 100 100 1.6658 1.7386 4.1192 -41.0479 5.2243 29.7784 -9.3854 0.9690
121 3 Car 0 0 0 10 10 100 100 1.5522 1.7487 4.4281 -9.7626 4.2952 28.1427 -9.3699 0.9835
122 0 Car 0 0 0 10 10 100 100 1.6875 1.7374 4.2663 -42.1913 5.2097 29.8012 -9.3826 0.9099
122 3 Car 0 0 0 10 10 100 100 1.5886 1.7861 4.5618 -10.9669 4.3722 28.2062 -9.3700 0.9896
123 8 Car 0 0 0 10 10 100 100 1.4997 1.7994 4.8886 -59.2960 5.6629 34.1300 -9.3905 0.6159
123 0 Car 0 0 0 10 10 100 100 1.6888 1.8331 4.4528 -43.5565 5.2450 29.8929 -9.3804 0.9343
123 3 Car 0 0 0 10 10 100 100 1.5800 1.8120 4.5056 -12.0983 4.3972 28.3109 -9.3697 0.9782
124 0 Car 0 0 0 10 10 100 100 1.6911 1.7479 4.4726 -44.5810 5.3013 29.9029 -9.3847 0.9492
124 3 Car 0 0 0 10 10 100 100 1.5682 1.7006 4.4496 -13.1369 4.4158 28.2919 -9.3654 0.9883
125 0 Car 0 0 0 10 10 100 100 1.7049 1.6860 4.2950 -45.7923 5.3137 29.9138 -9.3858 0.9251
125 3 Car 0 0 0 10 10 100 100 1.5679 1.7151 4.5006 -14.1505 4.4456 28.3550 -9.3683 0.9902
126 0 Car 0 0 0 10 10 100 100 1.6965 1.6488 4.2659 -46.9437 5.4243 29.9444 -9.3908 0.9123
126 3 Car 0 0 0 10 10 100 100 1.6203 1.7203 4.5102 -15.3810 4.5018 28.4276 -9.3638 0.9879
127 0 Car 0 0 0 10 10 100 100 1.7646 1.6742 4.1990 -48.0655 5.4683 29.9694 -9.4081 0.8533
127 3 Car 0 0 0 10 10 100 100 1.5455 1.7488 4.5388 -16.4544 4.4901 28.4528 -9.3681 0.9820
128 0 Car 0 0 0 10 10 100 100 1.6753 1.7051 4.1832 -49.3361 5.4070 30.0584 -9.4248 0.8967
128 3 Car 0 0 0 10 10 100 100 1.5304 1.6748 4.4526 -17.3689 4.5312 28.4808 -9.3672 0.9895
129 0 Car 0 0 0 10 10 100 100 1.7982 1.8053 4.4435 -50.7273 5.5401 30.1000 -9.4052 0.8957
129 3 Car 0 0 0 10 10 100 100 1.5738 1.6715 4.4033 -18.6246 4.5775 28.5509 -9.3534 0.9812
130 0 Car 0 0 0 10 10 100 100 1.6635 1.5834 4.0306 -51.7259 5.5353 30.0365 -9.3860 0.9069
130 3 Car 0 0 0 10 10 100 100 1.6271 1.7288 4.4575 -19.8746 4.6431 28.6566 -9.3591 0.9808
131 0 Car 0 0 0 10 10 100 100 1.6660 1.7286 4.2389 -53.0044 5.5069 30.1198 -9.4251 0.8774
131 3 Car 0 0 0 10 10 100 100 1.5442 1.7345 4.7503 -20.9925 4.6169 28.7398 -9.3854 0.9857
132 0 Car 0 0 0 10 10 100 100 1.7160 1.8088 4.3281 -54.2685 5.6788 30.1388 -9.4220 0.8416
132 3 Car 0 0 0 10 10 100 100 1.5796 1.6475 4.4553 -21.9289 4.6528 28.7201 -9.3641 0.9617
133 0 Car 0 0 0 10 10 100 100 1.5963 1.7150 4.0821 -55.4002 5.6498 30.1697 -9.4155 0.7474
133 3 Car 0 0 0 10 10 100 100 1.5854 1.7136 4.4211 -23.0830 4.6921 28.7929 -9.3784 0.9719
134 0 Car 0 0 0 10 10 100 100 1.7244 1.8870 4.4354 -56.8195 5.6784 30.2250 -9.4396 0.6286
134 3 Car 0 0 0 10 10 100 100 1.5577 1.6553 4.2727 -24.2114 4.7181 28.8147 -9.3846 0.9392
135 3 Car 0 0 0 10 10 100 100 1.5697 1.6794 4.3691 -25.3971 4.7355 28.8582 -9.3746 0.9455
136 0 Car 0 0 0 10 10 100 100 1.6962 1.6725 4.1291 -59.2066 5.7903 30.2952 -9.3937 0.7417
136 3 Car 0 0 0 10 10 100 100 1.6227 1.6309 4.4253 -26.4366 4.8225 28.9122 -9.3911 0.9525
137 0 Car 0 0 0 10 10 100 100 1.6900 1.7543 4.2857 -60.5471 5.7707 30.3534 -9.4350 0.8381
137 3 Car 0 0 0 10 10 100 100 1.6901 1.6885 4.4645 -27.5622 4.8602 29.0282 -9.3668 0.9083
138 3 Car 0 0 0 10 10 100 100 1.6574 1.6899 4.2015 -28.8454 4.8553 29.0651 -9.3655 0.9011
139 3 Car 0 0 0 10 10 100 100 1.6306 1.6564 4.3594 -29.8919 4.8778 29.0961 -9.3588 0.8900
140 3 Car 0 0 0 10 10 100 100 1.5714 1.7269 4.2786 -31.0287 4.8912 29.1626 -9.3828 0.8790
141 3 Car 0 0 0 10 10 100 100 1.6352 1.7627 4.3259 -32.3565 4.9342 29.2625 -9.3687 0.8806
142 3 Car 0 0 0 10 10 100 100 1.6641 1.7180 4.2676 -33.4661 4.9898 29.2442 -9.3869 0.8254
143 3 Car 0 0 0 10 10 100 100 1.5593 1.7664 4.2883 -34.4045 4.9591 29.3262 -9.3887 0.8505
144 3 Car 0 0 0 10 10 100 100 1.5892 1.6800 4.4102 -35.4439 5.0159 29.3402 -9.3829 0.8849
145 3 Car 0 0 0 10 10 100 100 1.5580 1.7511 4.9454 -37.1844 5.1015 29.5079 -9.3903 0.9044
146 3 Car 0 0 0 10 10 100 100 1.5266 1.8501 5.1147 -38.5453 5.1699 29.6203 -9.3987 0.8506
147 3 Car 0 0 0 10 10 100 100 1.6046 1.8056 4.6889 -40.2237 5.1888 29.6545 -9.3998 0.9690
148 3 Car 0 0 0 10 10 100 100 1.5351 1.7162 4.6506 -41.4849 5.1420 29.6682 -9.3995 0.9696
149 3 Car 0 0 0 10 10 100 100 1.5404 1.7511 4.6934 -42.7074 5.2107 29.7166 -9.3897 0.9749
