0 47 Car 0 0 0.000000 10.000000 100.000000 10.000000 100.000000 1.511800 1.751700 4.666600 9.431600 3.520400 23.546000 -3.061100 1.627400
0 46 Car 0 0 0.000000 10.000000 100.000000 10.000000 100.000000 1.549500 1.691400 4.427500 -5.184500 4.033800 24.553200 -3.046900 1.874000
0 45 Car 0 0 0.000000 10.000000 100.000000 10.000000 100.000000 1.569400 1.738800 4.491700 21.735200 3.410800 22.664200 -3.069300 2.484000
1 47 Car 0 0 0.000000 10.000000 100.000000 10.000000 100.000000 1.543792 1.745833 4.701892 8.967546 3.614491 23.576197 -3.076317 1.528500
1 46 Car 0 0 0.000000 10.000000 100.000000 10.000000 100.000000 1.564350 1.736500 4.579025 -5.924326 4.074796 24.654090 -3.048917 1.545300
1 45 Car 0 0 0.000000 10.000000 100.000000 10.000000 100.000000 1.540983 1.746500 4.557425 21.512622 3.388602 22.656101 -3.079933 2.198300
2 47 Car 0 0 0.000000 10.000000 100.000000 10.000000 100.000000 1.545900 1.750740 4.737909 8.574681 3.628783 23.662020 -3.066251 1.366900
2 46 Car 0 0 0.000000 10.000000 100.000000 10.000000 100.000000 1.526991 1.749774 4.528540 -6.600810 4.061210 24.698900 -3.058631 1.545100
2 45 Car 0 0 0.000000 10.000000 100.000000 10.000000 100.000000 1.564126 1.752414 4.539140 21.294346 3.381460 22.710399 -3.088191 2.056500
3 47 Car 0 0 0.000000 10.000000 100.000000 10.000000 100.000000 1.543655 1.747223 4.760105 8.201885 3.641993 23.655658 -3.065596 1.826100
3 46 Car 0 0 0.000000 10.000000 100.000000 10.000000 100.000000 1.503111 1.716674 4.492655 -7.356685 4.107277 24.743188 -3.052500 1.190000
3 45 Car 0 0 0.000000 10.000000 100.000000 10.000000 100.000000 1.551761 1.751345 4.463216 20.989153 3.416141 22.698956 -3.084081 2.247900
4 47 Car 0 0 0.000000 10.000000 100.000000 10.000000 100.000000 1.533843 1.759524 4.772603 7.714483 3.671753 23.651253 -3.064237 2.256100
4 46 Car 0 0 0.000000 10.000000 100.000000 10.000000 100.000000 1.498586 1.742496 4.526286 -8.087076 4.128810 24.848103 -3.062525 1.038100
4 45 Car 0 0 0.000000 10.000000 100.000000 10.000000 100.000000 1.566761 1.776690 4.489631 20.745455 3.446262 22.716245 -3.085207 2.594200
5 47 Car 0 0 0.000000 10.000000 100.000000 10.000000 100.000000 1.526646 1.786770 4.772477 7.275125 3.685921 23.749234 -3.073363 1.640100
5 46 Car 0 0 0.000000 10.000000 100.000000 10.000000 100.000000 1.508547 1.726921 4.471526 -8.757343 4.151486 24.881443 -3.060223 1.448000
5 45 Car 0 0 0.000000 10.000000 100.000000 10.000000 100.000000 1.567836 1.774904 4.528494 20.466820 3.446596 22.726166 -3.084399 2.682000
6 47 Car 0 0 0.000000 10.000000 100.000000 10.000000 100.000000 1.510857 1.801436 4.785656 6.773107 3.670112 23.796162 -3.065227 1.849200
6 46 Car 0 0 0.000000 10.000000 100.000000 10.000000 100.000000 1.537134 1.714053 4.394748 -9.447065 4.170434 24.891891 -3.041049 1.478300
6 45 Car 0 0 0.000000 10.000000 100.000000 10.000000 100.000000 1.559285 1.753888 4.587769 20.195008 3.442587 22.734744 -3.093732 2.297900
7 49 Car 0 0 0.000000 10.000000 100.000000 10.000000 100.000000 2.443629 1.762391 4.637409 15.269324 3.495964 26.509340 -3.048843 -0.280800
7 47 Car 0 0 0.000000 10.000000 100.000000 10.000000 100.000000 1.486100 1.819584 4.774188 6.330022 3.669625 23.821349 -3.066879 2.096900
7 46 Car 0 0 0.000000 10.000000 100.000000 10.000000 100.000000 1.560351 1.742635 4.504852 -10.265855 4.216340 24.976862 -3.055481 1.657400
7 45 Car 0 0 0.000000 10.000000 100.000000 10.000000 100.000000 1.542669 1.733315 4.574191 19.897893 3.424200 22.760735 -3.090560 2.037800
8 49 Car 0 0 0.000000 10.000000 100.000000 10.000000 100.000000 2.459514 1.752106 4.561380 14.950873 3.493383 26.508463 -3.058171 -0.362700
8 47 Car 0 0 0.000000 10.000000 100.000000 10.000000 100.000000 1.460390 1.798272 4.720055 5.901753 3.675477 23.824329 -3.086793 1.625100
8 46 Car 0 0 0.000000 10.000000 100.000000 10.000000 100.000000 1.552532 1.766161 4.553027 -11.030467 4.251557 25.056469 -3.058459 1.548000
8 45 Car 0 0 0.000000 10.000000 100.000000 10.000000 100.000000 1.551217 1.758089 4.561589 19.576411 3.427579 22.800598 -3.089781 2.130000
9 49 Car 0 0 0.000000 10.000000 100.000000 10.000000 100.000000 2.459514 1.752106 4.561380 14.609078 3.499954 26.520744 -3.058171 -0.362700
9 47 Car 0 0 0.000000 10.000000 100.000000 10.000000 100.000000 1.455081 1.819117 4.746906 5.404892 3.687812 23.868011 -3.084263 1.555000
9 46 Car 0 0 0.000000 10.000000 100.000000 10.000000 100.000000 1.534589 1.736025 4.580204 -11.790651 4.271885 25.101120 -3.062996 1.506600
9 45 Car 0 0 0.000000 10.000000 100.000000 10.000000 100.000000 1.463569 1.722188 4.463514 19.199723 3.341743 22.797413 -3.078606 2.220500
10 49 Car 0 0 0.000000 10.000000 100.000000 10.000000 100.000000 2.410342 1.734580 4.550606 14.218946 3.464639 26.599042 -3.044218 -0.325200
10 47 Car 0 0 0.000000 10.000000 100.000000 10.000000 100.000000 1.436428 1.818303 4.710067 4.932793 3.688051 23.891065 -3.096585 0.927300
10 46 Car 0 0 0.000000 10.000000 100.000000 10.000000 100.000000 1.509442 1.711597 4.483974 -12.496979 4.302873 25.133316 -3.060526 1.564000
10 45 Car 0 0 0.000000 10.000000 100.000000 10.000000 100.000000 1.511300 1.741293 4.480378 18.928763 3.392091 22.822104 -3.077552 2.397500
11 49 Car 0 0 0.000000 10.000000 100.000000 10.000000 100.000000 2.410342 1.734580 4.550606 13.864179 3.459970 26.629040 -3.044218 -0.325200
11 47 Car 0 0 0.000000 10.000000 100.000000 10.000000 100.000000 1.462986 1.824049 4.694946 4.307495 3.692093 23.938020 -3.098757 1.312800
11 46 Car 0 0 0.000000 10.000000 100.000000 10.000000 100.000000 1.560651 1.725134 4.445548 -13.171910 4.317405 25.195829 -3.069966 1.634300
11 45 Car 0 0 0.000000 10.000000 100.000000 10.000000 100.000000 1.544859 1.761754 4.509563 18.663772 3.433374 22.854748 -3.075542 2.162800
12 47 Car 0 0 0.000000 10.000000 100.000000 10.000000 100.000000 1.496307 1.829766 4.741394 3.800239 3.746470 23.980723 -3.095199 1.019200
12 46 Car 0 0 0.000000 10.000000 100.000000 10.000000 100.000000 1.573536 1.759599 4.500091 -13.906851 4.347081 25.288245 -3.069678 1.730800
12 45 Car 0 0 0.000000 10.000000 100.000000 10.000000 100.000000 1.564044 1.757456 4.503467 18.361071 3.459270 22.877426 -3.080769 2.467600
13 53 Car 0 0 0.000000 10.000000 100.000000 10.000000 100.000000 1.515671 1.731460 4.568746 -58.664095 5.556045 13.008235 -0.073352 -1.116000
13 47 Car 0 0 0.000000 10.000000 100.000000 10.000000 100.000000 1.518119 1.794497 4.758023 3.161051 3.810737 23.991368 -3.108858 1.490300
13 46 Car 0 0 0.000000 10.000000 100.000000 10.000000 100.000000 1.561586 1.764050 4.610539 -14.723724 4.371757 25.341648 -3.058505 1.738100
13 45 Car 0 0 0.000000 10.000000 100.000000 10.000000 100.000000 1.549060 1.742774 4.470052 18.027133 3.448443 22.891566 -3.076277 2.324300
14 53 Car 0 0 0.000000 10.000000 100.000000 10.000000 100.000000 1.568139 1.817051 4.752197 -58.290104 5.637358 12.969406 -0.079815 -0.929000
14 47 Car 0 0 0.000000 10.000000 100.000000 10.000000 100.000000 1.522063 1.794499 4.769442 2.632601 3.861809 24.007503 -3.108390 1.275600
14 46 Car 0 0 0.000000 10.000000 100.000000 10.000000 100.000000 1.552324 1.750237 4.554830 -15.414033 4.394884 25.383674 -3.058255 1.729600
14 45 Car 0 0 0.000000 10.000000 100.000000 10.000000 100.000000 1.517132 1.708180 4.488561 17.700423 3.432583 22.918635 -3.062076 2.227300
15 54 Car 0 0 0.000000 10.000000 100.000000 10.000000 100.000000 2.390063 1.734280 4.500240 12.486072 3.529542 26.716715 -3.055983 0.020400
15 53 Car 0 0 0.000000 10.000000 100.000000 10.000000 100.000000 1.620098 1.817700 4.761358 -57.598210 5.684685 13.035007 -0.078391 -0.864900
15 47 Car 0 0 0.000000 10.000000 100.000000 10.000000 100.000000 1.547425 1.807108 4.797722 2.028398 3.907269 24.069368 -3.100980 1.294400
15 46 Car 0 0 0.000000 10.000000 100.000000 10.000000 100.000000 1.551815 1.715172 4.517359 -16.143530 4.421789 25.405993 -3.055563 1.830900
15 45 Car 0 0 0.000000 10.000000 100.000000 10.000000 100.000000 1.510005 1.715671 4.466398 17.324540 3.447157 22.963010 -3.062524 2.310800
16 54 Car 0 0 0.000000 10.000000 100.000000 10.000000 100.000000 2.390063 1.734280 4.500240 12.167629 3.529009 26.731478 -3.055983 0.020400
16 53 Car 0 0 0.000000 10.000000 100.000000 10.000000 100.000000 1.611383 1.813620 4.773685 -57.136912 5.637984 12.967488 -0.056832 -1.431000
16 47 Car 0 0 0.000000 10.000000 100.000000 10.000000 100.000000 1.560265 1.817671 4.789674 1.360391 3.921482 24.136834 -3.081957 1.228900
16 46 Car 0 0 0.000000 10.000000 100.000000 10.000000 100.000000 1.568987 1.761912 4.541858 -16.888213 4.468278 25.508448 -3.050951 1.605500
16 45 Car 0 0 0.000000 10.000000 100.000000 10.000000 100.000000 1.504810 1.751535 4.449280 16.966057 3.460111 23.003167 -3.053115 2.660700
17 53 Car 0 0 0.000000 10.000000 100.000000 10.000000 100.000000 1.618810 1.754398 4.433951 -56.431173 5.623273 13.120213 0.107951 -1.840900
17 47 Car 0 0 0.000000 10.000000 100.000000 10.000000 100.000000 1.588654 1.824982 4.775846 0.663545 3.954900 24.188475 -3.078522 1.720500
17 46 Car 0 0 0.000000 10.000000 100.000000 10.000000 100.000000 1.587845 1.750039 4.524270 -17.603516 4.497468 25.540109 -3.061055 1.389500
17 45 Car 0 0 0.000000 10.000000 100.000000 10.000000 100.000000 1.451591 1.704666 4.524383 16.567232 3.413348 23.031857 -3.056072 2.218700
18 53 Car 0 0 0.000000 10.000000 100.000000 10.000000 100.000000 1.659038 1.862370 4.557651 -56.066024 5.654053 13.095185 0.046848 -0.696600
18 47 Car 0 0 0.000000 10.000000 100.000000 10.000000 100.000000 1.578423 1.801631 4.739230 0.076340 3.974179 24.196317 -3.087594 1.903300
18 46 Car 0 0 0.000000 10.000000 100.000000 10.000000 100.000000 1.564394 1.749953 4.545116 -18.331621 4.509190 25.615343 -3.067325 1.962200
18 45 Car 0 0 0.000000 10.000000 100.000000 10.000000 100.000000 1.471127 1.701041 4.580758 16.182454 3.442421 23.075467 -3.055348 2.145700
19 53 Car 0 0 0.000000 10.000000 100.000000 10.000000 100.000000 1.692574 1.786061 4.416584 -55.551397 5.680707 13.051443 0.037848 -0.247200
19 47 Car 0 0 0.000000 10.000000 100.000000 10.000000 100.000000 1.589719 1.813478 4.771967 -0.564016 3.986467 24.236018 -3.085064 2.005700
19 46 Car 0 0 0.000000 10.000000 100.000000 10.000000 100.000000 1.566870 1.746645 4.550730 -19.026382 4.529349 25.674083 -3.070709 1.674800
19 45 Car 0 0 0.000000 10.000000 100.000000 10.000000 100.000000 1.466351 1.742609 4.573677 15.805238 3.455886 23.126443 -3.058408 1.924000
20 53 Car 0 0 0.000000 10.000000 100.000000 10.000000 100.000000 1.707794 1.774899 4.427162 -55.105615 5.675218 13.082616 0.022915 -0.141300
20 47 Car 0 0 0.000000 10.000000 100.000000 10.000000 100.000000 1.600152 1.837780 4.757155 -1.212513 4.019006 24.283040 -3.088176 1.616800
20 46 Car 0 0 0.000000 10.000000 100.000000 10.000000 100.000000 1.580362 1.795998 4.568326 -19.700800 4.556999 25.721109 -3.084362 2.295200
20 45 Car 0 0 0.000000 10.000000 100.000000 10.000000 100.000000 1.459336 1.742913 4.598845 15.424866 3.459834 23.165717 -3.062111 2.089800
21 53 Car 0 0 0.000000 10.000000 100.000000 10.000000 100.000000 1.771393 1.798014 4.485899 -54.684746 5.661583 13.105403 0.032661 -0.100600
21 47 Car 0 0 0.000000 10.000000 100.000000 10.000000 100.000000 1.586400 1.845147 4.810025 -1.902861 4.012143 24.346168 -3.091034 1.767400
21 46 Car 0 0 0.000000 10.000000 100.000000 10.000000 100.000000 1.582425 1.777458 4.537902 -20.416250 4.563596 25.768559 -3.069305 1.528400
21 45 Car 0 0 0.000000 10.000000 100.000000 10.000000 100.000000 1.423839 1.761137 4.626011 15.066325 3.423038 23.193756 -3.057407 1.631700
22 53 Car 0 0 0.000000 10.000000 100.000000 10.000000 100.000000 1.675602 1.712531 4.282443 -54.174405 5.618708 13.096415 0.017225 0.331200
22 47 Car 0 0 0.000000 10.000000 100.000000 10.000000 100.000000 1.592518 1.824105 4.788687 -2.528341 4.024286 24.395704 -3.089406 1.770400
22 46 Car 0 0 0.000000 10.000000 100.000000 10.000000 100.000000 1.585685 1.783417 4.545688 -21.127585 4.572650 25.832565 -3.077522 1.627100
22 45 Car 0 0 0.000000 10.000000 100.000000 10.000000 100.000000 1.384446 1.762350 4.621554 14.663561 3.398552 23.228582 -3.062780 1.600000
23 53 Car 0 0 0.000000 10.000000 100.000000 10.000000 100.000000 1.680174 1.711276 4.276483 -53.729583 5.602391 13.116145 0.001935 0.458300
23 47 Car 0 0 0.000000 10.000000 100.000000 10.000000 100.000000 1.587872 1.812359 4.887581 -3.265856 4.014918 24.421910 -3.092925 1.771200
23 46 Car 0 0 0.000000 10.000000 100.000000 10.000000 100.000000 1.579081 1.746448 4.560157 -21.861721 4.599896 25.857973 -3.073120 1.385000
23 45 Car 0 0 0.000000 10.000000 100.000000 10.000000 100.000000 1.323418 1.754408 4.560026 14.231555 3.344433 23.252173 -3.048886 2.084300
24 53 Car 0 0 0.000000 10.000000 100.000000 10.000000 100.000000 1.751511 1.820868 4.450841 -53.357803 5.633166 13.122844 -0.019974 0.484400
24 47 Car 0 0 0.000000 10.000000 100.000000 10.000000 100.000000 1.594008 1.786056 4.875912 -3.861578 4.037737 24.457195 -3.092415 1.913500
24 46 Car 0 0 0.000000 10.000000 100.000000 10.000000 100.000000 1.577733 1.757605 4.532558 -22.571476 4.626603 25.906253 -3.092329 1.531900
24 45 Car 0 0 0.000000 10.000000 100.000000 10.000000 100.000000 1.346027 1.745380 4.559516 13.881368 3.368982 23.253982 -3.046979 2.047100
25 53 Car 0 0 0.000000 10.000000 100.000000 10.000000 100.000000 1.681234 1.731767 4.289262 -52.869572 5.546256 13.112843 -0.018269 0.530800
25 47 Car 0 0 0.000000 10.000000 100.000000 10.000000 100.000000 1.596351 1.805613 4.798712 -4.571675 4.072999 24.523869 -3.083073 1.870200
25 46 Car 0 0 0.000000 10.000000 100.000000 10.000000 100.000000 1.581359 1.760074 4.517998 -23.255311 4.634460 25.924041 -3.080321 1.301800
25 45 Car 0 0 0.000000 10.000000 100.000000 10.000000 100.000000 1.433524 1.730807 4.548752 13.440625 3.430660 23.307597 -3.046189 1.610300
26 53 Car 0 0 0.000000 10.000000 100.000000 10.000000 100.000000 1.679173 1.769364 4.317591 -52.564237 5.515509 13.095588 -0.018483 0.508000
26 47 Car 0 0 0.000000 10.000000 100.000000 10.000000 100.000000 1.603180 1.818955 4.798396 -5.290477 4.113144 24.576271 -3.081977 1.778400
26 46 Car 0 0 0.000000 10.000000 100.000000 10.000000 100.000000 1.578171 1.756814 4.491424 -23.986579 4.645316 25.951436 -3.088713 1.225700
26 45 Car 0 0 0.000000 10.000000 100.000000 10.000000 100.000000 1.451927 1.725858 4.568991 13.070500 3.420321 23.333744 -3.053736 1.262400
27 53 Car 0 0 0.000000 10.000000 100.000000 10.000000 100.000000 1.658424 1.776185 4.372416 -52.187291 5.498797 13.084269 -0.001754 0.286900
27 47 Car 0 0 0.000000 10.000000 100.000000 10.000000 100.000000 1.595405 1.823123 4.814962 -6.026217 4.138027 24.626138 -3.081497 1.616400
27 46 Car 0 0 0.000000 10.000000 100.000000 10.000000 100.000000 1.595247 1.781032 4.511372 -24.696151 4.660161 25.987010 -3.080609 1.478400
27 45 Car 0 0 0.000000 10.000000 100.000000 10.000000 100.000000 1.436645 1.761854 4.616215 12.619108 3.409821 23.387137 -3.035543 0.975700
28 53 Car 0 0 0.000000 10.000000 100.000000 10.000000 100.000000 1.677630 1.768036 4.504233 -51.828455 5.519845 13.113587 0.019963 -0.200700
28 47 Car 0 0 0.000000 10.000000 100.000000 10.000000 100.000000 1.583165 1.841279 4.872648 -6.777503 4.164725 24.663776 -3.092438 1.949800
28 46 Car 0 0 0.000000 10.000000 100.000000 10.000000 100.000000 1.576306 1.777737 4.492539 -25.425839 4.669621 26.049591 -3.083323 1.555500
28 45 Car 0 0 0.000000 10.000000 100.000000 10.000000 100.000000 1.469991 1.762315 4.614228 12.200275 3.473064 23.418235 -3.046085 1.641300
29 53 Car 0 0 0.000000 10.000000 100.000000 10.000000 100.000000 1.672482 1.788285 4.607301 -51.521431 5.523158 13.048848 0.009656 0.172800
29 47 Car 0 0 0.000000 10.000000 100.000000 10.000000 100.000000 1.585659 1.837028 4.913656 -7.509952 4.198045 24.720028 -3.087965 1.831800
29 46 Car 0 0 0.000000 10.000000 100.000000 10.000000 100.000000 1.564992 1.727344 4.505864 -26.124939 4.662559 26.057478 -3.079230 1.298500
29 45 Car 0 0 0.000000 10.000000 100.000000 10.000000 100.000000 1.480070 1.772812 4.625150 11.794277 3.481574 23.460694 -3.049370 0.960000
30 53 Car 0 0 0.000000 10.000000 100.000000 10.000000 100.000000 1.711553 1.809060 4.753589 -51.261595 5.517799 13.049279 0.011466 -0.167700
30 47 Car 0 0 0.000000 10.000000 100.000000 10.000000 100.000000 1.569121 1.835033 4.912880 -8.265557 4.213343 24.759230 -3.080694 1.690400
30 46 Car 0 0 0.000000 10.000000 100.000000 10.000000 100.000000 1.579335 1.721322 4.506566 -26.866725 4.678744 26.078348 -3.084032 1.217900
30 45 Car 0 0 0.000000 10.000000 100.000000 10.000000 100.000000 1.487505 1.781643 4.639519 11.302603 3.510098 23.530248 -3.041230 0.908100
31 53 Car 0 0 0.000000 10.000000 100.000000 10.000000 100.000000 1.611584 1.723487 4.508854 -50.715318 5.458375 13.067885 -0.005703 -0.362700
31 47 Car 0 0 0.000000 10.000000 100.000000 10.000000 100.000000 1.566450 1.852317 4.824946 -8.967334 4.225321 24.808666 -3.083417 2.049600
31 46 Car 0 0 0.000000 10.000000 100.000000 10.000000 100.000000 1.569054 1.749120 4.502632 -27.504586 4.696480 26.146635 -3.080119 1.068300
31 45 Car 0 0 0.000000 10.000000 100.000000 10.000000 100.000000 1.498441 1.778588 4.686972 10.879152 3.522275 23.576768 -3.035773 0.824100
32 53 Car 0 0 0.000000 10.000000 100.000000 10.000000 100.000000 1.640394 1.733136 4.449984 -50.301477 5.417470 13.015301 -0.006390 -0.148200
32 47 Car 0 0 0.000000 10.000000 100.000000 10.000000 100.000000 1.564627 1.835682 4.787403 -9.758502 4.252264 24.831223 -3.070922 1.506100
32 46 Car 0 0 0.000000 10.000000 100.000000 10.000000 100.000000 1.563644 1.778897 4.501809 -28.215678 4.704747 26.237038 -3.100317 1.209000
32 45 Car 0 0 0.000000 10.000000 100.000000 10.000000 100.000000 1.494089 1.797445 4.753243 10.484183 3.527876 23.652157 -3.037891 0.835500
33 53 Car 0 0 0.000000 10.000000 100.000000 10.000000 100.000000 1.646764 1.768465 4.413283 -49.988951 5.394002 13.037828 -0.007765 -0.007700
33 47 Car 0 0 0.000000 10.000000 100.000000 10.000000 100.000000 1.570976 1.922280 4.905569 -10.586616 4.286597 24.918969 -3.060526 2.340300
33 46 Car 0 0 0.000000 10.000000 100.000000 10.000000 100.000000 1.530985 1.772039 4.461507 -28.880571 4.717659 26.280738 -3.108773 1.335400
33 45 Car 0 0 0.000000 10.000000 100.000000 10.000000 100.000000 1.487730 1.796428 4.748952 9.989647 3.518831 23.707019 -3.038515 0.595100
34 53 Car 0 0 0.000000 10.000000 100.000000 10.000000 100.000000 1.620829 1.744445 4.411995 -49.655575 5.366356 13.032227 0.016740 0.265200
34 47 Car 0 0 0.000000 10.000000 100.000000 10.000000 100.000000 1.571794 1.930079 5.021964 -11.462687 4.301373 25.005699 -3.063971 1.800700
34 46 Car 0 0 0.000000 10.000000 100.000000 10.000000 100.000000 1.512638 1.736354 4.453777 -29.556272 4.712891 26.261840 -3.096306 1.161200
34 45 Car 0 0 0.000000 10.000000 100.000000 10.000000 100.000000 1.512309 1.806361 4.757016 9.537795 3.538867 23.728796 -3.041163 0.504600
35 53 Car 0 0 0.000000 10.000000 100.000000 10.000000 100.000000 1.647881 1.783601 4.511996 -49.383249 5.390331 13.061703 0.017015 -0.015000
35 47 Car 0 0 0.000000 10.000000 100.000000 10.000000 100.000000 1.559066 1.896286 4.933793 -12.310152 4.311851 25.051426 -3.087845 1.736600
35 46 Car 0 0 0.000000 10.000000 100.000000 10.000000 100.000000 1.487399 1.723527 4.429626 -30.226921 4.697265 26.289288 -3.089751 1.372900
35 45 Car 0 0 0.000000 10.000000 100.000000 10.000000 100.000000 1.477446 1.770292 4.716772 9.070057 3.566033 23.765838 -3.036860 1.440000
36 53 Car 0 0 0.000000 10.000000 100.000000 10.000000 100.000000 1.578982 1.781808 4.329617 -49.118718 5.331472 13.047764 0.022003 0.169400
36 47 Car 0 0 0.000000 10.000000 100.000000 10.000000 100.000000 1.566874 1.883192 4.864516 -13.082912 4.326736 25.104840 -3.086148 1.864200
36 46 Car 0 0 0.000000 10.000000 100.000000 10.000000 100.000000 1.481219 1.734635 4.516753 -30.918737 4.707435 26.322052 -3.108693 1.087200
36 45 Car 0 0 0.000000 10.000000 100.000000 10.000000 100.000000 1.494661 1.771286 4.708013 8.525665 3.606764 23.833331 -3.052335 1.179000
37 53 Car 0 0 0.000000 10.000000 100.000000 10.000000 100.000000 1.528314 1.745648 4.292710 -48.810336 5.298325 12.996547 0.008086 0.354200
37 47 Car 0 0 0.000000 10.000000 100.000000 10.000000 100.000000 1.576964 1.920773 4.960363 -13.982366 4.364416 25.151705 -3.089456 1.535100
37 46 Car 0 0 0.000000 10.000000 100.000000 10.000000 100.000000 1.487388 1.762919 4.436252 -31.544799 4.687874 26.355627 -3.098871 1.458900
37 45 Car 0 0 0.000000 10.000000 100.000000 10.000000 100.000000 1.520828 1.773396 4.732603 8.051000 3.651656 23.862850 -3.049532 1.414900
38 53 Car 0 0 0.000000 10.000000 100.000000 10.000000 100.000000 1.518232 1.717436 4.273297 -48.558985 5.283010 12.979255 0.013586 0.587600
38 47 Car 0 0 0.000000 10.000000 100.000000 10.000000 100.000000 1.537618 1.932224 4.958223 -14.880741 4.366917 25.199674 -3.096034 2.254700
38 46 Car 0 0 0.000000 10.000000 100.000000 10.000000 100.000000 1.510386 1.774217 4.304517 -32.233456 4.714732 26.376211 -3.104080 1.334300
38 45 Car 0 0 0.000000 10.000000 100.000000 10.000000 100.000000 1.554184 1.833719 4.737051 7.500695 3.696662 23.937219 -3.041169 1.539500
39 53 Car 0 0 0.000000 10.000000 100.000000 10.000000 100.000000 1.503194 1.750170 4.277131 -48.299976 5.298076 13.011724 0.020693 0.386900
39 47 Car 0 0 0.000000 10.000000 100.000000 10.000000 100.000000 1.563935 1.901060 4.948382 -15.767889 4.419407 25.247938 -3.090327 2.018500
39 46 Car 0 0 0.000000 10.000000 100.000000 10.000000 100.000000 1.491421 1.748805 4.428978 -32.969381 4.767269 26.394185 -3.099334 1.189700
39 45 Car 0 0 0.000000 10.000000 100.000000 10.000000 100.000000 1.540103 1.856142 4.762668 6.921010 3.739725 23.997115 -3.048975 1.389400
40 53 Car 0 0 0.000000 10.000000 100.000000 10.000000 100.000000 1.498253 1.736777 4.321425 -48.099653 5.317304 12.988633 0.019823 0.570800
40 47 Car 0 0 0.000000 10.000000 100.000000 10.000000 100.000000 1.584185 1.883780 4.896540 -16.659738 4.474473 25.303437 -3.088333 1.729400
40 46 Car 0 0 0.000000 10.000000 100.000000 10.000000 100.000000 1.502842 1.721485 4.515764 -33.798366 4.828359 26.404956 -3.104257 0.964100
40 45 Car 0 0 0.000000 10.000000 100.000000 10.000000 100.000000 1.503513 1.835597 4.750760 6.383909 3.735017 24.069986 -3.050288 1.387800
41 53 Car 0 0 0.000000 10.000000 100.000000 10.000000 100.000000 1.521644 1.752242 4.411581 -47.905023 5.342980 12.977673 0.006883 0.090500
41 47 Car 0 0 0.000000 10.000000 100.000000 10.000000 100.000000 1.586419 1.877797 4.931929 -17.556838 4.507959 25.344371 -3.098386 1.359400
41 46 Car 0 0 0.000000 10.000000 100.000000 10.000000 100.000000 1.521172 1.717724 4.466900 -34.451515 4.854037 26.431278 -3.124926 0.557900
41 45 Car 0 0 0.000000 10.000000 100.000000 10.000000 100.000000 1.477053 1.829666 4.739104 5.874094 3.727184 24.098289 -3.064572 1.530200
42 61 Car 0 0 0.000000 10.000000 100.000000 10.000000 100.000000 2.370374 1.758286 4.740937 1.377740 3.933750 27.717909 -3.058497 1.043800
42 53 Car 0 0 0.000000 10.000000 100.000000 10.000000 100.000000 1.547203 1.756790 4.343238 -47.615500 5.329780 12.973519 -0.003560 0.223600
42 47 Car 0 0 0.000000 10.000000 100.000000 10.000000 100.000000 1.580165 1.877243 4.973814 -18.479008 4.533126 25.388984 -3.092833 1.738600
42 46 Car 0 0 0.000000 10.000000 100.000000 10.000000 100.000000 1.519582 1.733346 4.421845 -35.235695 4.859459 26.451344 -3.123983 0.862200
42 45 Car 0 0 0.000000 10.000000 100.000000 10.000000 100.000000 1.416329 1.789391 4.667471 5.305298 3.680431 24.118664 -3.072377 1.080400
43 61 Car 0 0 0.000000 10.000000 100.000000 10.000000 100.000000 2.374257 1.746320 4.786129 0.781826 4.008771 27.727411 -3.074963 1.151300
43 53 Car 0 0 0.000000 10.000000 100.000000 10.000000 100.000000 1.527362 1.713101 4.275416 -47.327170 5.321237 12.987764 0.005120 0.647900
43 47 Car 0 0 0.000000 10.000000 100.000000 10.000000 100.000000 1.599655 1.870665 4.956809 -19.394779 4.563223 25.435473 -3.096830 1.677400
43 46 Car 0 0 0.000000 10.000000 100.000000 10.000000 100.000000 1.577688 1.729609 4.412856 -36.040873 4.916161 26.480295 -3.122201 0.552700
43 45 Car 0 0 0.000000 10.000000 100.000000 10.000000 100.000000 1.438375 1.790138 4.685536 4.719950 3.698234 24.165022 -3.072638 1.265800
44 61 Car 0 0 0.000000 10.000000 100.000000 10.000000 100.000000 2.358627 1.741295 4.748299 0.251478 4.016760 27.765596 -3.074677 1.018900
44 53 Car 0 0 0.000000 10.000000 100.000000 10.000000 100.000000 1.517744 1.773977 4.406553 -47.176869 5.298927 12.979577 -0.006953 0.602500
44 47 Car 0 0 0.000000 10.000000 100.000000 10.000000 100.000000 1.586086 1.896830 4.961377 -20.334193 4.586374 25.518010 -3.101879 1.503500
44 46 Car 0 0 0.000000 10.000000 100.000000 10.000000 100.000000 1.587028 1.706798 4.314368 -36.780372 4.917144 26.475816 -3.121768 0.533400
44 45 Car 0 0 0.000000 10.000000 100.000000 10.000000 100.000000 1.453285 1.806925 4.723708 4.044139 3.744948 24.227684 -3.080216 1.430600
45 61 Car 0 0 0.000000 10.000000 100.000000 10.000000 100.000000 2.403426 1.785311 4.849553 -0.217585 4.029993 27.782683 -3.073949 0.806800
45 53 Car 0 0 0.000000 10.000000 100.000000 10.000000 100.000000 1.530325 1.781531 4.369253 -46.993580 5.299168 13.019868 0.009572 0.403400
45 47 Car 0 0 0.000000 10.000000 100.000000 10.000000 100.000000 1.581150 1.922336 4.955025 -21.251011 4.592131 25.562998 -3.106589 2.001900
45 46 Car 0 0 0.000000 10.000000 100.000000 10.000000 100.000000 1.604872 1.701608 4.347329 -37.693202 4.975163 26.464576 -3.107635 0.670600
45 45 Car 0 0 0.000000 10.000000 100.000000 10.000000 100.000000 1.496495 1.824276 4.720180 3.329916 3.812632 24.335945 -3.070071 0.784500
46 61 Car 0 0 0.000000 10.000000 100.000000 10.000000 100.000000 2.417687 1.772449 4.820843 -0.732527 4.001686 27.831670 -3.068851 0.545000
46 53 Car 0 0 0.000000 10.000000 100.000000 10.000000 100.000000 1.564425 1.818779 4.513902 -46.854152 5.306673 13.022150 0.016131 0.274700
46 47 Car 0 0 0.000000 10.000000 100.000000 10.000000 100.000000 1.592367 1.881338 4.946852 -22.155649 4.602680 25.586108 -3.105236 1.370800
46 46 Car 0 0 0.000000 10.000000 100.000000 10.000000 100.000000 1.610884 1.702036 4.364431 -38.517381 5.014334 26.485226 -3.113361 0.781100
46 45 Car 0 0 0.000000 10.000000 100.000000 10.000000 100.000000 1.508241 1.824662 4.687437 2.652966 3.853409 24.384027 -3.071696 0.882000
47 61 Car 0 0 0.000000 10.000000 100.000000 10.000000 100.000000 2.420723 1.768896 4.834784 -1.277158 4.049814 27.853337 -3.055593 1.027000
47 53 Car 0 0 0.000000 10.000000 100.000000 10.000000 100.000000 1.548217 1.800869 4.513715 -46.653453 5.276997 13.006535 0.017524 0.550400
47 47 Car 0 0 0.000000 10.000000 100.000000 10.000000 100.000000 1.615317 1.847570 4.875066 -23.104710 4.636192 25.644841 -3.097983 1.346800
47 46 Car 0 0 0.000000 10.000000 100.000000 10.000000 100.000000 1.593589 1.688540 4.318059 -39.349272 5.061674 26.519490 -3.115857 0.896500
47 45 Car 0 0 0.000000 10.000000 100.000000 10.000000 100.000000 1.544000 1.796379 4.732345 2.118835 3.908210 24.403614 -3.084059 1.336400
48 61 Car 0 0 0.000000 10.000000 100.000000 10.000000 100.000000 2.407916 1.756476 4.763287 -1.713833 4.052810 27.855782 -3.065177 1.468400
48 53 Car 0 0 0.000000 10.000000 100.000000 10.000000 100.000000 1.498393 1.859540 4.296776 -46.468326 5.236997 13.032339 0.008415 1.308200
48 47 Car 0 0 0.000000 10.000000 100.000000 10.000000 100.000000 1.592995 1.818726 4.804075 -24.029686 4.654142 25.652680 -3.104915 1.409200
48 46 Car 0 0 0.000000 10.000000 100.000000 10.000000 100.000000 1.541681 1.665648 4.118892 -40.092488 5.079606 26.526921 -3.122002 0.777400
48 45 Car 0 0 0.000000 10.000000 100.000000 10.000000 100.000000 1.575890 1.803623 4.824342 1.385563 3.957678 24.459380 -3.074196 1.525100
49 61 Car 0 0 0.000000 10.000000 100.000000 10.000000 100.000000 2.409204 1.754884 4.768425 -2.194795 4.062826 27.868384 -3.074956 1.288000
49 53 Car 0 0 0.000000 10.000000 100.000000 10.000000 100.000000 1.510758 1.904323 4.322934 -46.358414 5.240306 13.041339 -0.005385 1.018900
49 47 Car 0 0 0.000000 10.000000 100.000000 10.000000 100.000000 1.581565 1.822109 4.734685 -24.930476 4.667742 25.697915 -3.117390 1.415000
49 46 Car 0 0 0.000000 10.000000 100.000000 10.000000 100.000000 1.544783 1.676249 4.223530 -41.017920 5.087391 26.566550 -3.104510 0.415000
49 45 Car 0 0 0.000000 10.000000 100.000000 10.000000 100.000000 1.596600 1.802187 4.701945 0.579888 4.000786 24.519388 -3.071664 1.931400
50 61 Car 0 0 0.000000 10.000000 100.000000 10.000000 100.000000 2.325396 1.743089 4.689796 -2.763300 4.056433 27.920935 -3.060583 1.207200
50 53 Car 0 0 0.000000 10.000000 100.000000 10.000000 100.000000 1.487113 1.829465 4.182681 -46.155576 5.248919 12.983501 -0.005095 0.952400
50 47 Car 0 0 0.000000 10.000000 100.000000 10.000000 100.000000 1.595739 1.799360 4.810218 -25.877987 4.686180 25.745791 -3.105406 1.498800
50 46 Car 0 0 0.000000 10.000000 100.000000 10.000000 100.000000 1.586325 1.699580 4.302249 -41.958972 5.139487 26.605809 -3.105740 0.513100
50 45 Car 0 0 0.000000 10.000000 100.000000 10.000000 100.000000 1.569592 1.736745 4.659211 -0.163875 3.991006 24.554730 -3.066495 1.440600
51 61 Car 0 0 0.000000 10.000000 100.000000 10.000000 100.000000 2.399501 1.754839 4.739797 -3.283651 4.078631 28.003442 -3.074067 0.974000
51 53 Car 0 0 0.000000 10.000000 100.000000 10.000000 100.000000 1.466030 1.777077 4.116316 -45.950712 5.250026 12.953252 0.006265 0.692400
51 47 Car 0 0 0.000000 10.000000 100.000000 10.000000 100.000000 1.586136 1.773180 4.792408 -26.828088 4.688521 25.742430 -3.117021 0.984800
51 46 Car 0 0 0.000000 10.000000 100.000000 10.000000 100.000000 1.578522 1.695019 4.339610 -42.855364 5.193443 26.641423 -3.120177 0.284900
51 45 Car 0 0 0.000000 10.000000 100.000000 10.000000 100.000000 1.573182 1.753651 4.691280 -0.826690 4.019154 24.627723 -3.065509 1.865400
52 61 Car 0 0 0.000000 10.000000 100.000000 10.000000 100.000000 2.457286 1.760501 4.781825 -3.725128 4.115674 28.023587 -3.075385 1.045200
52 53 Car 0 0 0.000000 10.000000 100.000000 10.000000 100.000000 1.451364 1.856447 4.057840 -45.788895 5.239489 13.011841 0.019503 1.200000
52 47 Car 0 0 0.000000 10.000000 100.000000 10.000000 100.000000 1.571219 1.739633 4.735358 -27.732947 4.709531 25.771328 -3.112311 0.875600
52 46 Car 0 0 0.000000 10.000000 100.000000 10.000000 100.000000 1.546556 1.690866 4.363831 -43.828860 5.187363 26.681428 -3.119759 0.368400
52 45 Car 0 0 0.000000 10.000000 100.000000 10.000000 100.000000 1.584565 1.766413 4.852847 -1.557916 4.042886 24.694368 -3.078606 1.888400
53 61 Car 0 0 0.000000 10.000000 100.000000 10.000000 100.000000 2.422314 1.744493 4.768027 -4.180220 4.123193 28.079633 -3.079164 1.087000
53 53 Car 0 0 0.000000 10.000000 100.000000 10.000000 100.000000 1.494092 1.761488 4.293533 -45.698166 5.297133 12.950007 0.022026 0.034800
53 47 Car 0 0 0.000000 10.000000 100.000000 10.000000 100.000000 1.584495 1.792146 4.716781 -28.641284 4.720358 25.835816 -3.112181 0.805500
53 46 Car 0 0 0.000000 10.000000 100.000000 10.000000 100.000000 1.588115 1.709119 4.417519 -44.800454 5.217063 26.691139 -3.106496 0.450200
53 45 Car 0 0 0.000000 10.000000 100.000000 10.000000 100.000000 1.587059 1.771720 4.808937 -2.236201 4.036923 24.742087 -3.068652 1.670700
54 61 Car 0 0 0.000000 10.000000 100.000000 10.000000 100.000000 2.424036 1.763780 4.801261 -4.686705 4.149503 28.122814 -3.067320 1.218800
54 53 Car 0 0 0.000000 10.000000 100.000000 10.000000 100.000000 1.510969 1.762484 4.359333 -45.577880 5.298693 12.961540 0.044868 0.310700
54 47 Car 0 0 0.000000 10.000000 100.000000 10.000000 100.000000 1.584622 1.793477 4.711478 -29.600671 4.746660 25.881351 -3.107248 0.986300
54 46 Car 0 0 0.000000 10.000000 100.000000 10.000000 100.000000 1.634953 1.719243 4.480917 -45.740721 5.246231 26.722002 -3.102914 0.425300
54 45 Car 0 0 0.000000 10.000000 100.000000 10.000000 100.000000 1.564341 1.762190 4.686729 -2.902892 4.015876 24.796117 -3.075974 1.875200
55 61 Car 0 0 0.000000 10.000000 100.000000 10.000000 100.000000 2.440268 1.762433 4.810185 -5.185288 4.120722 28.152537 -3.071634 1.128900
55 53 Car 0 0 0.000000 10.000000 100.000000 10.000000 100.000000 1.553818 1.851738 4.486257 -45.483029 5.304707 12.987880 0.035546 1.107000
55 47 Car 0 0 0.000000 10.000000 100.000000 10.000000 100.000000 1.580097 1.764011 4.729353 -30.580653 4.753835 25.923892 -3.107218 1.060200
55 46 Car 0 0 0.000000 10.000000 100.000000 10.000000 100.000000 1.682632 1.734606 4.535912 -46.794183 5.301566 26.783643 -3.102596 0.463400
55 45 Car 0 0 0.000000 10.000000 100.000000 10.000000 100.000000 1.565675 1.759909 4.720456 -3.562388 4.040271 24.836485 -3.074569 1.607600
56 61 Car 0 0 0.000000 10.000000 100.000000 10.000000 100.000000 2.432192 1.766121 4.887201 -5.838835 4.137745 28.191021 -3.072787 1.230300
56 53 Car 0 0 0.000000 10.000000 100.000000 10.000000 100.000000 1.556094 1.883172 4.354395 -45.247327 5.305800 13.011808 0.031677 1.059500
56 47 Car 0 0 0.000000 10.000000 100.000000 10.000000 100.000000 1.514896 1.755228 4.575430 -31.387589 4.713990 25.952361 -3.087492 0.910200
56 46 Car 0 0 0.000000 10.000000 100.000000 10.000000 100.000000 1.675629 1.751289 4.542765 -47.759680 5.360719 26.797431 -3.103464 0.389500
56 45 Car 0 0 0.000000 10.000000 100.000000 10.000000 100.000000 1.561241 1.767258 4.675490 -4.176378 4.031243 24.918104 -3.069458 1.751500
57 61 Car 0 0 0.000000 10.000000 100.000000 10.000000 100.000000 2.450923 1.766479 4.901601 -6.406657 4.144735 28.209370 -3.071930 1.003100
57 53 Car 0 0 0.000000 10.000000 100.000000 10.000000 100.000000 1.615800 1.865637 4.525223 -45.147501 5.346344 13.025073 0.025811 0.627800
57 47 Car 0 0 0.000000 10.000000 100.000000 10.000000 100.000000 1.513106 1.762318 4.567439 -32.400952 4.732921 25.995750 -3.093183 1.045000
57 46 Car 0 0 0.000000 10.000000 100.000000 10.000000 100.000000 1.668009 1.739430 4.483826 -48.655695 5.416470 26.785899 -3.120791 0.347600
57 45 Car 0 0 0.000000 10.000000 100.000000 10.000000 100.000000 1.544590 1.777667 4.658562 -4.861843 4.045857 24.966193 -3.072883 1.501400
58 61 Car 0 0 0.000000 10.000000 100.000000 10.000000 100.000000 2.453134 1.757963 4.894925 -6.888782 4.154508 28.240955 -3.086868 0.929500
58 53 Car 0 0 0.000000 10.000000 100.000000 10.000000 100.000000 1.657579 1.808755 4.487385 -45.013570 5.348849 12.956399 0.016154 0.827000
58 47 Car 0 0 0.000000 10.000000 100.000000 10.000000 100.000000 1.577687 1.766386 4.699241 -33.475751 4.814545 26.015309 -3.101166 0.942500
58 46 Car 0 0 0.000000 10.000000 100.000000 10.000000 100.000000 1.689387 1.753564 4.327324 -49.573366 5.441137 26.830981 -3.138287 0.445900
58 45 Car 0 0 0.000000 10.000000 100.000000 10.000000 100.000000 1.531061 1.790543 4.661799 -5.588350 4.069559 25.041799 -3.087294 1.779600
59 61 Car 0 0 0.000000 10.000000 100.000000 10.000000 100.000000 2.481851 1.796242 5.020000 -7.443608 4.192496 28.289718 -3.085219 1.118500
59 53 Car 0 0 0.000000 10.000000 100.000000 10.000000 100.000000 1.680521 1.835915 4.591162 -44.940356 5.382489 12.974619 0.029461 0.586800
59 47 Car 0 0 0.000000 10.000000 100.000000 10.000000 100.000000 1.546175 1.715654 4.602184 -34.420053 4.848568 26.029308 -3.106935 0.772900
59 46 Car 0 0 0.000000 10.000000 100.000000 10.000000 100.000000 1.653858 1.770397 4.292637 -50.606688 5.462727 26.875329 -3.112708 0.217000
59 45 Car 0 0 0.000000 10.000000 100.000000 10.000000 100.000000 1.518230 1.785139 4.712788 -6.325896 4.107608 25.074614 -3.082724 1.809400
60 66 Car 0 0 0.000000 10.000000 100.000000 10.000000 100.000000 1.697578 1.947822 4.546498 75.668630 2.389260 24.343532 -2.914290 -2.111200
60 61 Car 0 0 0.000000 10.000000 100.000000 10.000000 100.000000 2.350364 1.746526 4.909866 -7.876929 4.174889 28.289475 -3.079707 1.483800
60 53 Car 0 0 0.000000 10.000000 100.000000 10.000000 100.000000 1.617098 1.787019 4.322464 -44.730154 5.341520 12.948731 0.029291 0.590900
60 47 Car 0 0 0.000000 10.000000 100.000000 10.000000 100.000000 1.575794 1.744977 4.578091 -35.443187 4.892927 26.098401 -3.095418 0.733700
60 46 Car 0 0 0.000000 10.000000 100.000000 10.000000 100.000000 1.633489 1.774231 4.313504 -51.623551 5.492060 26.878140 -3.130564 -0.047400
60 45 Car 0 0 0.000000 10.000000 100.000000 10.000000 100.000000 1.481933 1.746426 4.606988 -7.011056 4.123899 25.085953 -3.093092 1.659900
61 66 Car 0 0 0.000000 10.000000 100.000000 10.000000 100.000000 1.697578 1.947822 4.546498 75.646267 2.428398 24.234002 -2.914290 -2.111200
61 61 Car 0 0 0.000000 10.000000 100.000000 10.000000 100.000000 2.276099 1.746016 4.898453 -8.408779 4.202177 28.362312 -3.065797 1.944700
61 53 Car 0 0 0.000000 10.000000 100.000000 10.000000 100.000000 1.641017 1.796463 4.500666 -44.674987 5.386900 12.941942 0.024652 0.262400
61 47 Car 0 0 0.000000 10.000000 100.000000 10.000000 100.000000 1.558307 1.704881 4.528777 -36.515390 4.944227 26.100715 -3.093924 0.657100
61 46 Car 0 0 0.000000 10.000000 100.000000 10.000000 100.000000 1.648514 1.741827 4.318569 -52.731743 5.561247 26.843443 -3.136149 -0.010600
61 45 Car 0 0 0.000000 10.000000 100.000000 10.000000 100.000000 1.479564 1.734729 4.642594 -7.732071 4.157037 25.140358 -3.085248 1.381300
62 61 Car 0 0 0.000000 10.000000 100.000000 10.000000 100.000000 2.249091 1.775363 4.904910 -8.917300 4.229948 28.401320 -3.069136 1.758000
62 53 Car 0 0 0.000000 10.000000 100.000000 10.000000 100.000000 1.665604 1.816572 4.599572 -44.687507 5.307385 12.964320 0.036044 0.663500
62 47 Car 0 0 0.000000 10.000000 100.000000 10.000000 100.000000 1.591491 1.700628 4.562289 -37.546568 4.981178 26.144409 -3.092055 0.657300
62 46 Car 0 0 0.000000 10.000000 100.000000 10.000000 100.000000 1.669148 1.739153 4.355114 -53.846631 5.553059 26.876512 -3.138838 0.197800
62 45 Car 0 0 0.000000 10.000000 100.000000 10.000000 100.000000 1.470872 1.713018 4.611202 -8.424752 4.176444 25.149338 -3.087690 1.754900
63 61 Car 0 0 0.000000 10.000000 100.000000 10.000000 100.000000 2.318007 1.791640 4.925484 -9.501550 4.230710 28.451050 -3.085801 1.079300
63 53 Car 0 0 0.000000 10.000000 100.000000 10.000000 100.000000 1.679507 1.824253 4.704655 -44.666050 5.292155 12.967638 0.039902 0.608800
63 47 Car 0 0 0.000000 10.000000 100.000000 10.000000 100.000000 1.592918 1.709820 4.529107 -38.560964 5.017257 26.190544 -3.100550 0.654000
63 46 Car 0 0 0.000000 10.000000 100.000000 10.000000 100.000000 1.677832 1.715820 4.320434 -54.878116 5.574718 26.903524 -3.130965 0.126100
63 45 Car 0 0 0.000000 10.000000 100.000000 10.000000 100.000000 1.478491 1.701573 4.556752 -9.099067 4.181538 25.182059 -3.082381 1.974700
64 61 Car 0 0 0.000000 10.000000 100.000000 10.000000 100.000000 2.355579 1.805830 4.824940 -10.055508 4.242678 28.485729 -3.084750 0.906700
64 53 Car 0 0 0.000000 10.000000 100.000000 10.000000 100.000000 1.701072 1.801847 4.568097 -44.513033 5.295607 13.011009 0.040819 1.147900
64 47 Car 0 0 0.000000 10.000000 100.000000 10.000000 100.000000 1.542784 1.677175 4.285968 -39.479623 5.026922 26.223153 -3.103733 0.450200
64 46 Car 0 0 0.000000 10.000000 100.000000 10.000000 100.000000 1.694005 1.717785 4.344702 -55.988300 5.596232 26.939246 -3.128638 0.029100
64 45 Car 0 0 0.000000 10.000000 100.000000 10.000000 100.000000 1.509275 1.733666 4.631996 -9.939173 4.226077 25.220809 -3.081837 1.568600
65 61 Car 0 0 0.000000 10.000000 100.000000 10.000000 100.000000 2.443291 1.846849 4.865087 -10.680783 4.262192 28.513114 -3.073347 0.727400
65 53 Car 0 0 0.000000 10.000000 100.000000 10.000000 100.000000 1.679520 1.787356 4.578606 -44.459660 5.281874 13.017281 0.039747 0.998000
65 47 Car 0 0 0.000000 10.000000 100.000000 10.000000 100.000000 1.517640 1.696226 4.440187 -40.675629 5.079526 26.299723 -3.103156 0.149000
65 46 Car 0 0 0.000000 10.000000 100.000000 10.000000 100.000000 1.651605 1.710440 4.295938 -57.074247 5.642010 26.945534 -3.119653 0.040000
65 45 Car 0 0 0.000000 10.000000 100.000000 10.000000 100.000000 1.501812 1.792153 4.750599 -10.732979 4.275720 25.277027 -3.085460 1.883700
66 61 Car 0 0 0.000000 10.000000 100.000000 10.000000 100.000000 2.445954 1.851269 4.957738 -11.250300 4.277830 28.548148 -3.083454 1.024900
66 53 Car 0 0 0.000000 10.000000 100.000000 10.000000 100.000000 1.726355 1.790782 4.575821 -44.413326 5.286301 13.015398 0.043912 0.987700
66 47 Car 0 0 0.000000 10.000000 100.000000 10.000000 100.000000 1.543511 1.703997 4.431914 -41.742833 5.143855 26.340115 -3.106521 0.238700
66 46 Car 0 0 0.000000 10.000000 100.000000 10.000000 100.000000 1.650922 1.703184 4.229538 -58.177849 5.721741 26.983157 -3.115232 -0.122500
66 45 Car 0 0 0.000000 10.000000 100.000000 10.000000 100.000000 1.494574 1.788783 4.744543 -11.529330 4.302995 25.329750 -3.087772 1.717300
67 61 Car 0 0 0.000000 10.000000 100.000000 10.000000 100.000000 2.503212 1.877987 4.975823 -11.844327 4.333287 28.577019 -3.075633 0.912400
67 53 Car 0 0 0.000000 10.000000 100.000000 10.000000 100.000000 1.723292 1.792895 4.614126 -44.355428 5.295279 13.018711 0.040249 0.756700
67 47 Car 0 0 0.000000 10.000000 100.000000 10.000000 100.000000 1.570945 1.691638 4.533448 -42.892059 5.179636 26.401971 -3.113863 0.025300
67 46 Car 0 0 0.000000 10.000000 100.000000 10.000000 100.000000 1.634963 1.748187 4.249477 -59.277652 5.748125 26.974569 3.134661 -0.425200
67 45 Car 0 0 0.000000 10.000000 100.000000 10.000000 100.000000 1.501883 1.777978 4.683578 -12.276428 4.329170 25.368842 -3.087913 1.535200
68 61 Car 0 0 0.000000 10.000000 100.000000 10.000000 100.000000 2.427372 1.819591 4.872968 -12.362383 4.317608 28.612193 -3.069000 0.912400
68 53 Car 0 0 0.000000 10.000000 100.000000 10.000000 100.000000 1.736214 1.780908 4.625914 -44.345403 5.294333 12.987567 0.033658 0.767800
68 47 Car 0 0 0.000000 10.000000 100.000000 10.000000 100.000000 1.600336 1.713184 4.549920 -43.976259 5.211633 26.469729 -3.111661 -0.123400
68 46 Car 0 0 0.000000 10.000000 100.000000 10.000000 100.000000 1.667309 1.733486 4.245350 -60.336201 5.837443 27.014599 3.131277 -0.091000
68 45 Car 0 0 0.000000 10.000000 100.000000 10.000000 100.000000 1.512276 1.769092 4.659179 -12.973240 4.341466 25.413987 -3.092787 1.758100
69 69 Car 0 0 0.000000 10.000000 100.000000 10.000000 100.000000 1.588176 1.815497 4.063037 -57.532745 5.530744 13.385763 -0.107188 -0.563800
69 61 Car 0 0 0.000000 10.000000 100.000000 10.000000 100.000000 2.425473 1.845616 4.931577 -12.950534 4.370691 28.697333 -3.059050 0.886300
69 53 Car 0 0 0.000000 10.000000 100.000000 10.000000 100.000000 1.722423 1.793078 4.634805 -44.358584 5.297434 12.989354 0.031141 0.971100
69 47 Car 0 0 0.000000 10.000000 100.000000 10.000000 100.000000 1.588386 1.692552 4.505904 -45.043089 5.236572 26.467508 -3.113230 -0.001300
69 46 Car 0 0 0.000000 10.000000 100.000000 10.000000 100.000000 1.704756 1.741220 4.232897 -61.516262 5.854740 27.032303 3.122444 -0.637300
69 45 Car 0 0 0.000000 10.000000 100.000000 10.000000 100.000000 1.482811 1.763226 4.694791 -13.789644 4.338383 25.438915 -3.092486 2.017800
70 69 Car 0 0 0.000000 10.000000 100.000000 10.000000 100.000000 1.537729 1.750191 3.864096 -56.793170 5.462737 13.147543 0.066388 -1.580600
70 61 Car 0 0 0.000000 10.000000 100.000000 10.000000 100.000000 2.457133 1.884851 4.975286 -13.551546 4.422632 28.744862 -3.060873 0.894200
70 53 Car 0 0 0.000000 10.000000 100.000000 10.000000 100.000000 1.744225 1.806441 4.667063 -44.366650 5.292006 12.997295 0.031848 0.802500
70 47 Car 0 0 0.000000 10.000000 100.000000 10.000000 100.000000 1.564353 1.713656 4.355410 -46.010966 5.213525 26.462314 -3.110369 0.219000
70 46 Car 0 0 0.000000 10.000000 100.000000 10.000000 100.000000 1.729566 1.762221 4.348657 -62.699080 5.893021 27.063314 3.122717 -0.998200
70 45 Car 0 0 0.000000 10.000000 100.000000 10.000000 100.000000 1.497081 1.768896 4.790839 -14.591365 4.367909 25.493806 -3.099911 1.440600
71 69 Car 0 0 0.000000 10.000000 100.000000 10.000000 100.000000 1.629489 1.786710 4.010089 -56.667116 5.546165 13.346044 0.012483 -0.320300
71 61 Car 0 0 0.000000 10.000000 100.000000 10.000000 100.000000 2.462675 1.901012 5.025356 -14.164669 4.463318 28.778289 -3.061137 0.916800
71 53 Car 0 0 0.000000 10.000000 100.000000 10.000000 100.000000 1.731602 1.796713 4.636555 -44.390321 5.296463 12.998025 0.031191 1.059400
71 47 Car 0 0 0.000000 10.000000 100.000000 10.000000 100.000000 1.618089 1.745574 4.402560 -47.162979 5.278191 26.554402 -3.112489 -0.038700
71 46 Car 0 0 0.000000 10.000000 100.000000 10.000000 100.000000 1.699304 1.760848 4.434467 -63.943416 5.909331 27.057321 3.118557 -1.067600
71 45 Car 0 0 0.000000 10.000000 100.000000 10.000000 100.000000 1.467860 1.725451 4.737417 -15.399743 4.395546 25.474682 -3.098545 1.817100
72 69 Car 0 0 0.000000 10.000000 100.000000 10.000000 100.000000 1.609220 1.755611 3.964538 -56.200739 5.507786 13.246042 0.016688 -0.425200
72 61 Car 0 0 0.000000 10.000000 100.000000 10.000000 100.000000 2.463432 1.924552 5.052886 -14.806184 4.487503 28.809692 -3.059754 0.810400
72 53 Car 0 0 0.000000 10.000000 100.000000 10.000000 100.000000 1.721218 1.805728 4.643072 -44.388184 5.304083 12.996069 0.026861 0.838700
72 47 Car 0 0 0.000000 10.000000 100.000000 10.000000 100.000000 1.663707 1.724082 4.516365 -48.345533 5.336430 26.587503 -3.127700 -0.131100
72 46 Car 0 0 0.000000 10.000000 100.000000 10.000000 100.000000 1.732922 1.709892 4.380904 -65.204286 5.961011 27.044289 3.120181 -1.386800
72 45 Car 0 0 0.000000 10.000000 100.000000 10.000000 100.000000 1.505337 1.743775 4.759656 -16.236242 4.450193 25.545256 -3.099753 1.787800
73 69 Car 0 0 0.000000 10.000000 100.000000 10.000000 100.000000 1.659703 1.779893 4.069583 -55.983970 5.573397 13.261672 -0.037888 -0.098000
73 61 Car 0 0 0.000000 10.000000 100.000000 10.000000 100.000000 2.429297 1.914693 5.126935 -15.433963 4.485667 28.852044 -3.065901 -0.255900
73 53 Car 0 0 0.000000 10.000000 100.000000 10.000000 100.000000 1.709711 1.800952 4.682087 -44.456408 5.282780 12.965278 0.010560 0.538600
73 47 Car 0 0 0.000000 10.000000 100.000000 10.000000 100.000000 1.637374 1.731324 4.413669 -49.375463 5.356086 26.629278 -3.141235 -0.342800
73 46 Car 0 0 0.000000 10.000000 100.000000 10.000000 100.000000 1.742859 1.685361 4.300433 -66.359017 5.985780 27.045848 -3.123942 -2.036400
73 45 Car 0 0 0.000000 10.000000 100.000000 10.000000 100.000000 1.531395 1.761219 4.791450 -17.039121 4.481348 25.597380 -3.094838 1.559500
74 69 Car 0 0 0.000000 10.000000 100.000000 10.000000 100.000000 1.586958 1.702519 3.973180 -55.562565 5.513933 13.270904 0.016359 0.011700
74 61 Car 0 0 0.000000 10.000000 100.000000 10.000000 100.000000 2.429297 1.914693 5.126935 -16.003971 4.506721 28.891903 -3.065901 -0.255900
74 53 Car 0 0 0.000000 10.000000 100.000000 10.000000 100.000000 1.718604 1.816927 4.748101 -44.529486 5.277216 12.968837 0.006558 0.840500
74 47 Car 0 0 0.000000 10.000000 100.000000 10.000000 100.000000 1.637885 1.734956 4.471351 -50.622681 5.433480 26.620358 3.129982 -0.262100
74 46 Car 0 0 0.000000 10.000000 100.000000 10.000000 100.000000 1.742859 1.685361 4.300433 -67.435544 6.021811 27.061525 -3.123942 -2.036400
74 45 Car 0 0 0.000000 10.000000 100.000000 10.000000 100.000000 1.525280 1.761887 4.782767 -17.879448 4.506592 25.656474 -3.099635 1.457000
75 69 Car 0 0 0.000000 10.000000 100.000000 10.000000 100.000000 1.608615 1.613140 3.927767 -55.078290 5.571078 13.235512 0.000121 -1.426000
75 61 Car 0 0 0.000000 10.000000 100.000000 10.000000 100.000000 2.402887 1.894654 5.070613 -16.655675 4.526486 28.917780 -3.083412 0.347100
75 53 Car 0 0 0.000000 10.000000 100.000000 10.000000 100.000000 1.731024 1.812151 4.681415 -44.449769 5.303915 12.989657 0.017143 0.976400
75 47 Car 0 0 0.000000 10.000000 100.000000 10.000000 100.000000 1.657857 1.756058 4.420888 -51.787307 5.475162 26.701760 -3.132312 -0.165200
75 45 Car 0 0 0.000000 10.000000 100.000000 10.000000 100.000000 1.529062 1.779385 4.830870 -18.762750 4.525925 25.689837 -3.104249 1.990700
76 69 Car 0 0 0.000000 10.000000 100.000000 10.000000 100.000000 1.597667 1.593832 3.981371 -54.772319 5.563770 13.248196 0.001273 -0.348000
76 61 Car 0 0 0.000000 10.000000 100.000000 10.000000 100.000000 2.449979 1.912023 5.049341 -17.277318 4.548345 28.978932 -3.093277 0.215000
76 53 Car 0 0 0.000000 10.000000 100.000000 10.000000 100.000000 1.706659 1.808102 4.643211 -44.484711 5.263884 13.000471 0.022052 0.691500
76 47 Car 0 0 0.000000 10.000000 100.000000 10.000000 100.000000 1.631926 1.747555 4.418856 -52.797520 5.481981 26.732392 3.141301 -0.210000
76 45 Car 0 0 0.000000 10.000000 100.000000 10.000000 100.000000 1.539654 1.791446 4.874460 -19.550837 4.559869 25.734051 -3.101437 1.868300
77 69 Car 0 0 0.000000 10.000000 100.000000 10.000000 100.000000 1.602322 1.591835 3.902590 -54.189753 5.481509 13.205112 -0.063304 -0.299100
77 61 Car 0 0 0.000000 10.000000 100.000000 10.000000 100.000000 2.468101 1.936320 5.116233 -17.856565 4.606458 29.061243 -3.073011 0.854300
77 53 Car 0 0 0.000000 10.000000 100.000000 10.000000 100.000000 1.715337 1.825838 4.642524 -44.433376 5.308747 13.028003 0.023741 0.771000
77 47 Car 0 0 0.000000 10.000000 100.000000 10.000000 100.000000 1.651007 1.755741 4.418451 -54.016587 5.519213 26.786395 -3.121808 -0.209000
77 45 Car 0 0 0.000000 10.000000 100.000000 10.000000 100.000000 1.545554 1.799885 4.887340 -20.430382 4.569191 25.767123 -3.102527 1.561800
78 69 Car 0 0 0.000000 10.000000 100.000000 10.000000 100.000000 1.590999 1.559243 3.798704 -53.953986 5.443187 13.167108 -0.089206 0.177000
78 61 Car 0 0 0.000000 10.000000 100.000000 10.000000 100.000000 2.485352 1.951086 5.160796 -18.502814 4.612579 29.085880 -3.077271 0.569700
78 53 Car 0 0 0.000000 10.000000 100.000000 10.000000 100.000000 1.721185 1.837001 4.724708 -44.531990 5.289854 12.998883 0.012644 0.952700
78 47 Car 0 0 0.000000 10.000000 100.000000 10.000000 100.000000 1.644143 1.719437 4.411868 -55.086082 5.583183 26.804603 -3.114881 -0.275100
78 45 Car 0 0 0.000000 10.000000 100.000000 10.000000 100.000000 1.536435 1.835987 4.894361 -21.321672 4.596270 25.811125 -3.111163 1.887600
79 69 Car 0 0 0.000000 10.000000 100.000000 10.000000 100.000000 1.602804 1.591910 3.811928 -53.682617 5.430907 13.208661 -0.025430 -0.051700
79 61 Car 0 0 0.000000 10.000000 100.000000 10.000000 100.000000 2.485352 1.951086 5.160796 -19.089620 4.635287 29.128477 -3.077271 0.569700
79 53 Car 0 0 0.000000 10.000000 100.000000 10.000000 100.000000 1.711800 1.809374 4.644173 -44.478537 5.312653 12.978356 0.008961 0.702800
79 47 Car 0 0 0.000000 10.000000 100.000000 10.000000 100.000000 1.642015 1.737584 4.415349 -56.160700 5.589740 26.858791 -3.122309 -0.158300
79 45 Car 0 0 0.000000 10.000000 100.000000 10.000000 100.000000 1.528194 1.803734 4.853595 -22.117051 4.584143 25.823247 -3.110382 1.547600
80 69 Car 0 0 0.000000 10.000000 100.000000 10.000000 100.000000 1.696372 1.686092 3.993983 -53.546259 5.435508 13.260405 -0.001379 0.218300
80 61 Car 0 0 0.000000 10.000000 100.000000 10.000000 100.000000 2.422793 1.921355 5.034887 -19.827584 4.607350 29.146924 -3.103487 -0.423600
80 53 Car 0 0 0.000000 10.000000 100.000000 10.000000 100.000000 1.707412 1.819217 4.716747 -44.552986 5.290163 12.977563 -0.000356 0.817300
80 47 Car 0 0 0.000000 10.000000 100.000000 10.000000 100.000000 1.659620 1.709164 4.366370 -57.295510 5.670151 26.870368 -3.117236 0.002300
80 45 Car 0 0 0.000000 10.000000 100.000000 10.000000 100.000000 1.540558 1.785605 4.781844 -23.015751 4.635142 25.830289 -3.082211 1.163700
81 69 Car 0 0 0.000000 10.000000 100.000000 10.000000 100.000000 1.698367 1.693452 3.937320 -53.197965 5.429013 13.261921 0.003049 -0.036300
81 61 Car 0 0 0.000000 10.000000 100.000000 10.000000 100.000000 2.390522 1.888792 4.902758 -20.479113 4.595473 29.183129 -3.089320 0.014900
81 53 Car 0 0 0.000000 10.000000 100.000000 10.000000 100.000000 1.722670 1.824336 4.634272 -44.457468 5.346198 12.988408 0.015800 0.679900
81 47 Car 0 0 0.000000 10.000000 100.000000 10.000000 100.000000 1.646567 1.734155 4.289567 -58.293826 5.733861 26.937412 3.136491 -0.582200
81 45 Car 0 0 0.000000 10.000000 100.000000 10.000000 100.000000 1.523156 1.762487 4.743499 -23.950252 4.647962 25.851559 -3.086407 1.054300
82 69 Car 0 0 0.000000 10.000000 100.000000 10.000000 100.000000 1.733306 1.716720 3.984711 -52.900228 5.438697 13.290184 0.032613 -0.365000
82 61 Car 0 0 0.000000 10.000000 100.000000 10.000000 100.000000 2.384865 1.904860 4.954631 -21.100054 4.613588 29.217059 -3.092905 0.250800
82 53 Car 0 0 0.000000 10.000000 100.000000 10.000000 100.000000 1.747657 1.826353 4.549990 -44.436034 5.342028 13.002675 0.025680 1.114100
82 47 Car 0 0 0.000000 10.000000 100.000000 10.000000 100.000000 1.671309 1.737829 4.278648 -59.459661 5.743452 26.980337 -3.138787 -0.547600
82 45 Car 0 0 0.000000 10.000000 100.000000 10.000000 100.000000 1.526088 1.741729 4.674280 -24.786651 4.659118 25.870403 -3.099629 1.248700
83 69 Car 0 0 0.000000 10.000000 100.000000 10.000000 100.000000 1.796898 1.777337 4.069251 -52.811130 5.479250 13.245842 0.053115 -0.280000
83 61 Car 0 0 0.000000 10.000000 100.000000 10.000000 100.000000 2.382908 1.923188 5.041304 -21.743970 4.645808 29.248964 -3.098529 -0.102900
83 53 Car 0 0 0.000000 10.000000 100.000000 10.000000 100.000000 1.701887 1.810993 4.504571 -44.416649 5.323342 12.992932 0.021975 0.580200
83 47 Car 0 0 0.000000 10.000000 100.000000 10.000000 100.000000 1.692131 1.723844 4.339000 -60.611200 5.822999 26.980752 3.135985 -0.775400
83 45 Car 0 0 0.000000 10.000000 100.000000 10.000000 100.000000 1.513549 1.750611 4.613107 -25.664428 4.680776 25.936237 -3.104061 1.277100
84 69 Car 0 0 0.000000 10.000000 100.000000 10.000000 100.000000 1.811670 1.835038 4.217486 -52.643352 5.522078 13.260689 0.070834 0.142300
84 61 Car 0 0 0.000000 10.000000 100.000000 10.000000 100.000000 2.382908 1.923188 5.041304 -22.353390 4.663132 29.287835 -3.098529 -0.102900
84 53 Car 0 0 0.000000 10.000000 100.000000 10.000000 100.000000 1.715245 1.814706 4.468990 -44.397427 5.328769 12.996396 0.025999 0.713200
84 47 Car 0 0 0.000000 10.000000 100.000000 10.000000 100.000000 1.680122 1.763247 4.326578 -61.804926 5.798504 27.021493 -3.134963 -0.870700
84 45 Car 0 0 0.000000 10.000000 100.000000 10.000000 100.000000 1.518958 1.726872 4.650370 -26.627262 4.695208 25.931612 -3.106434 1.200300
85 69 Car 0 0 0.000000 10.000000 100.000000 10.000000 100.000000 1.778438 1.787488 4.076583 -52.371659 5.481048 13.241392 0.070928 -0.291000
85 61 Car 0 0 0.000000 10.000000 100.000000 10.000000 100.000000 2.428129 1.973923 5.148254 -22.959108 4.716282 29.312615 -3.086785 -0.368900
85 53 Car 0 0 0.000000 10.000000 100.000000 10.000000 100.000000 1.666454 1.792453 4.354783 -44.403966 5.333324 12.969757 0.021973 0.461700
85 47 Car 0 0 0.000000 10.000000 100.000000 10.000000 100.000000 1.689688 1.772921 4.394081 -63.012255 5.853174 27.054491 3.131265 -1.222100
85 45 Car 0 0 0.000000 10.000000 100.000000 10.000000 100.000000 1.523063 1.723799 4.605519 -27.454145 4.695220 25.971611 -3.104744 0.533600
86 69 Car 0 0 0.000000 10.000000 100.000000 10.000000 100.000000 1.756413 1.786197 4.037843 -52.198238 5.456694 13.255124 0.062249 -0.392400
86 61 Car 0 0 0.000000 10.000000 100.000000 10.000000 100.000000 2.428129 1.973923 5.148254 -23.568206 4.736724 29.350260 -3.086785 -0.368900
86 53 Car 0 0 0.000000 10.000000 100.000000 10.000000 100.000000 1.662527 1.811270 4.390083 -44.427410 5.325262 12.983174 0.022290 0.426200
86 47 Car 0 0 0.000000 10.000000 100.000000 10.000000 100.000000 1.670475 1.787803 4.499467 -64.257532 5.906507 27.060517 3.116939 -1.248100
86 45 Car 0 0 0.000000 10.000000 100.000000 10.000000 100.000000 1.530070 1.736469 4.620773 -28.318969 4.715328 26.029066 -3.118066 0.862400
87 69 Car 0 0 0.000000 10.000000 100.000000 10.000000 100.000000 1.782115 1.816297 4.145231 -52.047118 5.516530 13.256528 0.043669 -0.515700
87 61 Car 0 0 0.000000 10.000000 100.000000 10.000000 100.000000 2.474847 1.977563 5.096428 -24.325408 4.752761 29.410370 -3.078384 0.299300
87 53 Car 0 0 0.000000 10.000000 100.000000 10.000000 100.000000 1.711829 1.817531 4.457212 -44.416864 5.328417 12.984788 0.019506 0.530300
87 47 Car 0 0 0.000000 10.000000 100.000000 10.000000 100.000000 1.677721 1.753686 4.378724 -65.432813 5.927937 27.058377 3.116659 -2.000900
87 45 Car 0 0 0.000000 10.000000 100.000000 10.000000 100.000000 1.498507 1.718874 4.574499 -29.276779 4.711233 26.059936 -3.111845 1.535200
88 69 Car 0 0 0.000000 10.000000 100.000000 10.000000 100.000000 1.770796 1.831688 4.208931 -51.872895 5.503915 13.279539 0.065866 -0.075400
88 61 Car 0 0 0.000000 10.000000 100.000000 10.000000 100.000000 2.474847 1.977563 5.096428 -24.947224 4.772824 29.449943 -3.078384 0.299300
88 53 Car 0 0 0.000000 10.000000 100.000000 10.000000 100.000000 1.673988 1.806140 4.467835 -44.448761 5.307571 12.974777 0.012880 0.473700
88 47 Car 0 0 0.000000 10.000000 100.000000 10.000000 100.000000 1.677721 1.753686 4.378724 -66.556419 5.965009 27.089236 3.116659 -2.000900
88 45 Car 0 0 0.000000 10.000000 100.000000 10.000000 100.000000 1.487687 1.736133 4.515416 -30.109236 4.702876 26.084858 -3.100075 1.114600
89 69 Car 0 0 0.000000 10.000000 100.000000 10.000000 100.000000 1.776979 1.838247 4.270592 -51.770453 5.495246 13.276337 0.021750 -0.011500
89 61 Car 0 0 0.000000 10.000000 100.000000 10.000000 100.000000 2.455414 1.950726 5.051389 -25.604165 4.763107 29.473014 -3.079933 -0.189200
89 53 Car 0 0 0.000000 10.000000 100.000000 10.000000 100.000000 1.665961 1.800491 4.478134 -44.459797 5.301994 12.963233 0.008495 0.381300
89 45 Car 0 0 0.000000 10.000000 100.000000 10.000000 100.000000 1.483245 1.715656 4.405519 -30.986902 4.699633 26.110549 -3.100647 0.982700
90 69 Car 0 0 0.000000 10.000000 100.000000 10.000000 100.000000 1.785274 1.849775 4.216024 -51.668300 5.464578 13.268983 -0.002640 0.060300
90 61 Car 0 0 0.000000 10.000000 100.000000 10.000000 100.000000 2.455414 1.950726 5.051389 -26.228989 4.780621 29.511175 -3.079933 -0.189200
90 53 Car 0 0 0.000000 10.000000 100.000000 10.000000 100.000000 1.713821 1.817925 4.452897 -44.413627 5.292135 13.000567 0.025918 0.836700
90 45 Car 0 0 0.000000 10.000000 100.000000 10.000000 100.000000 1.489707 1.724645 4.263360 -31.777231 4.702577 26.153471 -3.106489 0.599700
91 69 Car 0 0 0.000000 10.000000 100.000000 10.000000 100.000000 1.767120 1.814439 4.174292 -51.504355 5.509269 13.183567 0.074321 -0.775800
91 53 Car 0 0 0.000000 10.000000 100.000000 10.000000 100.000000 1.696132 1.799925 4.426509 -44.430693 5.329121 12.978325 0.024971 0.450800
91 45 Car 0 0 0.000000 10.000000 100.000000 10.000000 100.000000 1.474375 1.721712 4.431366 -32.811612 4.745197 26.212145 -3.103715 1.254000
92 69 Car 0 0 0.000000 10.000000 100.000000 10.000000 100.000000 1.734228 1.811201 4.150750 -51.394474 5.492186 13.206550 0.084311 -0.595200
92 53 Car 0 0 0.000000 10.000000 100.000000 10.000000 100.000000 1.699017 1.800033 4.428296 -44.403544 5.311179 12.978750 0.022755 0.356200
92 45 Car 0 0 0.000000 10.000000 100.000000 10.000000 100.000000 1.500657 1.691112 4.482128 -33.864046 4.821727 26.252657 -3.089058 1.014900
93 69 Car 0 0 0.000000 10.000000 100.000000 10.000000 100.000000 1.748796 1.787344 4.093118 -51.373622 5.473129 13.209702 0.078177 -0.703800
93 53 Car 0 0 0.000000 10.000000 100.000000 10.000000 100.000000 1.669464 1.793647 4.331823 -44.398753 5.308324 12.978674 0.030746 0.431400
93 45 Car 0 0 0.000000 10.000000 100.000000 10.000000 100.000000 1.479114 1.683008 4.378404 -34.729159 4.831274 26.269513 -3.104844 0.439700
94 69 Car 0 0 0.000000 10.000000 100.000000 10.000000 100.000000 1.762395 1.789604 4.085814 -51.383515 5.443128 13.208923 0.076822 -0.518400
94 53 Car 0 0 0.000000 10.000000 100.000000 10.000000 100.000000 1.680673 1.793989 4.362772 -44.381438 5.313518 12.971027 0.027557 0.454900
94 45 Car 0 0 0.000000 10.000000 100.000000 10.000000 100.000000 1.501293 1.697218 4.430564 -35.716268 4.884454 26.319460 -3.108216 0.445600
95 69 Car 0 0 0.000000 10.000000 100.000000 10.000000 100.000000 1.767961 1.797327 4.112010 -51.369883 5.424208 13.167431 0.079828 -0.485000
95 53 Car 0 0 0.000000 10.000000 100.000000 10.000000 100.000000 1.687921 1.805429 4.329045 -44.355180 5.302567 12.971092 0.032395 0.452000
95 45 Car 0 0 0.000000 10.000000 100.000000 10.000000 100.000000 1.492521 1.651843 4.359327 -36.736114 4.916628 26.325175 -3.105672 0.148100
96 69 Car 0 0 0.000000 10.000000 100.000000 10.000000 100.000000 1.764586 1.790079 4.187342 -51.282720 5.450005 13.112427 0.092595 -0.670500
96 53 Car 0 0 0.000000 10.000000 100.000000 10.000000 100.000000 1.718192 1.833594 4.349289 -44.352323 5.292806 13.007005 0.036592 0.648200
96 45 Car 0 0 0.000000 10.000000 100.000000 10.000000 100.000000 1.486328 1.631730 4.342191 -37.776192 4.956693 26.351398 -3.107852 0.656800
97 69 Car 0 0 0.000000 10.000000 100.000000 10.000000 100.000000 1.754953 1.777422 4.192755 -51.239317 5.446507 13.107097 0.083936 -0.589200
97 53 Car 0 0 0.000000 10.000000 100.000000 10.000000 100.000000 1.725984 1.827170 4.338047 -44.336546 5.311212 12.980535 0.031273 0.325700
97 45 Car 0 0 0.000000 10.000000 100.000000 10.000000 100.000000 1.480316 1.638881 4.276314 -38.700983 4.986133 26.390365 -3.107264 0.051100
98 69 Car 0 0 0.000000 10.000000 100.000000 10.000000 100.000000 1.776675 1.827840 4.253906 -51.230066 5.467050 13.146684 0.064437 -0.341900
98 53 Car 0 0 0.000000 10.000000 100.000000 10.000000 100.000000 1.705537 1.811738 4.362554 -44.337462 5.289367 12.982728 0.030292 0.409300
98 45 Car 0 0 0.000000 10.000000 100.000000 10.000000 100.000000 1.521714 1.656877 4.197444 -39.672780 5.001256 26.407011 -3.119647 0.070700
99 69 Car 0 0 0.000000 10.000000 100.000000 10.000000 100.000000 1.795911 1.850806 4.281343 -51.149468 5.471415 13.192788 0.036964 -0.324000
99 53 Car 0 0 0.000000 10.000000 100.000000 10.000000 100.000000 1.652425 1.801579 4.305476 -44.345876 5.269215 12.979848 0.027198 0.267400
99 45 Car 0 0 0.000000 10.000000 100.000000 10.000000 100.000000 1.531409 1.653616 4.346734 -40.763532 5.057376 26.458421 -3.112263 -0.068900
100 69 Car 0 0 0.000000 10.000000 100.000000 10.000000 100.000000 1.785027 1.831396 4.227857 -51.144808 5.469140 13.174787 0.054344 -0.647300
100 53 Car 0 0 0.000000 10.000000 100.000000 10.000000 100.000000 1.687576 1.791580 4.297209 -44.341609 5.281761 12.973017 0.030651 0.571000
100 45 Car 0 0 0.000000 10.000000 100.000000 10.000000 100.000000 1.526150 1.666894 4.318098 -41.756901 5.138634 26.496261 -3.107280 0.246600