0 149 Car 0 0 0.000000 10.000000 100.000000 10.000000 100.000000 1.671900 1.790700 3.660100 61.901400 2.291000 8.940400 -6.347700 -0.799600
0 148 Car 0 0 0.000000 10.000000 100.000000 10.000000 100.000000 1.573200 1.647500 4.358300 11.435100 3.790800 27.081300 -3.049200 0.239200
0 147 Car 0 0 0.000000 10.000000 100.000000 10.000000 100.000000 1.795300 1.797100 4.395400 53.058800 2.616300 5.665100 -6.299200 0.344100
0 146 Car 0 0 0.000000 10.000000 100.000000 10.000000 100.000000 1.438200 1.733500 4.484900 -2.754100 3.913200 24.540800 -3.091300 1.121700
0 145 Car 0 0 0.000000 10.000000 100.000000 10.000000 100.000000 1.597600 1.765000 4.508300 4.218000 4.070100 30.991800 -3.106000 1.795000
0 144 Car 0 0 0.000000 10.000000 100.000000 10.000000 100.000000 1.718300 1.590300 4.355200 20.718900 3.164700 22.686100 -3.071000 2.190100
1 149 Car 0 0 0.000000 10.000000 100.000000 10.000000 100.000000 1.605717 1.854408 4.141350 63.102680 2.218807 8.774617 0.010377 -0.983100
1 148 Car 0 0 0.000000 10.000000 100.000000 10.000000 100.000000 1.544233 1.673533 4.393958 11.437200 3.752404 27.099598 -3.039942 0.173600
1 147 Car 0 0 0.000000 10.000000 100.000000 10.000000 100.000000 1.835267 1.860992 4.743458 54.214685 2.627799 5.630903 0.006077 1.022400
1 146 Car 0 0 0.000000 10.000000 100.000000 10.000000 100.000000 1.466708 1.743583 4.618367 -3.387337 3.952396 24.586695 -3.071317 1.563900
1 145 Car 0 0 0.000000 10.000000 100.000000 10.000000 100.000000 1.603650 1.771967 4.483550 3.989623 4.059601 31.027796 -3.091425 1.690200
1 144 Car 0 0 0.000000 10.000000 100.000000 10.000000 100.000000 1.730308 1.594700 4.343283 20.715600 3.152801 22.691199 -3.069992 2.349000
2 149 Car 0 0 0.000000 10.000000 100.000000 10.000000 100.000000 1.589343 1.878323 4.103597 64.366413 2.184158 8.686834 0.017545 -0.757000
2 148 Car 0 0 0.000000 10.000000 100.000000 10.000000 100.000000 1.522263 1.724966 4.178443 11.171824 3.754661 27.152721 -3.036826 -0.042900
2 147 Car 0 0 0.000000 10.000000 100.000000 10.000000 100.000000 1.777329 1.822620 4.401180 55.068790 2.540008 5.642631 0.004111 0.371400
2 146 Car 0 0 0.000000 10.000000 100.000000 10.000000 100.000000 1.489637 1.737680 4.599726 -3.962300 3.975503 24.635326 -3.076563 1.903500
2 145 Car 0 0 0.000000 10.000000 100.000000 10.000000 100.000000 1.604603 1.700951 4.426411 3.710960 4.078841 30.969964 -3.101331 1.808300
2 144 Car 0 0 0.000000 10.000000 100.000000 10.000000 100.000000 1.730237 1.592531 4.340074 20.708347 3.154265 22.683971 -3.066646 2.246800
3 149 Car 0 0 0.000000 10.000000 100.000000 10.000000 100.000000 1.589378 1.867956 4.151995 65.696384 2.159439 8.741713 -0.085021 -0.790300
3 148 Car 0 0 0.000000 10.000000 100.000000 10.000000 100.000000 1.515551 1.712826 3.940055 10.848258 3.764717 27.102395 -3.028266 -0.033500
3 147 Car 0 0 0.000000 10.000000 100.000000 10.000000 100.000000 1.814855 1.825726 4.498982 56.141423 2.543315 5.617416 -0.001393 0.717400
3 146 Car 0 0 0.000000 10.000000 100.000000 10.000000 100.000000 1.511068 1.767191 4.579503 -4.652793 4.033877 24.708055 -3.067917 1.956400
3 145 Car 0 0 0.000000 10.000000 100.000000 10.000000 100.000000 1.590756 1.730792 4.443804 3.462295 4.060227 31.005347 -3.113161 1.729500
3 144 Car 0 0 0.000000 10.000000 100.000000 10.000000 100.000000 1.731586 1.589331 4.336161 20.708667 3.156169 22.685954 -3.067615 2.305000
4 149 Car 0 0 0.000000 10.000000 100.000000 10.000000 100.000000 1.581161 1.936057 4.202620 66.983896 2.161316 8.670597 -0.103273 -1.583500
4 148 Car 0 0 0.000000 10.000000 100.000000 10.000000 100.000000 1.508774 1.748270 3.903694 10.746284 3.778690 27.130405 -3.027235 0.026800
4 147 Car 0 0 0.000000 10.000000 100.000000 10.000000 100.000000 1.816368 1.763763 4.361298 57.134964 2.464582 5.652397 0.019325 -0.309800
4 146 Car 0 0 0.000000 10.000000 100.000000 10.000000 100.000000 1.531572 1.766392 4.670534 -5.417524 4.058069 24.774648 -3.061532 1.778300
4 145 Car 0 0 0.000000 10.000000 100.000000 10.000000 100.000000 1.592021 1.734263 4.496775 3.174863 4.085353 31.041594 -3.105016 1.841500
4 144 Car 0 0 0.000000 10.000000 100.000000 10.000000 100.000000 1.730976 1.588631 4.335009 20.704440 3.165432 22.685764 -3.062222 2.317600
5 149 Car 0 0 0.000000 10.000000 100.000000 10.000000 100.000000 1.583781 1.944243 4.259045 68.236453 2.118553 8.649628 -0.103052 -1.164700
5 148 Car 0 0 0.000000 10.000000 100.000000 10.000000 100.000000 1.518433 1.862400 3.964277 10.669717 3.803214 27.214427 -3.048540 0.530600
5 147 Car 0 0 0.000000 10.000000 100.000000 10.000000 100.000000 1.829925 1.771327 4.329959 58.145052 2.397644 5.613836 -0.040537 0.110000
5 146 Car 0 0 0.000000 10.000000 100.000000 10.000000 100.000000 1.481024 1.756816 4.640162 -6.233993 4.065159 24.828393 -3.059349 1.430600
5 145 Car 0 0 0.000000 10.000000 100.000000 10.000000 100.000000 1.584096 1.736140 4.519168 2.873179 4.074767 31.070926 -3.102348 1.869100
5 144 Car 0 0 0.000000 10.000000 100.000000 10.000000 100.000000 1.725056 1.580143 4.324557 20.701292 3.163173 22.678292 -3.062826 2.223800
6 149 Car 0 0 0.000000 10.000000 100.000000 10.000000 100.000000 1.605919 1.890817 4.250983 69.552015 2.158617 8.663372 -0.127256 -0.980100
6 148 Car 0 0 0.000000 10.000000 100.000000 10.000000 100.000000 1.528301 1.786750 3.899210 10.415944 3.796727 27.188215 -3.048206 1.053700
6 147 Car 0 0 0.000000 10.000000 100.000000 10.000000 100.000000 1.828859 1.817973 4.472013 59.244276 2.401064 5.577683 0.010095 -0.135600
6 146 Car 0 0 0.000000 10.000000 100.000000 10.000000 100.000000 1.467350 1.751305 4.577515 -7.042260 4.077634 24.882566 -3.074770 1.197600
6 145 Car 0 0 0.000000 10.000000 100.000000 10.000000 100.000000 1.593802 1.730367 4.555962 2.498150 4.102522 31.082140 -3.106150 1.780600
6 144 Car 0 0 0.000000 10.000000 100.000000 10.000000 100.000000 1.723415 1.585061 4.373780 20.689409 3.174194 22.681940 -3.062748 2.245300
7 149 Car 0 0 0.000000 10.000000 100.000000 10.000000 100.000000 1.658688 1.934440 4.339558 70.871117 2.150089 8.638473 -0.135760 -1.308800
7 148 Car 0 0 0.000000 10.000000 100.000000 10.000000 100.000000 1.518103 1.819228 3.840429 10.297470 3.781143 27.211478 -3.057226 1.166200
7 147 Car 0 0 0.000000 10.000000 100.000000 10.000000 100.000000 1.793903 1.709833 4.116634 60.165555 2.361300 5.551646 0.026838 -0.158100
7 146 Car 0 0 0.000000 10.000000 100.000000 10.000000 100.000000 1.474118 1.731278 4.610138 -7.861631 4.121105 24.935512 -3.069535 1.263200
7 145 Car 0 0 0.000000 10.000000 100.000000 10.000000 100.000000 1.593615 1.739844 4.499311 2.083052 4.104503 31.078943 -3.107293 1.725800
7 144 Car 0 0 0.000000 10.000000 100.000000 10.000000 100.000000 1.728164 1.578163 4.362050 20.682442 3.164604 22.674328 -3.066179 2.242100
8 149 Car 0 0 0.000000 10.000000 100.000000 10.000000 100.000000 1.713762 1.934477 4.228214 72.144145 2.106043 8.679252 -0.124793 -2.122400
8 148 Car 0 0 0.000000 10.000000 100.000000 10.000000 100.000000 1.532192 1.842881 3.832686 10.101463 3.776430 27.208149 -3.049855 1.357600
8 147 Car 0 0 0.000000 10.000000 100.000000 10.000000 100.000000 1.816089 1.849241 4.440834 61.522113 2.378789 5.532705 0.026867 -0.384500
8 146 Car 0 0 0.000000 10.000000 100.000000 10.000000 100.000000 1.481400 1.734938 4.561784 -8.635344 4.143995 24.989268 -3.079958 1.390200
8 145 Car 0 0 0.000000 10.000000 100.000000 10.000000 100.000000 1.589403 1.782585 4.493557 1.752558 4.097391 31.113844 -3.110697 1.759700
8 144 Car 0 0 0.000000 10.000000 100.000000 10.000000 100.000000 1.726765 1.579607 4.366592 20.681348 3.161220 22.677159 -3.062855 2.235900
9 149 Car 0 0 0.000000 10.000000 100.000000 10.000000 100.000000 1.713762 1.934477 4.228214 73.434437 2.089495 8.665834 -0.124793 -2.122400
9 148 Car 0 0 0.000000 10.000000 100.000000 10.000000 100.000000 1.529663 1.850618 3.921321 9.956579 3.790524 27.200099 -3.064098 1.534700
9 147 Car 0 0 0.000000 10.000000 100.000000 10.000000 100.000000 1.795886 1.823382 4.373509 62.449221 2.333649 5.509452 0.028176 -0.803300
9 146 Car 0 0 0.000000 10.000000 100.000000 10.000000 100.000000 1.506492 1.728796 4.383800 -9.350682 4.152707 25.025185 -3.074298 1.714300
9 145 Car 0 0 0.000000 10.000000 100.000000 10.000000 100.000000 1.593789 1.776970 4.457305 1.371155 4.111143 31.118149 -3.104457 1.894900
9 144 Car 0 0 0.000000 10.000000 100.000000 10.000000 100.000000 1.725180 1.589244 4.366906 20.662395 3.165628 22.683646 -3.072957 2.285700
10 149 Car 0 0 0.000000 10.000000 100.000000 10.000000 100.000000 1.780868 1.911049 4.318148 74.928317 2.110698 8.401916 -0.067861 -1.680200
10 148 Car 0 0 0.000000 10.000000 100.000000 10.000000 100.000000 1.534259 1.829223 4.118522 9.813701 3.794479 27.198990 -3.067127 1.561400
10 147 Car 0 0 0.000000 10.000000 100.000000 10.000000 100.000000 1.830257 1.808560 4.311144 63.489686 2.314014 5.492074 0.041593 -0.850600
10 146 Car 0 0 0.000000 10.000000 100.000000 10.000000 100.000000 1.512986 1.778365 4.562536 -10.349218 4.223886 25.121174 -3.073743 1.525000
10 145 Car 0 0 0.000000 10.000000 100.000000 10.000000 100.000000 1.590459 1.770685 4.547040 0.973309 4.120113 31.141094 -3.101888 1.724400
10 144 Car 0 0 0.000000 10.000000 100.000000 10.000000 100.000000 1.732485 1.592245 4.387297 20.654149 3.167959 22.686698 -3.070573 2.264200
11 149 Car 0 0 0.000000 10.000000 100.000000 10.000000 100.000000 1.780868 1.911049 4.318148 76.245305 2.099100 8.355650 -0.067861 -1.680200
11 148 Car 0 0 0.000000 10.000000 100.000000 10.000000 100.000000 1.523407 1.885264 4.341681 9.676926 3.788050 27.244727 -3.074651 1.561300
11 147 Car 0 0 0.000000 10.000000 100.000000 10.000000 100.000000 1.842644 1.778981 4.427122 64.612700 2.265993 5.394357 0.059573 -0.802000
11 146 Car 0 0 0.000000 10.000000 100.000000 10.000000 100.000000 1.512068 1.770476 4.659359 -11.329960 4.262849 25.187032 -3.067598 1.301200
11 145 Car 0 0 0.000000 10.000000 100.000000 10.000000 100.000000 1.582264 1.765935 4.601711 0.549631 4.112247 31.147508 -3.093552 1.586800
11 144 Car 0 0 0.000000 10.000000 100.000000 10.000000 100.000000 1.751901 1.590301 4.431488 20.667132 3.174588 22.688446 -3.060639 2.030500
12 148 Car 0 0 0.000000 10.000000 100.000000 10.000000 100.000000 1.520313 1.866993 4.460479 9.514998 3.799086 27.247689 -3.083334 1.599300
12 147 Car 0 0 0.000000 10.000000 100.000000 10.000000 100.000000 1.974196 1.799635 4.582297 65.664612 2.351773 5.281038 0.074290 -0.847300
12 146 Car 0 0 0.000000 10.000000 100.000000 10.000000 100.000000 1.536376 1.770614 4.639669 -12.278221 4.304399 25.257203 -3.077302 1.454400
12 145 Car 0 0 0.000000 10.000000 100.000000 10.000000 100.000000 1.563066 1.782291 4.710046 0.163881 4.151049 31.154448 -3.102543 1.420600
12 144 Car 0 0 0.000000 10.000000 100.000000 10.000000 100.000000 1.753693 1.592587 4.460667 20.662781 3.175408 22.691422 -3.062469 2.062600
13 148 Car 0 0 0.000000 10.000000 100.000000 10.000000 100.000000 1.526485 1.882139 4.581812 9.351670 3.807889 27.265515 -3.086897 1.646900
13 147 Car 0 0 0.000000 10.000000 100.000000 10.000000 100.000000 2.007881 1.843185 4.770057 66.765918 2.323201 5.254210 0.045857 -0.575800
13 146 Car 0 0 0.000000 10.000000 100.000000 10.000000 100.000000 1.550420 1.781112 4.567069 -13.187384 4.328444 25.315022 -3.082060 1.613100
13 145 Car 0 0 0.000000 10.000000 100.000000 10.000000 100.000000 1.571925 1.738849 4.768545 -0.231580 4.184788 31.167130 -3.095594 1.313000
13 144 Car 0 0 0.000000 10.000000 100.000000 10.000000 100.000000 1.763957 1.600753 4.475088 20.667351 3.181736 22.705114 -3.062488 2.091400
14 148 Car 0 0 0.000000 10.000000 100.000000 10.000000 100.000000 1.512218 1.883845 4.606773 9.148756 3.800163 27.278878 -3.083500 1.881200
14 147 Car 0 0 0.000000 10.000000 100.000000 10.000000 100.000000 1.994358 1.881760 4.784669 67.980772 2.326268 5.272828 0.040189 -1.131500
14 146 Car 0 0 0.000000 10.000000 100.000000 10.000000 100.000000 1.552324 1.826159 4.748481 -14.185917 4.368661 25.422112 -3.081528 1.836100
14 145 Car 0 0 0.000000 10.000000 100.000000 10.000000 100.000000 1.549104 1.764900 4.752634 -0.703347 4.185297 31.187068 -3.103076 1.306600
14 144 Car 0 0 0.000000 10.000000 100.000000 10.000000 100.000000 1.766641 1.600473 4.508036 20.667571 3.196857 22.703747 -3.061507 2.024700
15 148 Car 0 0 0.000000 10.000000 100.000000 10.000000 100.000000 1.508560 1.910084 4.632685 8.844846 3.799495 27.298463 -3.079112 1.275700
15 147 Car 0 0 0.000000 10.000000 100.000000 10.000000 100.000000 1.906623 1.856816 4.574804 68.864034 2.266499 5.225632 0.040063 -0.848600
15 146 Car 0 0 0.000000 10.000000 100.000000 10.000000 100.000000 1.535808 1.835764 4.716849 -15.160204 4.405658 25.485377 -3.085466 1.738900
15 145 Car 0 0 0.000000 10.000000 100.000000 10.000000 100.000000 1.558928 1.731959 4.803910 -1.177824 4.194784 31.186647 -3.105872 1.244000
15 144 Car 0 0 0.000000 10.000000 100.000000 10.000000 100.000000 1.770386 1.598636 4.488422 20.671796 3.204822 22.699671 -3.061317 2.113700
16 148 Car 0 0 0.000000 10.000000 100.000000 10.000000 100.000000 1.496719 1.891367 4.589123 8.464552 3.797768 27.305308 -3.071503 1.364500
16 147 Car 0 0 0.000000 10.000000 100.000000 10.000000 100.000000 1.974222 1.892405 4.595011 69.960358 2.269377 5.096540 0.115292 -1.141400
16 146 Car 0 0 0.000000 10.000000 100.000000 10.000000 100.000000 1.526471 1.778742 4.631036 -16.154543 4.420362 25.529882 -3.077020 1.837200
16 145 Car 0 0 0.000000 10.000000 100.000000 10.000000 100.000000 1.566513 1.741008 4.631410 -1.784697 4.186293 31.217595 -3.117508 1.705400
16 144 Car 0 0 0.000000 10.000000 100.000000 10.000000 100.000000 1.770704 1.603496 4.487172 20.675793 3.205256 22.706175 -3.068847 2.103000
17 148 Car 0 0 0.000000 10.000000 100.000000 10.000000 100.000000 1.513085 1.943797 4.558887 8.082680 3.822264 27.344209 -3.069585 1.771700
17 147 Car 0 0 0.000000 10.000000 100.000000 10.000000 100.000000 1.932491 1.909398 4.740799 71.340200 2.309838 5.299329 0.003733 -1.528300
17 146 Car 0 0 0.000000 10.000000 100.000000 10.000000 100.000000 1.532051 1.790026 4.723842 -17.210983 4.477212 25.619858 -3.093262 1.462000
17 145 Car 0 0 0.000000 10.000000 100.000000 10.000000 100.000000 1.569904 1.782967 4.671638 -2.242931 4.207394 31.253860 -3.112992 1.140200
17 144 Car 0 0 0.000000 10.000000 100.000000 10.000000 100.000000 1.763532 1.602139 4.471986 20.679545 3.198380 22.704776 -3.063255 2.080200
18 148 Car 0 0 0.000000 10.000000 100.000000 10.000000 100.000000 1.513218 1.973959 4.643071 7.746616 3.848358 27.398197 -3.062363 1.807500
18 147 Car 0 0 0.000000 10.000000 100.000000 10.000000 100.000000 1.932491 1.909398 4.740799 72.430272 2.296035 5.281737 0.003733 -1.528300
18 146 Car 0 0 0.000000 10.000000 100.000000 10.000000 100.000000 1.525901 1.772272 4.703112 -18.254311 4.511902 25.675414 -3.081481 2.031000
18 145 Car 0 0 0.000000 10.000000 100.000000 10.000000 100.000000 1.572126 1.778352 4.606659 -2.719502 4.242240 31.290215 -3.107311 1.482500
18 144 Car 0 0 0.000000 10.000000 100.000000 10.000000 100.000000 1.754242 1.598407 4.434913 20.666513 3.190151 22.710955 -3.068969 2.264900
19 148 Car 0 0 0.000000 10.000000 100.000000 10.000000 100.000000 1.502453 1.998891 4.764162 7.365083 3.869730 27.439543 -3.065044 1.679100
19 147 Car 0 0 0.000000 10.000000 100.000000 10.000000 100.000000 1.888140 1.869239 4.758962 73.274676 2.181200 5.245471 -0.044349 -1.766400
19 146 Car 0 0 0.000000 10.000000 100.000000 10.000000 100.000000 1.546481 1.805849 4.778072 -19.339478 4.556327 25.760086 -3.088229 1.742500
19 145 Car 0 0 0.000000 10.000000 100.000000 10.000000 100.000000 1.571121 1.752610 4.616326 -3.099000 4.249300 31.308301 -3.102051 1.939600
19 144 Car 0 0 0.000000 10.000000 100.000000 10.000000 100.000000 1.750261 1.592655 4.423966 20.667865 3.185384 22.705375 -3.070904 2.095300
20 148 Car 0 0 0.000000 10.000000 100.000000 10.000000 100.000000 1.495251 2.027388 4.805717 6.891936 3.879290 27.473247 -3.072866 1.468000
20 147 Car 0 0 0.000000 10.000000 100.000000 10.000000 100.000000 1.888140 1.869239 4.758962 74.341879 2.157991 5.226140 -0.044349 -1.766400
20 146 Car 0 0 0.000000 10.000000 100.000000 10.000000 100.000000 1.568248 1.790244 4.792242 -20.459947 4.569431 25.811668 -3.083823 1.831500
20 145 Car 0 0 0.000000 10.000000 100.000000 10.000000 100.000000 1.613196 1.765397 4.620451 -3.581845 4.266445 31.372439 -3.113268 1.526000
20 144 Car 0 0 0.000000 10.000000 100.000000 10.000000 100.000000 1.747257 1.588480 4.403468 20.635302 3.176325 22.703800 -3.072756 2.084000
21 148 Car 0 0 0.000000 10.000000 100.000000 10.000000 100.000000 1.487432 2.025294 4.786053 6.435817 3.890241 27.480298 -3.083888 1.241200
21 147 Car 0 0 0.000000 10.000000 100.000000 10.000000 100.000000 2.037472 1.838197 4.680067 75.711877 2.115063 5.107435 -0.024502 -2.073900
21 146 Car 0 0 0.000000 10.000000 100.000000 10.000000 100.000000 1.551902 1.738673 4.706989 -21.541947 4.589617 25.860012 -3.087146 1.528300
21 145 Car 0 0 0.000000 10.000000 100.000000 10.000000 100.000000 1.581308 1.738823 4.585995 -4.043271 4.262070 31.386238 -3.102348 1.954100
21 144 Car 0 0 0.000000 10.000000 100.000000 10.000000 100.000000 1.744440 1.582806 4.395577 20.634595 3.174377 22.699046 -3.073092 2.074400
22 148 Car 0 0 0.000000 10.000000 100.000000 10.000000 100.000000 1.490502 2.004161 4.673724 6.014200 3.895037 27.481117 -3.091188 1.203000
22 147 Car 0 0 0.000000 10.000000 100.000000 10.000000 100.000000 2.037472 1.838197 4.680067 76.806298 2.090082 5.079171 -0.024502 -2.073900
22 146 Car 0 0 0.000000 10.000000 100.000000 10.000000 100.000000 1.532371 1.733993 4.720098 -22.661561 4.616864 25.913008 -3.092927 1.462500
22 145 Car 0 0 0.000000 10.000000 100.000000 10.000000 100.000000 1.554357 1.702963 4.530560 -4.510987 4.249561 31.373312 -3.107077 1.918000
22 144 Car 0 0 0.000000 10.000000 100.000000 10.000000 100.000000 1.743241 1.572914 4.364690 20.608374 3.169188 22.694541 -3.070378 2.020100
23 148 Car 0 0 0.000000 10.000000 100.000000 10.000000 100.000000 1.499215 1.979835 4.761964 5.519390 3.903126 27.495334 -3.091010 1.565300
23 146 Car 0 0 0.000000 10.000000 100.000000 10.000000 100.000000 1.551672 1.782884 4.729123 -23.820455 4.645965 25.980177 -3.099523 1.122700
23 145 Car 0 0 0.000000 10.000000 100.000000 10.000000 100.000000 1.547338 1.724246 4.479535 -4.984676 4.246723 31.399322 -3.107648 1.655600
23 144 Car 0 0 0.000000 10.000000 100.000000 10.000000 100.000000 1.730979 1.561719 4.357156 20.543403 3.174884 22.686680 -3.070824 2.128500
24 148 Car 0 0 0.000000 10.000000 100.000000 10.000000 100.000000 1.520281 1.935562 4.797894 5.052420 3.938626 27.510813 -3.085071 1.491900
24 146 Car 0 0 0.000000 10.000000 100.000000 10.000000 100.000000 1.558549 1.766392 4.696476 -24.988910 4.657405 26.031937 -3.097408 1.582800
24 145 Car 0 0 0.000000 10.000000 100.000000 10.000000 100.000000 1.558686 1.714082 4.545952 -5.460614 4.263759 31.391097 -3.102798 1.685200
24 144 Car 0 0 0.000000 10.000000 100.000000 10.000000 100.000000 1.719496 1.555094 4.317444 20.466221 3.178036 22.681883 -3.070871 2.166900
25 148 Car 0 0 0.000000 10.000000 100.000000 10.000000 100.000000 1.531232 1.926500 4.862050 4.479998 3.971273 27.555289 -3.071183 1.622700
25 146 Car 0 0 0.000000 10.000000 100.000000 10.000000 100.000000 1.556850 1.742479 4.674736 -26.213238 4.665253 26.114997 -3.092829 1.545600
25 145 Car 0 0 0.000000 10.000000 100.000000 10.000000 100.000000 1.564072 1.724291 4.592334 -5.999305 4.285068 31.420781 -3.118868 1.678800
25 144 Car 0 0 0.000000 10.000000 100.000000 10.000000 100.000000 1.730252 1.544715 4.315439 20.423240 3.179619 22.675979 -3.074597 2.059000
26 148 Car 0 0 0.000000 10.000000 100.000000 10.000000 100.000000 1.522189 1.939850 4.801204 3.935634 3.969100 27.596483 -3.085594 1.279700
26 146 Car 0 0 0.000000 10.000000 100.000000 10.000000 100.000000 1.526474 1.735261 4.658336 -27.355331 4.686378 26.211028 -3.087125 1.164400
26 145 Car 0 0 0.000000 10.000000 100.000000 10.000000 100.000000 1.543076 1.761687 4.577109 -6.480984 4.304498 31.435784 -3.125995 1.695300
26 144 Car 0 0 0.000000 10.000000 100.000000 10.000000 100.000000 1.745300 1.546374 4.343226 20.349063 3.179947 22.670909 -3.076515 2.055100
27 148 Car 0 0 0.000000 10.000000 100.000000 10.000000 100.000000 1.515027 1.954343 4.793538 3.344297 3.986049 27.624857 -3.089368 1.462300
27 146 Car 0 0 0.000000 10.000000 100.000000 10.000000 100.000000 1.519877 1.739920 4.594285 -28.490340 4.703240 26.302424 -3.086059 1.294800
27 145 Car 0 0 0.000000 10.000000 100.000000 10.000000 100.000000 1.529185 1.744267 4.582604 -6.924345 4.317689 31.421088 -3.135763 1.638500
27 144 Car 0 0 0.000000 10.000000 100.000000 10.000000 100.000000 1.757290 1.554425 4.380107 20.311855 3.192997 22.676233 -3.079287 1.893400
28 148 Car 0 0 0.000000 10.000000 100.000000 10.000000 100.000000 1.532562 1.932067 4.867122 2.738642 4.010596 27.631796 -3.090871 1.496900
28 146 Car 0 0 0.000000 10.000000 100.000000 10.000000 100.000000 1.477061 1.701219 4.547138 -29.691985 4.702892 26.366362 -3.086517 1.335400
28 145 Car 0 0 0.000000 10.000000 100.000000 10.000000 100.000000 1.524621 1.745338 4.606767 -7.429237 4.324311 31.411836 3.134359 1.358100
28 144 Car 0 0 0.000000 10.000000 100.000000 10.000000 100.000000 1.761066 1.547240 4.371017 20.245982 3.203603 22.667920 -3.082941 1.905500
29 148 Car 0 0 0.000000 10.000000 100.000000 10.000000 100.000000 1.545441 1.895067 4.881262 2.259208 4.029832 27.644792 -3.085079 1.486300
29 146 Car 0 0 0.000000 10.000000 100.000000 10.000000 100.000000 1.476653 1.711219 4.528635 -30.983218 4.685810 26.429322 -3.083725 1.389200
29 145 Car 0 0 0.000000 10.000000 100.000000 10.000000 100.000000 1.534744 1.738145 4.602955 -7.880774 4.344840 31.427602 3.137774 1.657400
29 144 Car 0 0 0.000000 10.000000 100.000000 10.000000 100.000000 1.756452 1.538439 4.362663 20.202692 3.209721 22.660897 -3.078775 1.805700
30 148 Car 0 0 0.000000 10.000000 100.000000 10.000000 100.000000 1.536948 1.876608 4.770410 1.537750 4.046501 27.671884 -3.071681 1.566100
30 146 Car 0 0 0.000000 10.000000 100.000000 10.000000 100.000000 1.475260 1.718809 4.200314 -32.057809 4.701867 26.473047 -3.087851 1.165300
30 145 Car 0 0 0.000000 10.000000 100.000000 10.000000 100.000000 1.539970 1.750540 4.608113 -8.399116 4.356593 31.451004 3.139512 1.580600
30 144 Car 0 0 0.000000 10.000000 100.000000 10.000000 100.000000 1.750548 1.537055 4.370102 20.065428 3.215161 22.674829 -3.080274 1.926100
31 148 Car 0 0 0.000000 10.000000 100.000000 10.000000 100.000000 1.536733 1.872648 4.781837 0.847446 4.043107 27.733661 -3.072249 1.505200
31 146 Car 0 0 0.000000 10.000000 100.000000 10.000000 100.000000 1.474914 1.696431 4.464391 -33.467013 4.789884 26.537213 -3.077313 0.380600
31 145 Car 0 0 0.000000 10.000000 100.000000 10.000000 100.000000 1.548332 1.744335 4.657300 -8.878190 4.380153 31.432081 -3.139549 1.264500
31 144 Car 0 0 0.000000 10.000000 100.000000 10.000000 100.000000 1.750333 1.543758 4.398592 19.909520 3.218831 22.689515 -3.078436 2.046100
32 148 Car 0 0 0.000000 10.000000 100.000000 10.000000 100.000000 1.535538 1.876079 4.739664 0.191550 4.066603 27.776794 -3.066038 1.041900
32 146 Car 0 0 0.000000 10.000000 100.000000 10.000000 100.000000 1.492210 1.742517 4.378799 -34.693314 4.838961 26.616168 -3.091087 0.599300
32 145 Car 0 0 0.000000 10.000000 100.000000 10.000000 100.000000 1.550228 1.761865 4.622196 -9.320412 4.379110 31.462635 -3.136676 1.424000
32 144 Car 0 0 0.000000 10.000000 100.000000 10.000000 100.000000 1.754392 1.551633 4.451563 19.772405 3.218492 22.702153 -3.078661 1.845400
33 148 Car 0 0 0.000000 10.000000 100.000000 10.000000 100.000000 1.530385 1.827638 4.817559 -0.470026 4.085623 27.787745 -3.079055 1.599600
33 146 Car 0 0 0.000000 10.000000 100.000000 10.000000 100.000000 1.533550 1.759441 4.416191 -36.080903 4.902504 26.704510 -3.107720 0.337400
33 145 Car 0 0 0.000000 10.000000 100.000000 10.000000 100.000000 1.550458 1.732283 4.545562 -9.817935 4.379700 31.439432 -3.135516 1.424400
33 144 Car 0 0 0.000000 10.000000 100.000000 10.000000 100.000000 1.742778 1.553467 4.436691 19.583096 3.205468 22.716453 -3.074668 1.945900
34 148 Car 0 0 0.000000 10.000000 100.000000 10.000000 100.000000 1.545227 1.861359 4.870673 -1.194470 4.110951 27.841596 -3.104360 1.409300
34 146 Car 0 0 0.000000 10.000000 100.000000 10.000000 100.000000 1.483891 1.731666 4.344010 -37.460068 4.992350 26.734582 -3.109500 0.464800
34 145 Car 0 0 0.000000 10.000000 100.000000 10.000000 100.000000 1.555366 1.709921 4.443425 -10.332641 4.377484 31.421049 -3.131798 1.703300
34 144 Car 0 0 0.000000 10.000000 100.000000 10.000000 100.000000 1.740010 1.560965 4.435090 19.399306 3.219983 22.743104 -3.071165 2.099800
35 148 Car 0 0 0.000000 10.000000 100.000000 10.000000 100.000000 1.541935 1.867565 4.874274 -1.977519 4.124476 27.899244 -3.097648 1.294300
35 146 Car 0 0 0.000000 10.000000 100.000000 10.000000 100.000000 1.539643 1.741452 4.382940 -38.850439 5.019553 26.802897 -3.122911 0.590100
35 145 Car 0 0 0.000000 10.000000 100.000000 10.000000 100.000000 1.556129 1.743591 4.499403 -10.954312 4.419168 31.443255 -3.136991 1.793300
35 144 Car 0 0 0.000000 10.000000 100.000000 10.000000 100.000000 1.728818 1.555115 4.286706 19.150707 3.203163 22.754993 -3.080334 1.871700
36 148 Car 0 0 0.000000 10.000000 100.000000 10.000000 100.000000 1.548835 1.847315 4.764775 -2.759631 4.142908 27.907048 -3.098298 1.438700
36 146 Car 0 0 0.000000 10.000000 100.000000 10.000000 100.000000 1.543757 1.749083 4.386253 -40.191093 5.097668 26.848172 -3.119196 0.606500
36 145 Car 0 0 0.000000 10.000000 100.000000 10.000000 100.000000 1.553206 1.787044 4.607990 -11.575350 4.453461 31.458427 -3.134586 1.534500
36 144 Car 0 0 0.000000 10.000000 100.000000 10.000000 100.000000 1.721823 1.545279 4.312598 18.977964 3.200771 22.758488 -3.073453 1.811500
37 148 Car 0 0 0.000000 10.000000 100.000000 10.000000 100.000000 1.555674 1.854908 4.780365 -3.364582 4.154776 27.945674 -3.087978 1.689400
37 146 Car 0 0 0.000000 10.000000 100.000000 10.000000 100.000000 1.515416 1.714422 4.372685 -41.609609 5.143346 26.915548 -3.114749 0.633700
37 145 Car 0 0 0.000000 10.000000 100.000000 10.000000 100.000000 1.549556 1.834606 4.666091 -12.184477 4.478661 31.481606 3.133820 1.694500
37 144 Car 0 0 0.000000 10.000000 100.000000 10.000000 100.000000 1.712662 1.535218 4.302834 18.756419 3.199450 22.740241 -3.072431 2.014000
38 148 Car 0 0 0.000000 10.000000 100.000000 10.000000 100.000000 1.546049 1.842851 4.742625 -4.004691 4.171202 27.952860 -3.090835 1.905300
38 146 Car 0 0 0.000000 10.000000 100.000000 10.000000 100.000000 1.531166 1.674792 4.286973 -42.918633 5.195766 26.945108 -3.109774 0.419900
38 145 Car 0 0 0.000000 10.000000 100.000000 10.000000 100.000000 1.556629 1.871190 4.747677 -12.773878 4.517534 31.488398 -3.137706 1.491400
38 144 Car 0 0 0.000000 10.000000 100.000000 10.000000 100.000000 1.708606 1.533847 4.301083 18.550195 3.204617 22.754132 -3.070929 2.037400
39 148 Car 0 0 0.000000 10.000000 100.000000 10.000000 100.000000 1.539900 1.849371 4.792547 -4.792968 4.190146 27.983191 -3.089824 1.670800
39 146 Car 0 0 0.000000 10.000000 100.000000 10.000000 100.000000 1.619195 1.732645 4.483215 -44.467268 5.266653 27.022063 -3.104970 0.266200
39 145 Car 0 0 0.000000 10.000000 100.000000 10.000000 100.000000 1.562111 1.815882 4.688360 -13.398591 4.522822 31.488624 3.136892 1.723500
39 144 Car 0 0 0.000000 10.000000 100.000000 10.000000 100.000000 1.701619 1.551988 4.362835 18.268932 3.200620 22.782077 -3.076597 1.990700
40 148 Car 0 0 0.000000 10.000000 100.000000 10.000000 100.000000 1.541136 1.887212 4.824532 -5.573950 4.212323 28.046111 -3.090798 1.611800
40 146 Car 0 0 0.000000 10.000000 100.000000 10.000000 100.000000 1.645341 1.728229 4.587530 -45.957932 5.318239 27.052397 -3.111292 0.154000
40 145 Car 0 0 0.000000 10.000000 100.000000 10.000000 100.000000 1.576319 1.789194 4.724354 -14.009647 4.544528 31.488597 -3.135296 1.565600
40 144 Car 0 0 0.000000 10.000000 100.000000 10.000000 100.000000 1.722002 1.553108 4.363431 18.006627 3.216128 22.805447 -3.080678 1.910600
41 148 Car 0 0 0.000000 10.000000 100.000000 10.000000 100.000000 1.541979 1.889182 4.884956 -6.413475 4.247138 28.086481 -3.086226 1.814300
41 146 Car 0 0 0.000000 10.000000 100.000000 10.000000 100.000000 1.668554 1.761214 4.573729 -47.359675 5.316076 27.117420 -3.113213 0.209100
41 145 Car 0 0 0.000000 10.000000 100.000000 10.000000 100.000000 1.583353 1.739693 4.580381 -14.589686 4.558373 31.474722 -3.141294 2.074400
41 144 Car 0 0 0.000000 10.000000 100.000000 10.000000 100.000000 1.717551 1.551311 4.382571 17.741169 3.221463 22.815005 -3.080753 2.239000
42 148 Car 0 0 0.000000 10.000000 100.000000 10.000000 100.000000 1.531176 1.862865 4.784058 -7.224208 4.274897 28.093733 -3.092699 1.876100
42 146 Car 0 0 0.000000 10.000000 100.000000 10.000000 100.000000 1.585642 1.773628 4.421737 -48.725158 5.333847 27.186973 -3.130139 -0.076100
42 145 Car 0 0 0.000000 10.000000 100.000000 10.000000 100.000000 1.585854 1.761205 4.613705 -15.253404 4.551402 31.480970 -3.133696 1.952600
42 144 Car 0 0 0.000000 10.000000 100.000000 10.000000 100.000000 1.700647 1.556248 4.352800 17.446469 3.217225 22.820072 -3.090980 2.167900
43 148 Car 0 0 0.000000 10.000000 100.000000 10.000000 100.000000 1.536012 1.857819 4.765110 -8.008450 4.272637 28.122319 -3.110190 1.687700
43 146 Car 0 0 0.000000 10.000000 100.000000 10.000000 100.000000 1.582588 1.712425 4.336178 -50.182686 5.365168 27.155051 -3.135924 0.021700
43 145 Car 0 0 0.000000 10.000000 100.000000 10.000000 100.000000 1.577601 1.783080 4.568091 -15.935970 4.565034 31.495678 -3.135614 2.384800
43 144 Car 0 0 0.000000 10.000000 100.000000 10.000000 100.000000 1.696601 1.567776 4.394455 17.136861 3.235736 22.844657 -3.096307 2.112800
44 148 Car 0 0 0.000000 10.000000 100.000000 10.000000 100.000000 1.537982 1.817141 4.687232 -8.758591 4.264541 28.114904 -3.118478 1.605100
44 146 Car 0 0 0.000000 10.000000 100.000000 10.000000 100.000000 1.709787 1.751160 4.488599 -51.868303 5.454637 27.171038 -3.140112 -0.293100
44 145 Car 0 0 0.000000 10.000000 100.000000 10.000000 100.000000 1.542249 1.800706 4.613398 -16.597093 4.556685 31.486878 -3.136656 1.803500
44 144 Car 0 0 0.000000 10.000000 100.000000 10.000000 100.000000 1.717366 1.580708 4.480946 16.788106 3.262936 22.873763 -3.097044 2.250600
45 148 Car 0 0 0.000000 10.000000 100.000000 10.000000 100.000000 1.540589 1.805126 4.597041 -9.546381 4.280221 28.136054 -3.118492 1.697400
45 146 Car 0 0 0.000000 10.000000 100.000000 10.000000 100.000000 1.599908 1.709406 4.340457 -53.391554 5.458119 27.160095 -3.125148 -0.326900
45 145 Car 0 0 0.000000 10.000000 100.000000 10.000000 100.000000 1.531341 1.789763 4.557838 -17.299737 4.563007 31.480980 3.132844 1.956100
45 144 Car 0 0 0.000000 10.000000 100.000000 10.000000 100.000000 1.728821 1.600851 4.482586 16.415597 3.302713 22.903681 -3.112344 2.401200
46 148 Car 0 0 0.000000 10.000000 100.000000 10.000000 100.000000 1.543933 1.856777 4.736939 -10.449765 4.325012 28.156624 -3.124677 1.895500
46 146 Car 0 0 0.000000 10.000000 100.000000 10.000000 100.000000 1.579323 1.706621 4.300497 -54.780426 5.538495 27.204170 -3.138715 -0.327900
46 145 Car 0 0 0.000000 10.000000 100.000000 10.000000 100.000000 1.545963 1.773284 4.555219 -17.964321 4.606613 31.483211 -3.141540 1.752900
46 144 Car 0 0 0.000000 10.000000 100.000000 10.000000 100.000000 1.695063 1.593836 4.450766 16.044363 3.292003 22.890363 -3.115654 2.333100
47 148 Car 0 0 0.000000 10.000000 100.000000 10.000000 100.000000 1.538721 1.846532 4.797049 -11.449305 4.366969 28.174898 -3.131304 1.674800
47 146 Car 0 0 0.000000 10.000000 100.000000 10.000000 100.000000 1.594821 1.685224 4.231897 -56.210416 5.605367 27.239910 -3.088892 -0.380100
47 145 Car 0 0 0.000000 10.000000 100.000000 10.000000 100.000000 1.568915 1.757720 4.597295 -18.703715 4.652326 31.510491 3.137900 1.925300
47 144 Car 0 0 0.000000 10.000000 100.000000 10.000000 100.000000 1.693108 1.586892 4.452765 15.623303 3.284426 22.904253 -3.118216 2.079500
48 148 Car 0 0 0.000000 10.000000 100.000000 10.000000 100.000000 1.528078 1.810481 4.731384 -12.354648 4.396864 28.159081 -3.141067 1.731100
48 146 Car 0 0 0.000000 10.000000 100.000000 10.000000 100.000000 1.608590 1.657583 4.210886 -57.734176 5.672562 27.204326 -3.116214 -0.172400
48 145 Car 0 0 0.000000 10.000000 100.000000 10.000000 100.000000 1.592020 1.763888 4.632341 -19.387460 4.698158 31.509641 3.130227 1.862700
48 144 Car 0 0 0.000000 10.000000 100.000000 10.000000 100.000000 1.693474 1.599999 4.517309 15.225365 3.294413 22.938761 -3.114683 2.009200
49 148 Car 0 0 0.000000 10.000000 100.000000 10.000000 100.000000 1.542554 1.801964 4.642026 -13.189223 4.416315 28.158269 3.139750 1.819000
49 146 Car 0 0 0.000000 10.000000 100.000000 10.000000 100.000000 1.672625 1.680955 4.268124 -59.298448 5.742030 27.273160 -3.113857 -1.025700
49 145 Car 0 0 0.000000 10.000000 100.000000 10.000000 100.000000 1.597508 1.806107 4.680708 -20.141205 4.737221 31.509446 3.118397 1.356000
49 144 Car 0 0 0.000000 10.000000 100.000000 10.000000 100.000000 1.676494 1.596168 4.465080 14.794147 3.290124 22.941621 -3.116115 2.269300
50 148 Car 0 0 0.000000 10.000000 100.000000 10.000000 100.000000 1.548145 1.830354 4.701836 -14.124636 4.453006 28.164554 3.123765 1.479700
50 146 Car 0 0 0.000000 10.000000 100.000000 10.000000 100.000000 1.646714 1.682652 4.132822 -60.798665 5.812949 27.244073 3.137535 -1.002700
50 145 Car 0 0 0.000000 10.000000 100.000000 10.000000 100.000000 1.619629 1.819761 4.651717 -20.828609 4.742627 31.506255 3.120491 1.512700
50 144 Car 0 0 0.000000 10.000000 100.000000 10.000000 100.000000 1.691083 1.601626 4.455204 14.339145 3.305234 22.967571 -3.111471 2.186200
51 148 Car 0 0 0.000000 10.000000 100.000000 10.000000 100.000000 1.545521 1.859059 4.792788 -15.108908 4.484338 28.123632 3.105854 1.534700
51 146 Car 0 0 0.000000 10.000000 100.000000 10.000000 100.000000 1.718397 1.706785 4.256291 -62.555962 5.836750 27.267436 -3.136781 -0.924500
51 145 Car 0 0 0.000000 10.000000 100.000000 10.000000 100.000000 1.565348 1.825348 4.655538 -21.629981 4.711345 31.488756 3.129820 1.905000
51 144 Car 0 0 0.000000 10.000000 100.000000 10.000000 100.000000 1.676323 1.592834 4.570650 13.861983 3.300744 23.004830 -3.100488 2.055800
52 148 Car 0 0 0.000000 10.000000 100.000000 10.000000 100.000000 1.519551 1.794747 4.736678 -16.063608 4.510658 28.067498 3.100682 1.843100
52 146 Car 0 0 0.000000 10.000000 100.000000 10.000000 100.000000 1.709128 1.719711 4.315319 -64.168504 5.888240 27.287718 3.103439 -1.264400
52 145 Car 0 0 0.000000 10.000000 100.000000 10.000000 100.000000 1.562784 1.845466 4.634501 -22.426421 4.729308 31.501195 3.121455 2.150600
52 144 Car 0 0 0.000000 10.000000 100.000000 10.000000 100.000000 1.681315 1.642070 4.567653 13.366107 3.339741 23.045284 -3.100063 2.365000
53 148 Car 0 0 0.000000 10.000000 100.000000 10.000000 100.000000 1.543623 1.855903 4.798186 -17.077878 4.539039 28.067155 3.106617 2.018600
53 146 Car 0 0 0.000000 10.000000 100.000000 10.000000 100.000000 1.709128 1.719711 4.315319 -65.624244 5.936887 27.318645 3.103439 -1.264400
53 145 Car 0 0 0.000000 10.000000 100.000000 10.000000 100.000000 1.584054 1.811495 4.631225 -23.138296 4.775514 31.466711 3.100461 1.685800
53 144 Car 0 0 0.000000 10.000000 100.000000 10.000000 100.000000 1.681367 1.648825 4.543331 12.876801 3.334102 23.074995 -3.106513 2.261600
54 148 Car 0 0 0.000000 10.000000 100.000000 10.000000 100.000000 1.529023 1.817460 4.782744 -18.043365 4.556826 27.976847 3.090961 1.532700
54 145 Car 0 0 0.000000 10.000000 100.000000 10.000000 100.000000 1.598236 1.803773 4.713841 -23.946121 4.824172 31.472430 3.108881 1.565500
54 144 Car 0 0 0.000000 10.000000 100.000000 10.000000 100.000000 1.691152 1.663333 4.564263 12.426818 3.348371 23.115263 -3.108668 2.219000
55 148 Car 0 0 0.000000 10.000000 100.000000 10.000000 100.000000 1.516772 1.797151 4.791369 -19.058425 4.586132 27.928200 3.084301 1.566900
55 145 Car 0 0 0.000000 10.000000 100.000000 10.000000 100.000000 1.602354 1.781664 4.660974 -24.722379 4.823588 31.455398 3.126189 1.508800
55 144 Car 0 0 0.000000 10.000000 100.000000 10.000000 100.000000 1.720971 1.688529 4.598154 11.949798 3.402795 23.155768 -3.104671 2.027600
56 148 Car 0 0 0.000000 10.000000 100.000000 10.000000 100.000000 1.519323 1.797058 4.853624 -20.096403 4.619028 27.868488 3.081696 1.456900
56 145 Car 0 0 0.000000 10.000000 100.000000 10.000000 100.000000 1.608810 1.780203 4.646219 -25.522457 4.841834 31.462065 -3.134688 1.627900
56 144 Car 0 0 0.000000 10.000000 100.000000 10.000000 100.000000 1.744042 1.711316 4.657328 11.407293 3.450449 23.201200 -3.105801 2.374000
57 148 Car 0 0 0.000000 10.000000 100.000000 10.000000 100.000000 1.523944 1.801039 4.799160 -21.122104 4.654374 27.808376 3.086634 1.602900
57 145 Car 0 0 0.000000 10.000000 100.000000 10.000000 100.000000 1.618445 1.785702 4.577729 -26.347129 4.874385 31.484929 -3.137353 1.393600
57 144 Car 0 0 0.000000 10.000000 100.000000 10.000000 100.000000 1.751989 1.716498 4.654035 10.857610 3.472358 23.228394 -3.115133 1.887700
58 148 Car 0 0 0.000000 10.000000 100.000000 10.000000 100.000000 1.532384 1.789458 4.741955 -22.122977 4.666788 27.760145 3.081659 1.824300
58 145 Car 0 0 0.000000 10.000000 100.000000 10.000000 100.000000 1.625648 1.786628 4.583026 -27.159101 4.894458 31.490197 -3.140967 1.606600
58 144 Car 0 0 0.000000 10.000000 100.000000 10.000000 100.000000 1.780178 1.736585 4.793875 10.245521 3.509174 23.260310 -3.109736 2.243100
59 148 Car 0 0 0.000000 10.000000 100.000000 10.000000 100.000000 1.512555 1.797951 4.765159 -23.180549 4.687667 27.709886 3.082479 1.614300
59 145 Car 0 0 0.000000 10.000000 100.000000 10.000000 100.000000 1.636805 1.753113 4.494199 -28.024278 4.911143 31.509115 -3.117317 1.200000
59 144 Car 0 0 0.000000 10.000000 100.000000 10.000000 100.000000 1.770550 1.745432 4.890860 9.602798 3.519679 23.282384 -3.114287 2.057800
60 148 Car 0 0 0.000000 10.000000 100.000000 10.000000 100.000000 1.514870 1.788587 4.749857 -24.268115 4.713288 27.628063 3.076179 1.356800
60 145 Car 0 0 0.000000 10.000000 100.000000 10.000000 100.000000 1.638285 1.723563 4.491542 -28.852542 4.929487 31.508961 -3.129667 1.071800
60 144 Car 0 0 0.000000 10.000000 100.000000 10.000000 100.000000 1.764462 1.756413 4.956520 8.998991 3.544329 23.323697 -3.098597 2.012800
61 148 Car 0 0 0.000000 10.000000 100.000000 10.000000 100.000000 1.507410 1.767520 4.697474 -25.374335 4.724648 27.559789 3.103933 1.526000
61 145 Car 0 0 0.000000 10.000000 100.000000 10.000000 100.000000 1.644289 1.729828 4.535582 -29.678370 4.944812 31.510555 -3.128019 1.288500
61 144 Car 0 0 0.000000 10.000000 100.000000 10.000000 100.000000 1.731668 1.729582 4.989449 8.471088 3.508727 23.341936 -3.100206 1.705900
62 148 Car 0 0 0.000000 10.000000 100.000000 10.000000 100.000000 1.510494 1.780734 4.676168 -26.504080 4.729760 27.531352 3.115399 1.443900
62 145 Car 0 0 0.000000 10.000000 100.000000 10.000000 100.000000 1.656966 1.762999 4.562848 -30.505151 4.988513 31.536589 -3.119849 0.960400
62 144 Car 0 0 0.000000 10.000000 100.000000 10.000000 100.000000 1.695656 1.706541 5.079034 7.855174 3.470092 23.379609 -3.103292 2.185400
63 148 Car 0 0 0.000000 10.000000 100.000000 10.000000 100.000000 1.501660 1.744063 4.667968 -27.655204 4.739205 27.482058 3.113351 1.645100
63 145 Car 0 0 0.000000 10.000000 100.000000 10.000000 100.000000 1.646851 1.783333 4.591495 -31.329958 5.011620 31.548824 -3.125257 1.056800
63 144 Car 0 0 0.000000 10.000000 100.000000 10.000000 100.000000 1.705448 1.697678 5.085749 7.338217 3.478127 23.384760 -3.095757 2.339000
64 148 Car 0 0 0.000000 10.000000 100.000000 10.000000 100.000000 1.501808 1.715347 4.617062 -28.694975 4.735516 27.396265 3.106079 1.557100
64 145 Car 0 0 0.000000 10.000000 100.000000 10.000000 100.000000 1.655843 1.752225 4.627653 -32.162931 5.035161 31.539580 3.133057 1.378000
64 144 Car 0 0 0.000000 10.000000 100.000000 10.000000 100.000000 1.779521 1.692500 4.994126 6.728816 3.559793 23.426285 -3.101408 2.062600
65 148 Car 0 0 0.000000 10.000000 100.000000 10.000000 100.000000 1.483324 1.684169 4.574812 -29.812805 4.752684 27.350783 3.095762 1.141200
65 145 Car 0 0 0.000000 10.000000 100.000000 10.000000 100.000000 1.624976 1.730949 4.556794 -32.958832 5.052070 31.563719 -3.137503 1.234400
65 144 Car 0 0 0.000000 10.000000 100.000000 10.000000 100.000000 1.845020 1.702203 4.972046 6.144842 3.638496 23.460347 -3.095223 2.255600
66 148 Car 0 0 0.000000 10.000000 100.000000 10.000000 100.000000 1.468909 1.700752 4.531789 -30.962531 4.761878 27.329779 3.120189 1.003200
66 145 Car 0 0 0.000000 10.000000 100.000000 10.000000 100.000000 1.618378 1.740560 4.492522 -33.878865 5.079655 31.558805 -3.125264 1.487100
66 144 Car 0 0 0.000000 10.000000 100.000000 10.000000 100.000000 1.908665 1.765426 4.930733 5.529144 3.699285 23.525232 -3.092736 1.932800
67 148 Car 0 0 0.000000 10.000000 100.000000 10.000000 100.000000 1.437940 1.673650 4.500153 -32.079599 4.784448 27.287434 3.138542 1.050700
67 145 Car 0 0 0.000000 10.000000 100.000000 10.000000 100.000000 1.637365 1.820682 4.498936 -34.698795 5.103392 31.576406 -3.135793 1.108700
67 144 Car 0 0 0.000000 10.000000 100.000000 10.000000 100.000000 1.931059 1.763494 5.011242 4.944552 3.729085 23.568781 -3.085854 2.196900
68 148 Car 0 0 0.000000 10.000000 100.000000 10.000000 100.000000 1.440202 1.639565 4.444744 -33.253280 4.808184 27.246371 -3.138065 0.768000
68 145 Car 0 0 0.000000 10.000000 100.000000 10.000000 100.000000 1.616065 1.766492 4.299536 -35.480753 5.138260 31.562660 -3.116947 1.288300
68 144 Car 0 0 0.000000 10.000000 100.000000 10.000000 100.000000 1.978241 1.814547 4.911898 4.426527 3.780023 23.642155 -3.087304 1.616300
69 148 Car 0 0 0.000000 10.000000 100.000000 10.000000 100.000000 1.479755 1.662207 4.586370 -34.463350 4.902216 27.252888 3.136631 0.536400
69 145 Car 0 0 0.000000 10.000000 100.000000 10.000000 100.000000 1.597793 1.794432 4.541968 -36.505904 5.164208 31.572934 3.122263 0.117700
69 144 Car 0 0 0.000000 10.000000 100.000000 10.000000 100.000000 1.940515 1.824407 4.922097 3.810363 3.780893 23.693800 -3.088847 1.417700
70 148 Car 0 0 0.000000 10.000000 100.000000 10.000000 100.000000 1.489733 1.710595 4.562965 -35.721874 4.942118 27.269387 3.139631 -0.031000
70 145 Car 0 0 0.000000 10.000000 100.000000 10.000000 100.000000 1.623446 1.762707 4.494276 -37.459113 5.192884 31.595289 -3.121972 0.128800
70 144 Car 0 0 0.000000 10.000000 100.000000 10.000000 100.000000 1.959974 1.815750 4.811903 3.249937 3.809173 23.714058 -3.082019 1.427500
71 148 Car 0 0 0.000000 10.000000 100.000000 10.000000 100.000000 1.559550 1.710660 4.571083 -36.995873 5.037855 27.261068 3.130765 -0.111400
71 145 Car 0 0 0.000000 10.000000 100.000000 10.000000 100.000000 1.645110 1.767523 4.312403 -38.186511 5.193396 31.655305 -3.139789 0.391900
71 144 Car 0 0 0.000000 10.000000 100.000000 10.000000 100.000000 1.921796 1.759602 4.755598 2.757640 3.777636 23.704764 -3.072551 1.283300
72 148 Car 0 0 0.000000 10.000000 100.000000 10.000000 100.000000 1.561312 1.708583 4.488957 -38.103791 5.067764 27.276847 3.134424 0.177800
72 145 Car 0 0 0.000000 10.000000 100.000000 10.000000 100.000000 1.621433 1.731787 4.211229 -39.062941 5.178603 31.616034 -3.133554 0.328300
72 144 Car 0 0 0.000000 10.000000 100.000000 10.000000 100.000000 1.876682 1.731356 4.662153 2.172448 3.778831 23.748524 -3.076722 1.444600
73 148 Car 0 0 0.000000 10.000000 100.000000 10.000000 100.000000 1.563777 1.688508 4.510553 -39.353976 5.093793 27.277525 3.134338 0.347300
73 145 Car 0 0 0.000000 10.000000 100.000000 10.000000 100.000000 1.656084 1.787542 4.368501 -40.094683 5.209801 31.639344 -3.134324 0.191000
73 144 Car 0 0 0.000000 10.000000 100.000000 10.000000 100.000000 1.856731 1.679716 4.620465 1.574150 3.761226 23.732428 -3.077821 1.305600
74 148 Car 0 0 0.000000 10.000000 100.000000 10.000000 100.000000 1.588636 1.677625 4.499272 -40.566503 5.136646 27.261530 3.137396 0.139400
74 145 Car 0 0 0.000000 10.000000 100.000000 10.000000 100.000000 1.628344 1.763474 4.319243 -41.037821 5.263988 31.637763 -3.140675 0.312100
74 144 Car 0 0 0.000000 10.000000 100.000000 10.000000 100.000000 1.823647 1.635887 4.478895 0.870444 3.746487 23.765479 -3.076510 1.560800
75 148 Car 0 0 0.000000 10.000000 100.000000 10.000000 100.000000 1.529777 1.672789 4.457139 -41.893091 5.161853 27.302759 -3.135598 -0.190000
75 145 Car 0 0 0.000000 10.000000 100.000000 10.000000 100.000000 1.625289 1.793403 4.448756 -42.005406 5.323180 31.644479 3.129393 -0.040500
75 144 Car 0 0 0.000000 10.000000 100.000000 10.000000 100.000000 1.856126 1.751962 4.507328 0.194834 3.797251 23.864601 -3.069891 1.615100
76 148 Car 0 0 0.000000 10.000000 100.000000 10.000000 100.000000 1.513475 1.693809 4.400689 -43.133686 5.221555 27.311296 -3.135167 0.005100
76 145 Car 0 0 0.000000 10.000000 100.000000 10.000000 100.000000 1.601192 1.768494 4.516891 -42.969600 5.325205 31.629875 3.141069 0.004900
76 144 Car 0 0 0.000000 10.000000 100.000000 10.000000 100.000000 1.842822 1.700936 4.496680 -0.355857 3.825279 23.864511 -3.072430 2.089500
77 148 Car 0 0 0.000000 10.000000 100.000000 10.000000 100.000000 1.563428 1.711479 4.519605 -44.489954 5.265598 27.346338 3.137739 -0.296300
77 145 Car 0 0 0.000000 10.000000 100.000000 10.000000 100.000000 1.616957 1.778386 4.564856 -43.877254 5.371384 31.613541 3.129398 -0.010900
77 144 Car 0 0 0.000000 10.000000 100.000000 10.000000 100.000000 1.874699 1.677181 4.470488 -0.883028 3.833496 23.904717 -3.078963 2.019400
78 148 Car 0 0 0.000000 10.000000 100.000000 10.000000 100.000000 1.598762 1.738129 4.532395 -45.858725 5.340401 27.347200 -3.138681 -0.287900
78 145 Car 0 0 0.000000 10.000000 100.000000 10.000000 100.000000 1.599988 1.736307 4.538617 -44.759495 5.375176 31.587212 -3.128517 -0.084300
78 144 Car 0 0 0.000000 10.000000 100.000000 10.000000 100.000000 1.878099 1.657045 4.504549 -1.464605 3.838427 23.918541 -3.079604 2.337400
79 148 Car 0 0 0.000000 10.000000 100.000000 10.000000 100.000000 1.555709 1.705417 4.360338 -47.052900 5.281202 27.333297 -3.125158 -0.339700
79 145 Car 0 0 0.000000 10.000000 100.000000 10.000000 100.000000 1.621935 1.739887 4.675810 -45.764691 5.396498 31.591248 3.140217 -0.358000
79 144 Car 0 0 0.000000 10.000000 100.000000 10.000000 100.000000 1.872537 1.653185 4.517250 -2.037934 3.859052 23.957361 -3.083680 2.184400
80 148 Car 0 0 0.000000 10.000000 100.000000 10.000000 100.000000 1.648717 1.735814 4.487197 -48.452394 5.346193 27.331805 -3.136309 0.075500
80 145 Car 0 0 0.000000 10.000000 100.000000 10.000000 100.000000 1.629886 1.748795 4.688721 -46.676572 5.421445 31.593274 3.135191 -0.486800
80 144 Car 0 0 0.000000 10.000000 100.000000 10.000000 100.000000 1.897483 1.643244 4.513140 -2.673372 3.899946 23.993675 -3.075534 2.160600
81 148 Car 0 0 0.000000 10.000000 100.000000 10.000000 100.000000 1.603837 1.747054 4.444493 -49.732197 5.407709 27.399343 -3.128887 -0.519300
81 145 Car 0 0 0.000000 10.000000 100.000000 10.000000 100.000000 1.676742 1.751950 4.689635 -47.570990 5.448620 31.560772 3.136856 -0.378600
81 144 Car 0 0 0.000000 10.000000 100.000000 10.000000 100.000000 1.866715 1.628384 4.568862 -3.164521 3.923027 23.987685 -3.079901 2.262700
82 148 Car 0 0 0.000000 10.000000 100.000000 10.000000 100.000000 1.536758 1.757156 4.406426 -50.945073 5.447047 27.416645 3.125614 -0.711600
82 145 Car 0 0 0.000000 10.000000 100.000000 10.000000 100.000000 1.603232 1.727198 4.696968 -48.509786 5.465665 31.558430 3.133846 -0.538100
82 144 Car 0 0 0.000000 10.000000 100.000000 10.000000 100.000000 1.854963 1.592424 4.558688 -3.663883 3.924670 24.008186 -3.077119 2.439700
83 148 Car 0 0 0.000000 10.000000 100.000000 10.000000 100.000000 1.616510 1.773190 4.482737 -52.366431 5.506908 27.415383 3.134743 -0.734500
83 145 Car 0 0 0.000000 10.000000 100.000000 10.000000 100.000000 1.639182 1.718917 4.715343 -49.502633 5.501133 31.502232 3.132387 -0.650300
83 144 Car 0 0 0.000000 10.000000 100.000000 10.000000 100.000000 1.862155 1.590679 4.543924 -4.163891 3.939083 24.061539 -3.082113 2.472600
84 148 Car 0 0 0.000000 10.000000 100.000000 10.000000 100.000000 1.636157 1.721652 4.409292 -53.814998 5.571780 27.416709 3.138477 -0.492200
84 145 Car 0 0 0.000000 10.000000 100.000000 10.000000 100.000000 1.655509 1.766557 4.730644 -50.438733 5.584469 31.523932 3.112485 -0.666400
84 144 Car 0 0 0.000000 10.000000 100.000000 10.000000 100.000000 1.872628 1.597058 4.551017 -4.776106 3.971173 24.123819 -3.086246 2.529800
85 148 Car 0 0 0.000000 10.000000 100.000000 10.000000 100.000000 1.603181 1.722547 4.434513 -55.180142 5.620656 27.436651 3.140336 -0.731200
85 145 Car 0 0 0.000000 10.000000 100.000000 10.000000 100.000000 1.702412 1.744025 4.680927 -51.380373 5.596880 31.459549 3.097961 -0.897100
85 144 Car 0 0 0.000000 10.000000 100.000000 10.000000 100.000000 1.891213 1.634166 4.695997 -5.358123 4.015573 24.200047 -3.077071 2.381300
86 148 Car 0 0 0.000000 10.000000 100.000000 10.000000 100.000000 1.634651 1.730120 4.403356 -56.565534 5.631147 27.465332 -3.137751 -0.582900
86 145 Car 0 0 0.000000 10.000000 100.000000 10.000000 100.000000 1.652715 1.698090 4.783318 -52.397600 5.626955 31.406136 3.106814 -0.688100
86 144 Car 0 0 0.000000 10.000000 100.000000 10.000000 100.000000 1.876929 1.627759 4.614295 -5.925536 4.043365 24.220865 -3.090129 2.254300
87 148 Car 0 0 0.000000 10.000000 100.000000 10.000000 100.000000 1.633939 1.670096 4.349738 -57.822435 5.673520 27.436406 -3.139512 -0.526600
87 145 Car 0 0 0.000000 10.000000 100.000000 10.000000 100.000000 1.657897 1.743831 4.857286 -53.435809 5.655404 31.422211 3.116376 -0.879400
87 144 Car 0 0 0.000000 10.000000 100.000000 10.000000 100.000000 1.906391 1.638909 4.596993 -6.484935 4.053698 24.273098 -3.092213 2.147400
88 148 Car 0 0 0.000000 10.000000 100.000000 10.000000 100.000000 1.651344 1.731717 4.412754 -59.129093 5.767677 27.470630 3.137500 -1.228900
88 145 Car 0 0 0.000000 10.000000 100.000000 10.000000 100.000000 1.623104 1.686644 4.754948 -54.201976 5.670435 31.393002 3.126456 -1.225100
88 144 Car 0 0 0.000000 10.000000 100.000000 10.000000 100.000000 1.894345 1.637544 4.586058 -7.059950 4.087116 24.292923 -3.093997 2.210400
89 148 Car 0 0 0.000000 10.000000 100.000000 10.000000 100.000000 1.694826 1.742955 4.490902 -60.616679 5.844915 27.476211 -3.118501 -0.859800
89 145 Car 0 0 0.000000 10.000000 100.000000 10.000000 100.000000 1.647266 1.726665 4.722472 -55.234988 5.698672 31.424541 3.139762 -1.179100
89 144 Car 0 0 0.000000 10.000000 100.000000 10.000000 100.000000 1.943389 1.664834 4.739233 -7.699771 4.114671 24.357642 -3.087633 2.098400
90 148 Car 0 0 0.000000 10.000000 100.000000 10.000000 100.000000 1.703339 1.799162 4.431013 -61.920755 5.814319 27.540797 -3.136114 -1.859300
90 145 Car 0 0 0.000000 10.000000 100.000000 10.000000 100.000000 1.615644 1.748194 4.777432 -56.292949 5.723913 31.414863 -3.137723 -1.584700
90 144 Car 0 0 0.000000 10.000000 100.000000 10.000000 100.000000 1.940615 1.636074 4.683651 -8.272779 4.130894 24.356465 -3.097254 2.330400
91 148 Car 0 0 0.000000 10.000000 100.000000 10.000000 100.000000 1.729581 1.817417 4.482920 -63.372170 5.847895 27.585129 -3.107367 -1.924900
91 145 Car 0 0 0.000000 10.000000 100.000000 10.000000 100.000000 1.615644 1.748194 4.777432 -57.229449 5.751058 31.406148 -3.137723 -1.584700
91 144 Car 0 0 0.000000 10.000000 100.000000 10.000000 100.000000 1.969777 1.649131 4.711678 -8.911834 4.178660 24.399361 -3.095243 2.291600
92 148 Car 0 0 0.000000 10.000000 100.000000 10.000000 100.000000 1.729581 1.817417 4.482920 -64.678879 5.887285 27.598356 -3.107367 -1.924900
92 144 Car 0 0 0.000000 10.000000 100.000000 10.000000 100.000000 1.962498 1.631807 4.532400 -9.475237 4.198871 24.418818 -3.093733 2.506800
93 144 Car 0 0 0.000000 10.000000 100.000000 10.000000 100.000000 1.967196 1.639899 4.620593 -10.165096 4.225037 24.475157 -3.088707 2.365700
94 144 Car 0 0 0.000000 10.000000 100.000000 10.000000 100.000000 1.958608 1.623583 4.554900 -10.781637 4.232767 24.516568 -3.087219 2.205300
95 144 Car 0 0 0.000000 10.000000 100.000000 10.000000 100.000000 1.984190 1.614323 4.634565 -11.525323 4.258001 24.566829 -3.083128 2.115600
96 144 Car 0 0 0.000000 10.000000 100.000000 10.000000 100.000000 1.966829 1.618759 4.591757 -12.244605 4.264958 24.618987 -3.081937 2.211300
97 144 Car 0 0 0.000000 10.000000 100.000000 10.000000 100.000000 1.943388 1.637696 4.620275 -13.005340 4.287063 24.664835 -3.074868 2.393900
98 144 Car 0 0 0.000000 10.000000 100.000000 10.000000 100.000000 1.965645 1.664150 4.596681 -13.677079 4.339429 24.717267 -3.074208 2.408100
99 144 Car 0 0 0.000000 10.000000 100.000000 10.000000 100.000000 2.000783 1.684144 4.703551 -14.399613 4.383456 24.751863 -3.078282 2.350700
100 144 Car 0 0 0.000000 10.000000 100.000000 10.000000 100.000000 1.981325 1.688319 4.683681 -15.142279 4.401059 24.803834 -3.089171 2.509200
101 144 Car 0 0 0.000000 10.000000 100.000000 10.000000 100.000000 1.955167 1.660805 4.671703 -15.882895 4.410698 24.824197 -3.088818 2.578200
102 144 Car 0 0 0.000000 10.000000 100.000000 10.000000 100.000000 1.986645 1.680703 4.688017 -16.659137 4.432758 24.886962 -3.088560 2.396900
103 144 Car 0 0 0.000000 10.000000 100.000000 10.000000 100.000000 1.991191 1.687314 4.726386 -17.439256 4.471183 24.939382 -3.089512 2.082600
104 144 Car 0 0 0.000000 10.000000 100.000000 10.000000 100.000000 2.008131 1.679827 4.785912 -18.225660 4.510384 24.987822 -3.078812 2.386000
105 144 Car 0 0 0.000000 10.000000 100.000000 10.000000 100.000000 1.993402 1.668439 4.703582 -19.051210 4.531163 25.039427 -3.082080 2.059700
106 144 Car 0 0 0.000000 10.000000 100.000000 10.000000 100.000000 1.974427 1.668229 4.735607 -19.895309 4.535723 25.100831 -3.082154 2.095800
107 144 Car 0 0 0.000000 10.000000 100.000000 10.000000 100.000000 1.978180 1.737864 4.746233 -20.692359 4.570404 25.169380 -3.092009 2.300100
108 144 Car 0 0 0.000000 10.000000 100.000000 10.000000 100.000000 2.004335 1.714030 4.716856 -21.503914 4.575140 25.213679 -3.082857 2.142400
109 144 Car 0 0 0.000000 10.000000 100.000000 10.000000 100.000000 1.974771 1.677300 4.735548 -22.331230 4.575635 25.227581 -3.084799 2.346200
110 144 Car 0 0 0.000000 10.000000 100.000000 10.000000 100.000000 1.974913 1.662900 4.629525 -23.166340 4.606511 25.267017 -3.090177 2.126600
111 144 Car 0 0 0.000000 10.000000 100.000000 10.000000 100.000000 1.973174 1.673839 4.598608 -24.030759 4.638172 25.316337 -3.084382 2.215400
112 144 Car 0 0 0.000000 10.000000 100.000000 10.000000 100.000000 1.970285 1.643531 4.583214 -24.822737 4.668273 25.321742 -3.081921 2.099800
113 144 Car 0 0 0.000000 10.000000 100.000000 10.000000 100.000000 1.976413 1.659704 4.638890 -25.705423 4.674705 25.385022 -3.071154 2.042700
114 144 Car 0 0 0.000000 10.000000 100.000000 10.000000 100.000000 1.960831 1.657477 4.588897 -26.591702 4.670857 25.438965 -3.078475 1.966500
115 144 Car 0 0 0.000000 10.000000 100.000000 10.000000 100.000000 1.951665 1.654216 4.541434 -27.415851 4.683343 25.490749 -3.082817 1.800600
116 144 Car 0 0 0.000000 10.000000 100.000000 10.000000 100.000000 1.954220 1.677135 4.632079 -28.336708 4.700385 25.569369 -3.085093 1.515500
117 144 Car 0 0 0.000000 10.000000 100.000000 10.000000 100.000000 1.990486 1.712712 4.584874 -29.171272 4.741893 25.657598 -3.070450 1.433600
118 144 Car 0 0 0.000000 10.000000 100.000000 10.000000 100.000000 1.980112 1.711778 4.472717 -30.084204 4.767001 25.714236 -3.072088 1.679700
119 144 Car 0 0 0.000000 10.000000 100.000000 10.000000 100.000000 1.945124 1.728726 4.419617 -30.904899 4.758220 25.766578 -3.071786 1.246500
120 144 Car 0 0 0.000000 10.000000 100.000000 10.000000 100.000000 1.947272 1.725311 4.526403 -31.810138 4.758740 25.817344 -3.074081 1.114900
121 144 Car 0 0 0.000000 10.000000 100.000000 10.000000 100.000000 1.886228 1.766156 4.524114 -32.744396 4.779188 25.900292 -3.090965 1.154700
122 144 Car 0 0 0.000000 10.000000 100.000000 10.000000 100.000000 1.912477 1.743069 4.547035 -33.729396 4.813495 25.913992 -3.097043 1.575500
123 144 Car 0 0 0.000000 10.000000 100.000000 10.000000 100.000000 1.888882 1.744077 4.475692 -34.628730 4.832467 25.971274 -3.089847 1.195900
124 144 Car 0 0 0.000000 10.000000 100.000000 10.000000 100.000000 1.977334 1.702436 4.528292 -35.642138 4.889795 26.021521 -3.086975 1.388500
125 144 Car 0 0 0.000000 10.000000 100.000000 10.000000 100.000000 2.004877 1.670276 4.437569 -36.575527 4.905803 26.063147 -3.090637 1.562900
126 161 Car 0 0 0.000000 10.000000 100.000000 10.000000 100.000000 1.592726 1.851469 4.359229 -64.132269 5.892526 9.575345 -0.057583 -1.975900
126 144 Car 0 0 0.000000 10.000000 100.000000 10.000000 100.000000 1.971332 1.643221 4.426773 -37.482816 4.905875 26.112223 -3.084248 0.629400
127 161 Car 0 0 0.000000 10.000000 100.000000 10.000000 100.000000 1.516935 1.767544 4.149538 -62.827555 5.845178 9.618390 -0.033966 -1.617000
127 144 Car 0 0 0.000000 10.000000 100.000000 10.000000 100.000000 1.969087 1.686223 4.516219 -38.496068 4.958246 26.170088 -3.095776 0.141100
128 161 Car 0 0 0.000000 10.000000 100.000000 10.000000 100.000000 1.485785 1.730448 4.056253 -61.914880 5.762761 9.622717 -0.019391 -1.150800
128 144 Car 0 0 0.000000 10.000000 100.000000 10.000000 100.000000 1.972185 1.707346 4.346990 -39.348124 4.973067 26.216262 -3.097212 0.231800
129 161 Car 0 0 0.000000 10.000000 100.000000 10.000000 100.000000 1.510706 1.749643 4.324066 -61.286160 5.771867 9.639266 0.035734 -1.932700
129 144 Car 0 0 0.000000 10.000000 100.000000 10.000000 100.000000 1.994753 1.765783 4.581540 -40.454122 5.042283 26.314410 -3.093126 0.437400
130 161 Car 0 0 0.000000 10.000000 100.000000 10.000000 100.000000 1.487896 1.704746 4.173283 -60.379794 5.664339 9.624730 -0.011330 -0.940000
130 144 Car 0 0 0.000000 10.000000 100.000000 10.000000 100.000000 2.014065 1.774137 4.641897 -41.400455 5.068174 26.378429 -3.081429 0.457400
131 161 Car 0 0 0.000000 10.000000 100.000000 10.000000 100.000000 1.458418 1.764543 4.152960 -59.492911 5.624391 9.635186 0.015502 -0.778200
131 144 Car 0 0 0.000000 10.000000 100.000000 10.000000 100.000000 2.014065 1.774137 4.641897 -42.307682 5.094363 26.434110 -3.081429 0.457400
132 161 Car 0 0 0.000000 10.000000 100.000000 10.000000 100.000000 1.510940 1.823724 4.283514 -58.902274 5.657621 9.572648 0.003069 -1.061000
132 144 Car 0 0 0.000000 10.000000 100.000000 10.000000 100.000000 2.019662 1.713327 4.603982 -43.360296 5.106657 26.454854 -3.098196 0.435200
133 161 Car 0 0 0.000000 10.000000 100.000000 10.000000 100.000000 1.612335 1.832794 4.245002 -58.035687 5.752412 9.526450 -0.004275 -0.666000
133 144 Car 0 0 0.000000 10.000000 100.000000 10.000000 100.000000 2.037089 1.717234 4.556784 -44.284532 5.109358 26.483840 -3.104780 0.485400
134 164 Car 0 0 0.000000 10.000000 100.000000 10.000000 100.000000 3.334140 2.481989 5.636557 -56.616850 5.379308 27.293650 -3.137402 -1.824500
134 161 Car 0 0 0.000000 10.000000 100.000000 10.000000 100.000000 1.627270 1.846580 4.396913 -57.451704 5.730465 9.607695 0.052436 -0.804400
134 144 Car 0 0 0.000000 10.000000 100.000000 10.000000 100.000000 2.011979 1.692157 4.488636 -45.209969 5.108879 26.496021 -3.107025 -0.015500
135 164 Car 0 0 0.000000 10.000000 100.000000 10.000000 100.000000 3.303349 2.465787 5.560878 -57.424408 5.430814 27.290261 3.133580 -1.931900
135 161 Car 0 0 0.000000 10.000000 100.000000 10.000000 100.000000 1.658623 1.869954 4.166193 -56.585169 5.720643 9.558317 0.040600 -0.475200
135 144 Car 0 0 0.000000 10.000000 100.000000 10.000000 100.000000 1.962091 1.660586 4.344910 -46.059111 5.117711 26.467803 -3.123458 -0.342100
136 164 Car 0 0 0.000000 10.000000 100.000000 10.000000 100.000000 3.048257 2.297926 5.392029 -58.719605 5.503416 27.131865 -3.126764 -1.769400
136 161 Car 0 0 0.000000 10.000000 100.000000 10.000000 100.000000 1.608177 1.766585 3.965151 -55.787493 5.667624 9.573577 0.056042 -0.602400
136 144 Car 0 0 0.000000 10.000000 100.000000 10.000000 100.000000 2.038120 1.713379 4.536756 -47.185744 5.239244 26.552318 -3.122742 0.411900
137 164 Car 0 0 0.000000 10.000000 100.000000 10.000000 100.000000 3.074875 2.250973 5.225165 -59.649788 5.555078 27.101147 -3.129940 -1.888500
137 161 Car 0 0 0.000000 10.000000 100.000000 10.000000 100.000000 1.641874 1.793541 4.038789 -55.106261 5.696981 9.459208 0.007615 -0.640800
137 144 Car 0 0 0.000000 10.000000 100.000000 10.000000 100.000000 2.081989 1.717656 4.662122 -48.197286 5.279770 26.597460 -3.115052 0.463500
138 164 Car 0 0 0.000000 10.000000 100.000000 10.000000 100.000000 2.846878 2.237083 5.299419 -60.756266 5.520616 27.094053 -3.132573 -1.961100
138 161 Car 0 0 0.000000 10.000000 100.000000 10.000000 100.000000 1.665932 1.875220 4.216542 -54.480123 5.699721 9.485025 0.018412 -0.218000
138 144 Car 0 0 0.000000 10.000000 100.000000 10.000000 100.000000 2.038548 1.676337 4.480839 -49.115716 5.288252 26.597741 -3.131336 0.210400
139 164 Car 0 0 0.000000 10.000000 100.000000 10.000000 100.000000 2.846878 2.237083 5.299419 -61.771772 5.566974 27.063627 -3.132573 -1.961100
139 161 Car 0 0 0.000000 10.000000 100.000000 10.000000 100.000000 1.622959 1.857903 4.195688 -53.728079 5.660339 9.437666 0.001523 -0.113400
139 144 Car 0 0 0.000000 10.000000 100.000000 10.000000 100.000000 1.985553 1.644547 4.333784 -49.998632 5.289541 26.653854 3.121402 -0.256400
140 161 Car 0 0 0.000000 10.000000 100.000000 10.000000 100.000000 1.613096 1.877431 4.192729 -53.126830 5.570120 9.478806 0.003478 -0.118000
140 144 Car 0 0 0.000000 10.000000 100.000000 10.000000 100.000000 2.041143 1.657744 4.462840 -51.120227 5.302470 26.643846 3.131466 0.101700
141 161 Car 0 0 0.000000 10.000000 100.000000 10.000000 100.000000 1.649686 1.931613 4.307418 -52.598158 5.518887 9.470550 -0.004985 0.269300
141 144 Car 0 0 0.000000 10.000000 100.000000 10.000000 100.000000 2.058854 1.668718 4.428823 -52.027399 5.387724 26.634701 3.134012 -0.390200
142 161 Car 0 0 0.000000 10.000000 100.000000 10.000000 100.000000 1.661561 1.895636 4.299558 -52.003414 5.480474 9.440242 -0.015819 0.266500
142 144 Car 0 0 0.000000 10.000000 100.000000 10.000000 100.000000 2.046954 1.653750 4.394014 -52.850958 5.348296 26.647839 -3.129289 -0.247800
143 161 Car 0 0 0.000000 10.000000 100.000000 10.000000 100.000000 1.591315 1.855874 4.332834 -51.358182 5.472944 9.435196 -0.016373 -0.126600
143 144 Car 0 0 0.000000 10.000000 100.000000 10.000000 100.000000 1.962930 1.703718 4.302907 -53.804881 5.415565 26.731442 -3.138937 -0.588900
144 161 Car 0 0 0.000000 10.000000 100.000000 10.000000 100.000000 1.581293 1.920845 4.385717 -50.781729 5.430114 9.447723 -0.006386 0.603200
144 144 Car 0 0 0.000000 10.000000 100.000000 10.000000 100.000000 1.997212 1.739058 4.375336 -54.850132 5.485915 26.741656 3.133270 -0.604000
145 161 Car 0 0 0.000000 10.000000 100.000000 10.000000 100.000000 1.554166 1.945539 4.460365 -50.311632 5.426552 9.473854 0.002434 0.223500
145 144 Car 0 0 0.000000 10.000000 100.000000 10.000000 100.000000 2.052642 1.760159 4.452630 -55.890834 5.558026 26.729900 3.134021 -0.393400
146 161 Car 0 0 0.000000 10.000000 100.000000 10.000000 100.000000 1.580144 1.933092 4.363973 -49.684844 5.379158 9.475917 0.009017 0.530300
146 144 Car 0 0 0.000000 10.000000 100.000000 10.000000 100.000000 1.984262 1.735216 4.293344 -56.709129 5.498258 26.719307 -3.115009 -0.663300
147 161 Car 0 0 0.000000 10.000000 100.000000 10.000000 100.000000 1.573319 1.907696 4.310283 -49.099733 5.357208 9.475979 0.025684 0.668700
147 144 Car 0 0 0.000000 10.000000 100.000000 10.000000 100.000000 1.970750 1.723834 4.248448 -57.533716 5.528872 26.781437 3.135550 -0.547600
148 161 Car 0 0 0.000000 10.000000 100.000000 10.000000 100.000000 1.576830 1.968575 4.374198 -48.666489 5.369261 9.457344 0.020679 0.863900
148 144 Car 0 0 0.000000 10.000000 100.000000 10.000000 100.000000 1.985799 1.738893 4.350950 -58.604107 5.575601 26.811707 -3.134079 -0.778900
149 161 Car 0 0 0.000000 10.000000 100.000000 10.000000 100.000000 1.600544 1.999863 4.457016 -48.256618 5.362173 9.473665 0.032982 0.754500
149 144 Car 0 0 0.000000 10.000000 100.000000 10.000000 100.000000 1.956876 1.725301 4.215384 -59.437814 5.601969 26.783524 3.118192 -0.556900
150 161 Car 0 0 0.000000 10.000000 100.000000 10.000000 100.000000 1.595016 2.018736 4.496189 -47.883388 5.343554 9.442319 0.027731 0.663700
150 144 Car 0 0 0.000000 10.000000 100.000000 10.000000 100.000000 1.989152 1.752061 4.342894 -60.483979 5.621688 26.804465 3.109103 -1.177600
151 161 Car 0 0 0.000000 10.000000 100.000000 10.000000 100.000000 1.578752 1.992633 4.506208 -47.447256 5.348566 9.403413 0.015898 0.717200
151 144 Car 0 0 0.000000 10.000000 100.000000 10.000000 100.000000 1.987204 1.776559 4.423613 -61.430877 5.651174 26.786167 3.116138 -0.701200
152 161 Car 0 0 0.000000 10.000000 100.000000 10.000000 100.000000 1.553504 1.967520 4.465845 -47.000866 5.354137 9.404264 0.019104 0.900500
152 144 Car 0 0 0.000000 10.000000 100.000000 10.000000 100.000000 2.049623 1.808104 4.444000 -62.366155 5.691759 26.838117 3.128466 -1.306400
153 161 Car 0 0 0.000000 10.000000 100.000000 10.000000 100.000000 1.568705 1.973874 4.469340 -46.664264 5.357753 9.410115 0.048387 0.824100
153 144 Car 0 0 0.000000 10.000000 100.000000 10.000000 100.000000 1.993862 1.805815 4.471317 -63.315900 5.729943 26.842583 3.137934 -1.345900
154 161 Car 0 0 0.000000 10.000000 100.000000 10.000000 100.000000 1.566786 1.953371 4.427104 -46.296332 5.355528 9.393393 0.044863 0.715700
154 144 Car 0 0 0.000000 10.000000 100.000000 10.000000 100.000000 2.011870 1.798327 4.395968 -64.190766 5.681643 26.863734 3.130920 -1.627000
155 161 Car 0 0 0.000000 10.000000 100.000000 10.000000 100.000000 1.584594 1.932314 4.457632 -46.041688 5.320598 9.347845 0.046360 0.822400
155 144 Car 0 0 0.000000 10.000000 100.000000 10.000000 100.000000 2.049342 1.778410 4.416816 -65.133665 5.756529 26.885764 3.122926 -1.928900
156 161 Car 0 0 0.000000 10.000000 100.000000 10.000000 100.000000 1.573040 1.960797 4.335736 -45.715651 5.318656 9.358110 0.057253 0.868100
156 144 Car 0 0 0.000000 10.000000 100.000000 10.000000 100.000000 1.981641 1.783657 4.535283 -66.185429 5.779314 26.907930 3.134211 -2.013000
157 161 Car 0 0 0.000000 10.000000 100.000000 10.000000 100.000000 1.611581 1.981008 4.327432 -45.459067 5.309529 9.339562 0.053441 0.621600
157 144 Car 0 0 0.000000 10.000000 100.000000 10.000000 100.000000 1.981641 1.783657 4.535283 -67.134358 5.806402 26.929293 3.134211 -2.013000
158 161 Car 0 0 0.000000 10.000000 100.000000 10.000000 100.000000 1.613447 1.934712 4.191012 -45.235159 5.289480 9.318870 0.047968 0.708700
159 161 Car 0 0 0.000000 10.000000 100.000000 10.000000 100.000000 1.625037 1.946942 4.295885 -45.062192 5.283115 9.327434 0.046186 0.562700
160 161 Car 0 0 0.000000 10.000000 100.000000 10.000000 100.000000 1.616547 1.958906 4.317216 -44.909297 5.275086 9.330898 0.047669 0.608900