0 857 Car 0 0 0.000000 10.000000 100.000000 10.000000 100.000000 1.505000 1.621600 4.448800 11.419300 3.429500 23.545700 -3.051400 -2.170300
0 856 Car 0 0 0.000000 10.000000 100.000000 10.000000 100.000000 1.707500 1.745800 4.399000 -53.719700 5.619600 9.576100 -6.237600 -2.014800
0 855 Car 0 0 0.000000 10.000000 100.000000 10.000000 100.000000 1.628200 1.738900 4.123600 -62.139400 5.607400 4.824500 -6.292600 -1.734800
0 854 Car 0 0 0.000000 10.000000 100.000000 10.000000 100.000000 1.847400 1.904900 4.965800 -42.445400 5.317700 12.767800 -6.033500 -0.968300
0 853 Car 0 0 0.000000 10.000000 100.000000 10.000000 100.000000 1.570000 1.949900 4.211400 -16.863900 4.972100 52.209500 -4.507600 -0.319300
0 852 Car 0 0 0.000000 10.000000 100.000000 10.000000 100.000000 1.824800 1.858900 4.863900 30.414500 3.271300 25.310100 -3.088700 1.764700
0 851 Car 0 0 0.000000 10.000000 100.000000 10.000000 100.000000 1.544800 1.711300 4.400400 -10.735700 4.293500 28.345000 -3.063000 2.006900
0 850 Car 0 0 0.000000 10.000000 100.000000 10.000000 100.000000 1.884400 1.672000 4.492300 7.666500 3.771600 27.519200 -3.067200 2.228600
1 859 Car 0 0 0.000000 10.000000 100.000000 10.000000 100.000000 1.645400 1.797700 4.695800 -50.985300 5.491300 13.146600 -6.061400 -1.376600
1 858 Car 0 0 0.000000 10.000000 100.000000 10.000000 100.000000 1.626200 1.494800 3.873200 -53.358200 5.409600 6.006400 -6.329400 -1.471500
1 857 Car 0 0 0.000000 10.000000 100.000000 10.000000 100.000000 1.505000 1.621600 4.448800 11.419300 3.429500 23.545700 -3.051400 -2.170300
1 856 Car 0 0 0.000000 10.000000 100.000000 10.000000 100.000000 1.643792 1.735992 4.353808 -53.392333 5.533309 9.567701 0.063919 -1.500400
1 855 Car 0 0 0.000000 10.000000 100.000000 10.000000 100.000000 1.641767 1.739175 4.133592 -62.137800 5.634497 4.856897 -0.018581 -1.718000
1 854 Car 0 0 0.000000 10.000000 100.000000 10.000000 100.000000 1.838233 1.901325 4.976800 -42.449500 5.322100 12.767300 0.228052 -1.013800
1 853 Car 0 0 0.000000 10.000000 100.000000 10.000000 100.000000 1.674408 1.963925 4.301783 -16.887198 5.058491 52.253496 1.794194 -0.362100
1 852 Car 0 0 0.000000 10.000000 100.000000 10.000000 100.000000 1.812608 1.827917 4.684050 29.223819 3.286798 25.422689 -3.072475 2.056600
1 851 Car 0 0 0.000000 10.000000 100.000000 10.000000 100.000000 1.548100 1.805442 4.596200 -11.624311 4.375492 28.438991 -3.054750 1.525400
1 850 Car 0 0 0.000000 10.000000 100.000000 10.000000 100.000000 1.931242 1.670992 4.474242 7.243742 3.804197 27.573795 -3.071875 1.995800
2 859 Car 0 0 0.000000 10.000000 100.000000 10.000000 100.000000 1.645400 1.797700 4.695800 -50.985300 5.491300 13.146600 0.221785 -1.376600
2 858 Car 0 0 0.000000 10.000000 100.000000 10.000000 100.000000 1.566525 1.154717 2.865050 -52.307105 5.455395 5.713229 0.081385 -1.701600
2 856 Car 0 0 0.000000 10.000000 100.000000 10.000000 100.000000 1.668506 1.712143 4.227171 -52.752745 5.581968 9.402222 -0.000569 -0.984900
2 855 Car 0 0 0.000000 10.000000 100.000000 10.000000 100.000000 1.655457 1.741031 4.146214 -62.146365 5.633457 4.832264 -0.013478 -1.777400
2 854 Car 0 0 0.000000 10.000000 100.000000 10.000000 100.000000 1.856151 1.890663 4.936123 -42.404283 5.313982 12.809622 0.257974 -0.908000
2 853 Car 0 0 0.000000 10.000000 100.000000 10.000000 100.000000 1.646606 1.962923 4.257766 -16.873040 5.022732 52.245451 1.768494 -0.303700
2 852 Car 0 0 0.000000 10.000000 100.000000 10.000000 100.000000 1.837574 1.856491 4.680074 28.316278 3.306722 25.470258 -3.078274 2.076700
2 851 Car 0 0 0.000000 10.000000 100.000000 10.000000 100.000000 1.560191 1.810409 4.598434 -12.338166 4.389260 28.531205 -3.051563 1.660600
2 850 Car 0 0 0.000000 10.000000 100.000000 10.000000 100.000000 1.910317 1.699649 4.543477 6.677971 3.796799 27.589997 -3.068409 2.348200
3 856 Car 0 0 0.000000 10.000000 100.000000 10.000000 100.000000 1.734360 1.803108 4.286811 -52.336129 5.557616 9.406815 -0.031406 -0.605700
3 855 Car 0 0 0.000000 10.000000 100.000000 10.000000 100.000000 1.664901 1.749182 4.167035 -62.161644 5.603307 4.825926 -0.017742 -1.665600
3 854 Car 0 0 0.000000 10.000000 100.000000 10.000000 100.000000 1.861732 1.903720 4.951076 -42.421753 5.324805 12.780202 0.249686 -0.964400
3 853 Car 0 0 0.000000 10.000000 100.000000 10.000000 100.000000 1.635065 1.961724 4.278492 -16.901562 5.030901 52.237960 1.790878 -0.109400
3 852 Car 0 0 0.000000 10.000000 100.000000 10.000000 100.000000 1.828173 1.839097 4.617725 27.256790 3.367817 25.537877 -3.075359 1.913400
3 851 Car 0 0 0.000000 10.000000 100.000000 10.000000 100.000000 1.554771 1.745106 4.485843 -13.070539 4.407669 28.563223 -3.065868 2.076500
3 850 Car 0 0 0.000000 10.000000 100.000000 10.000000 100.000000 1.902324 1.725313 4.558522 6.196109 3.828749 27.638895 -3.059048 1.761600
4 856 Car 0 0 0.000000 10.000000 100.000000 10.000000 100.000000 1.751156 1.900077 4.403767 -52.177662 5.558781 9.408928 -0.013155 -0.134800
4 855 Car 0 0 0.000000 10.000000 100.000000 10.000000 100.000000 1.665952 1.746284 4.202412 -62.215107 5.593113 4.817378 -0.026760 -1.806300
4 854 Car 0 0 0.000000 10.000000 100.000000 10.000000 100.000000 1.850202 1.900366 4.959384 -42.404904 5.368347 12.793146 0.236690 -0.807100
4 853 Car 0 0 0.000000 10.000000 100.000000 10.000000 100.000000 1.665596 1.965855 4.298177 -16.892310 5.050586 52.238662 1.795214 -0.373700
4 852 Car 0 0 0.000000 10.000000 100.000000 10.000000 100.000000 1.806716 1.798069 4.600320 26.240861 3.356154 25.565062 -3.071857 2.115300
4 851 Car 0 0 0.000000 10.000000 100.000000 10.000000 100.000000 1.566176 1.771527 4.483774 -13.807219 4.465465 28.632140 -3.055429 1.694500
4 850 Car 0 0 0.000000 10.000000 100.000000 10.000000 100.000000 1.932818 1.699870 4.581777 5.581833 3.866818 27.682101 -3.063350 1.971300
5 859 Car 0 0 0.000000 10.000000 100.000000 10.000000 100.000000 1.657400 1.794484 4.657106 -50.935586 5.470088 13.112193 0.185966 -1.229100
5 856 Car 0 0 0.000000 10.000000 100.000000 10.000000 100.000000 1.750256 1.863126 4.343147 -51.710002 5.546377 9.403764 0.008134 -0.274400
5 855 Car 0 0 0.000000 10.000000 100.000000 10.000000 100.000000 1.661222 1.747283 4.168901 -62.191032 5.602871 4.826756 -0.019561 -1.769300
5 854 Car 0 0 0.000000 10.000000 100.000000 10.000000 100.000000 1.843277 1.903725 4.968110 -42.404104 5.371589 12.802303 0.244043 -0.798800
5 853 Car 0 0 0.000000 10.000000 100.000000 10.000000 100.000000 1.610583 1.951418 4.250099 -16.875602 4.996753 52.237591 1.775106 -0.335500
5 852 Car 0 0 0.000000 10.000000 100.000000 10.000000 100.000000 1.814866 1.780780 4.626208 25.280979 3.385227 25.660446 -3.077756 2.020900
5 851 Car 0 0 0.000000 10.000000 100.000000 10.000000 100.000000 1.582201 1.790426 4.529843 -14.597889 4.494166 28.684775 -3.049910 1.688900
5 850 Car 0 0 0.000000 10.000000 100.000000 10.000000 100.000000 1.913582 1.682642 4.550513 5.050023 3.862152 27.698134 -3.067090 2.343700
6 859 Car 0 0 0.000000 10.000000 100.000000 10.000000 100.000000 1.654031 1.794431 4.697216 -51.018736 5.469285 13.166278 0.205367 -1.400900
6 856 Car 0 0 0.000000 10.000000 100.000000 10.000000 100.000000 1.755413 1.822195 4.285577 -51.212624 5.502239 9.411034 -0.002897 -0.581500
6 855 Car 0 0 0.000000 10.000000 100.000000 10.000000 100.000000 1.672272 1.753041 4.156601 -62.159378 5.609265 4.826408 -0.013908 -1.795400
6 854 Car 0 0 0.000000 10.000000 100.000000 10.000000 100.000000 1.848668 1.906553 4.945545 -42.418486 5.334407 12.782791 0.247468 -1.003300
6 853 Car 0 0 0.000000 10.000000 100.000000 10.000000 100.000000 1.647862 1.957896 4.298987 -16.879283 5.038092 52.237453 1.787393 -0.419000
6 852 Car 0 0 0.000000 10.000000 100.000000 10.000000 100.000000 1.785468 1.756997 4.567426 24.298694 3.396502 25.712600 -3.072777 2.313200
6 851 Car 0 0 0.000000 10.000000 100.000000 10.000000 100.000000 1.586527 1.839730 4.581485 -15.476771 4.529867 28.787362 -3.045392 2.154400
6 850 Car 0 0 0.000000 10.000000 100.000000 10.000000 100.000000 1.958835 1.682740 4.612557 4.496837 3.892759 27.752703 -3.067467 2.233100
7 859 Car 0 0 0.000000 10.000000 100.000000 10.000000 100.000000 1.625278 1.791805 4.686346 -51.064340 5.461706 13.173382 0.200352 -1.350700
7 856 Car 0 0 0.000000 10.000000 100.000000 10.000000 100.000000 1.759051 1.814411 4.385960 -50.938811 5.520509 9.347876 -0.005009 -0.935300
7 855 Car 0 0 0.000000 10.000000 100.000000 10.000000 100.000000 1.659310 1.750482 4.153634 -62.109512 5.599198 4.868597 -0.036471 -1.890600
7 854 Car 0 0 0.000000 10.000000 100.000000 10.000000 100.000000 1.857773 1.895766 4.913565 -42.409968 5.315426 12.802239 0.253350 -0.977900
7 853 Car 0 0 0.000000 10.000000 100.000000 10.000000 100.000000 1.666983 1.957837 4.318340 -16.883917 5.048903 52.230916 1.796102 -0.348700
7 852 Car 0 0 0.000000 10.000000 100.000000 10.000000 100.000000 1.801557 1.782771 4.625815 23.355592 3.452994 25.776590 -3.080022 2.249200
7 851 Car 0 0 0.000000 10.000000 100.000000 10.000000 100.000000 1.569082 1.800219 4.451583 -16.191593 4.536521 28.841218 -3.058808 1.993000
7 850 Car 0 0 0.000000 10.000000 100.000000 10.000000 100.000000 1.961224 1.704408 4.630569 3.899824 3.913250 27.791937 -3.068538 2.401700
8 859 Car 0 0 0.000000 10.000000 100.000000 10.000000 100.000000 1.632341 1.793101 4.670301 -51.042188 5.457866 13.198243 0.228386 -1.374000
8 856 Car 0 0 0.000000 10.000000 100.000000 10.000000 100.000000 1.739613 1.803156 4.427146 -50.623571 5.510820 9.317521 0.003887 -1.034800
8 855 Car 0 0 0.000000 10.000000 100.000000 10.000000 100.000000 1.681615 1.768601 4.168322 -62.142386 5.623607 4.845710 -0.031368 -1.857700
8 854 Car 0 0 0.000000 10.000000 100.000000 10.000000 100.000000 1.806987 1.836147 4.768657 -42.330379 5.356654 12.761386 0.219504 -0.944700
8 853 Car 0 0 0.000000 10.000000 100.000000 10.000000 100.000000 1.604757 1.955280 4.243533 -16.880381 4.995364 52.214504 1.780394 -0.393700
8 852 Car 0 0 0.000000 10.000000 100.000000 10.000000 100.000000 1.819630 1.770985 4.769993 22.497843 3.469223 25.839637 -3.086312 1.639300
8 851 Car 0 0 0.000000 10.000000 100.000000 10.000000 100.000000 1.562789 1.785313 4.435525 -17.042657 4.584101 28.882057 -3.060534 1.838700
8 850 Car 0 0 0.000000 10.000000 100.000000 10.000000 100.000000 1.973075 1.699582 4.659265 3.349741 3.946826 27.824362 -3.073891 1.942100
9 859 Car 0 0 0.000000 10.000000 100.000000 10.000000 100.000000 1.632341 1.793101 4.670301 -51.124139 5.449175 13.243857 0.228386 -1.374000
9 856 Car 0 0 0.000000 10.000000 100.000000 10.000000 100.000000 1.725329 1.778338 4.354066 -50.086591 5.515856 9.333027 -0.054951 -0.985900
9 855 Car 0 0 0.000000 10.000000 100.000000 10.000000 100.000000 1.644338 1.771938 4.112376 -62.075877 5.596918 4.883172 -0.023981 -1.956700
9 854 Car 0 0 0.000000 10.000000 100.000000 10.000000 100.000000 1.788640 1.805216 4.694767 -42.295640 5.382131 12.775269 0.240135 -0.938500
9 853 Car 0 0 0.000000 10.000000 100.000000 10.000000 100.000000 1.642607 1.959001 4.281954 -16.886272 5.023221 52.224913 1.784406 -0.399400
9 852 Car 0 0 0.000000 10.000000 100.000000 10.000000 100.000000 1.827522 1.742317 4.678528 21.473109 3.477435 25.891405 -3.076787 1.887400
9 851 Car 0 0 0.000000 10.000000 100.000000 10.000000 100.000000 1.580966 1.756875 4.437364 -17.876529 4.590692 28.926126 -3.056434 1.900900
9 850 Car 0 0 0.000000 10.000000 100.000000 10.000000 100.000000 1.993486 1.680620 4.644886 2.695548 3.972107 27.871672 -3.078841 1.746900
10 859 Car 0 0 0.000000 10.000000 100.000000 10.000000 100.000000 1.653225 1.788686 4.655827 -51.046892 5.462451 13.201923 0.235911 -1.462300
10 856 Car 0 0 0.000000 10.000000 100.000000 10.000000 100.000000 1.726732 1.793518 4.407362 -49.754985 5.500913 9.303863 0.005330 -1.427100
10 855 Car 0 0 0.000000 10.000000 100.000000 10.000000 100.000000 1.659024 1.765920 4.127595 -62.125519 5.618384 4.847817 -0.023260 -1.974800
10 854 Car 0 0 0.000000 10.000000 100.000000 10.000000 100.000000 1.836080 1.858666 4.820619 -42.361216 5.336067 12.797768 0.261179 -0.964500
10 853 Car 0 0 0.000000 10.000000 100.000000 10.000000 100.000000 1.674741 1.967096 4.305221 -16.898331 5.054012 52.238328 1.785073 -0.375600
10 852 Car 0 0 0.000000 10.000000 100.000000 10.000000 100.000000 1.858657 1.761836 4.705890 20.526898 3.504042 25.974280 -3.071542 2.401200
10 851 Car 0 0 0.000000 10.000000 100.000000 10.000000 100.000000 1.553299 1.756149 4.452404 -18.676704 4.622313 28.962343 -3.070813 1.746000
10 850 Car 0 0 0.000000 10.000000 100.000000 10.000000 100.000000 2.010799 1.658358 4.437668 1.905996 4.061887 27.922681 -3.072450 1.967300
11 859 Car 0 0 0.000000 10.000000 100.000000 10.000000 100.000000 1.655994 1.808756 4.677200 -51.046409 5.463156 13.177195 0.245641 -1.528000
11 856 Car 0 0 0.000000 10.000000 100.000000 10.000000 100.000000 1.701558 1.806795 4.497989 -49.462504 5.468732 9.269037 -0.010458 -1.221800
11 855 Car 0 0 0.000000 10.000000 100.000000 10.000000 100.000000 1.623472 1.761705 4.086993 -62.090220 5.588117 4.874066 -0.018288 -2.110200
11 854 Car 0 0 0.000000 10.000000 100.000000 10.000000 100.000000 1.850493 1.890578 4.900272 -42.408872 5.328864 12.774641 0.246845 -0.998400
11 853 Car 0 0 0.000000 10.000000 100.000000 10.000000 100.000000 1.597523 1.952451 4.203047 -16.881720 4.981999 52.188120 1.783659 -0.277700
11 852 Car 0 0 0.000000 10.000000 100.000000 10.000000 100.000000 1.860538 1.792530 4.778824 19.736413 3.552691 26.064860 -3.068982 1.756200
11 851 Car 0 0 0.000000 10.000000 100.000000 10.000000 100.000000 1.547119 1.694501 4.418348 -19.591834 4.632803 29.020823 -3.071547 1.837000
11 850 Car 0 0 0.000000 10.000000 100.000000 10.000000 100.000000 1.975448 1.648866 4.371435 1.256992 4.076875 27.946033 -3.064446 2.019300
12 859 Car 0 0 0.000000 10.000000 100.000000 10.000000 100.000000 1.680123 1.818582 4.658285 -51.012038 5.460326 13.168725 0.228551 -1.292700
12 856 Car 0 0 0.000000 10.000000 100.000000 10.000000 100.000000 1.656406 1.728308 4.369692 -49.064654 5.395563 8.935442 -0.135892 -1.304700
12 855 Car 0 0 0.000000 10.000000 100.000000 10.000000 100.000000 1.588385 1.760280 4.076367 -62.078435 5.552933 4.887407 -0.010023 -2.122800
12 854 Car 0 0 0.000000 10.000000 100.000000 10.000000 100.000000 1.860448 1.886821 4.894171 -42.381808 5.318501 12.797399 0.240010 -0.958200
12 853 Car 0 0 0.000000 10.000000 100.000000 10.000000 100.000000 1.666543 1.960330 4.282188 -16.889692 5.048337 52.225577 1.787445 -0.374600
12 852 Car 0 0 0.000000 10.000000 100.000000 10.000000 100.000000 1.844940 1.810620 4.821330 18.725842 3.584011 26.141175 -3.075297 1.893100
12 851 Car 0 0 0.000000 10.000000 100.000000 10.000000 100.000000 1.542225 1.743758 4.425797 -20.433469 4.674349 29.128252 -3.058725 2.131000
12 850 Car 0 0 0.000000 10.000000 100.000000 10.000000 100.000000 1.941859 1.664647 4.358867 0.629728 4.082284 27.994265 -3.069733 2.001600
13 859 Car 0 0 0.000000 10.000000 100.000000 10.000000 100.000000 1.682644 1.795158 4.661262 -51.016057 5.465984 13.179730 0.224120 -1.395100
13 856 Car 0 0 0.000000 10.000000 100.000000 10.000000 100.000000 1.725251 1.779414 4.395963 -48.751193 5.445251 9.165707 -0.080592 -0.910200
13 855 Car 0 0 0.000000 10.000000 100.000000 10.000000 100.000000 1.614599 1.757697 4.116745 -62.131440 5.574461 4.852572 -0.011748 -2.050300
13 854 Car 0 0 0.000000 10.000000 100.000000 10.000000 100.000000 1.852322 1.892370 4.901482 -42.395987 5.321125 12.782998 0.256187 -1.053900
13 853 Car 0 0 0.000000 10.000000 100.000000 10.000000 100.000000 1.686664 1.965750 4.294371 -16.897314 5.053599 52.244502 1.780177 -0.394100
13 852 Car 0 0 0.000000 10.000000 100.000000 10.000000 100.000000 1.855731 1.800286 4.956290 17.877347 3.584740 26.185566 -3.059972 2.295300
13 851 Car 0 0 0.000000 10.000000 100.000000 10.000000 100.000000 1.553149 1.749841 4.445020 -21.279329 4.685868 29.164129 -3.071503 1.622800
13 850 Car 0 0 0.000000 10.000000 100.000000 10.000000 100.000000 1.968769 1.626238 4.247580 0.057947 4.124920 28.026942 -3.065510 2.081500
14 859 Car 0 0 0.000000 10.000000 100.000000 10.000000 100.000000 1.682644 1.795158 4.661262 -51.049947 5.462980 13.198363 0.224120 -1.395100
14 856 Car 0 0 0.000000 10.000000 100.000000 10.000000 100.000000 1.753031 1.803076 4.401363 -48.515549 5.445577 9.219896 0.012099 -1.086300
14 855 Car 0 0 0.000000 10.000000 100.000000 10.000000 100.000000 1.608852 1.758070 4.132044 -62.154445 5.571832 4.841934 -0.013891 -2.113800
14 854 Car 0 0 0.000000 10.000000 100.000000 10.000000 100.000000 1.801691 1.822736 4.736540 -42.318995 5.363970 12.774360 0.246854 -0.975700
14 853 Car 0 0 0.000000 10.000000 100.000000 10.000000 100.000000 1.620742 1.951813 4.237344 -16.879001 4.996699 52.228448 1.771406 -0.233500
14 852 Car 0 0 0.000000 10.000000 100.000000 10.000000 100.000000 1.857071 1.793496 4.901724 17.028617 3.608297 26.242422 -3.062647 1.819800
14 851 Car 0 0 0.000000 10.000000 100.000000 10.000000 100.000000 1.546382 1.693327 4.474179 -22.109610 4.698178 29.215781 -3.079288 1.217200
14 850 Car 0 0 0.000000 10.000000 100.000000 10.000000 100.000000 1.961928 1.635732 4.342028 -0.662821 4.129450 28.062046 -3.059818 1.876100
15 861 Car 0 0 0.000000 10.000000 100.000000 10.000000 100.000000 1.671616 1.813800 4.350537 29.130097 3.239925 25.100733 -3.009133 -2.121000
15 859 Car 0 0 0.000000 10.000000 100.000000 10.000000 100.000000 1.678126 1.785636 4.667802 -51.018706 5.475332 13.172632 0.207090 -1.353600
15 856 Car 0 0 0.000000 10.000000 100.000000 10.000000 100.000000 1.767103 1.799135 4.436923 -48.330175 5.423958 9.069529 -0.010777 -1.141900
15 855 Car 0 0 0.000000 10.000000 100.000000 10.000000 100.000000 1.608852 1.758070 4.132044 -62.156686 5.567522 4.841083 -0.013891 -2.113800
15 854 Car 0 0 0.000000 10.000000 100.000000 10.000000 100.000000 1.743725 1.809735 4.681139 -42.271054 5.384298 12.630518 0.172956 -0.949700
15 853 Car 0 0 0.000000 10.000000 100.000000 10.000000 100.000000 1.581595 1.950075 4.210371 -16.872337 4.965634 52.222454 1.767809 -0.377600
15 852 Car 0 0 0.000000 10.000000 100.000000 10.000000 100.000000 1.889536 1.823102 5.068825 16.140830 3.631461 26.317150 -3.065770 2.122000
15 851 Car 0 0 0.000000 10.000000 100.000000 10.000000 100.000000 1.534032 1.695968 4.505526 -23.023431 4.700508 29.295388 -3.071446 1.656800
15 850 Car 0 0 0.000000 10.000000 100.000000 10.000000 100.000000 1.976991 1.627863 4.397386 -1.373483 4.138214 28.119506 -3.053194 2.119300
16 861 Car 0 0 0.000000 10.000000 100.000000 10.000000 100.000000 1.671616 1.813800 4.350537 29.133746 3.257260 25.028645 -3.009133 -2.121000
16 859 Car 0 0 0.000000 10.000000 100.000000 10.000000 100.000000 1.656403 1.785677 4.642107 -50.974137 5.469668 13.145866 0.162598 -1.648000
16 856 Car 0 0 0.000000 10.000000 100.000000 10.000000 100.000000 1.724395 1.793180 4.461815 -47.906366 5.389151 8.841888 -0.163516 -0.933900
16 854 Car 0 0 0.000000 10.000000 100.000000 10.000000 100.000000 1.806440 1.867932 4.875425 -42.343116 5.383979 12.720749 0.186077 -0.794300
16 853 Car 0 0 0.000000 10.000000 100.000000 10.000000 100.000000 1.576654 1.946259 4.222626 -16.871103 4.968825 52.226612 1.772059 -0.221600
16 852 Car 0 0 0.000000 10.000000 100.000000 10.000000 100.000000 1.827772 1.815128 5.001259 15.253105 3.670270 26.399915 -3.071660 1.957100
16 851 Car 0 0 0.000000 10.000000 100.000000 10.000000 100.000000 1.520539 1.724479 4.517932 -23.861593 4.730809 29.398319 -3.079205 1.730500
16 850 Car 0 0 0.000000 10.000000 100.000000 10.000000 100.000000 1.955798 1.644697 4.458889 -2.095140 4.147805 28.158962 -3.061912 1.794700
17 859 Car 0 0 0.000000 10.000000 100.000000 10.000000 100.000000 1.677425 1.806033 4.667220 -50.983649 5.483219 13.151316 0.206809 -1.641700
17 856 Car 0 0 0.000000 10.000000 100.000000 10.000000 100.000000 1.731382 1.785158 4.492522 -47.669708 5.381182 8.768816 -0.185332 -0.903500
17 854 Car 0 0 0.000000 10.000000 100.000000 10.000000 100.000000 1.849369 1.872918 4.877573 -42.348638 5.345369 12.781058 0.216304 -0.986700
17 853 Car 0 0 0.000000 10.000000 100.000000 10.000000 100.000000 1.638300 1.953701 4.269766 -16.877052 5.023403 52.236173 1.791729 -0.318300
17 852 Car 0 0 0.000000 10.000000 100.000000 10.000000 100.000000 1.824761 1.836124 4.831325 14.272397 3.678095 26.475863 -3.073971 1.965500
17 851 Car 0 0 0.000000 10.000000 100.000000 10.000000 100.000000 1.537449 1.728509 4.448754 -24.696099 4.746787 29.449407 -3.081427 1.560600
17 850 Car 0 0 0.000000 10.000000 100.000000 10.000000 100.000000 2.053819 1.623191 4.258282 -2.851099 4.206325 28.258670 -3.064995 2.070100
18 859 Car 0 0 0.000000 10.000000 100.000000 10.000000 100.000000 1.665661 1.786658 4.635796 -50.957981 5.489513 13.131344 0.152936 -1.617700
18 856 Car 0 0 0.000000 10.000000 100.000000 10.000000 100.000000 1.731382 1.785158 4.492522 -47.330438 5.369041 8.713536 -0.185332 -0.903500
18 854 Car 0 0 0.000000 10.000000 100.000000 10.000000 100.000000 1.855754 1.876492 4.877528 -42.350107 5.330065 12.799286 0.228406 -1.049200
18 853 Car 0 0 0.000000 10.000000 100.000000 10.000000 100.000000 1.599488 1.954442 4.228564 -16.870869 4.993367 52.227467 1.781999 -0.348500
18 852 Car 0 0 0.000000 10.000000 100.000000 10.000000 100.000000 1.850866 1.836913 4.755539 13.315145 3.688793 26.535995 -3.074916 1.356400
18 851 Car 0 0 0.000000 10.000000 100.000000 10.000000 100.000000 1.552870 1.746674 4.484381 -25.633791 4.777830 29.510856 -3.077887 1.643700
18 850 Car 0 0 0.000000 10.000000 100.000000 10.000000 100.000000 2.035328 1.634877 4.389687 -3.528703 4.189242 28.303316 -3.061413 1.759800
19 859 Car 0 0 0.000000 10.000000 100.000000 10.000000 100.000000 1.688060 1.786931 4.658915 -50.995470 5.488078 13.142904 0.139307 -1.227000
19 854 Car 0 0 0.000000 10.000000 100.000000 10.000000 100.000000 1.872222 1.883110 4.897102 -42.367650 5.333844 12.800338 0.254474 -0.995000
19 853 Car 0 0 0.000000 10.000000 100.000000 10.000000 100.000000 1.588927 1.944775 4.219687 -16.869603 4.979212 52.231323 1.771978 -0.298800
19 852 Car 0 0 0.000000 10.000000 100.000000 10.000000 100.000000 1.869057 1.793024 4.908787 12.423891 3.728040 26.566872 -3.069406 1.731300
19 851 Car 0 0 0.000000 10.000000 100.000000 10.000000 100.000000 1.569081 1.743723 4.475061 -26.533043 4.809321 29.560846 -3.087969 1.566600
19 850 Car 0 0 0.000000 10.000000 100.000000 10.000000 100.000000 2.043283 1.626672 4.316211 -4.282877 4.212365 28.341003 -3.078772 2.012100
20 863 Car 0 0 0.000000 10.000000 100.000000 10.000000 100.000000 1.767654 1.880917 4.560663 -47.119457 5.427996 9.208896 0.049525 -0.850600
20 859 Car 0 0 0.000000 10.000000 100.000000 10.000000 100.000000 1.659717 1.782833 4.649882 -50.958098 5.490016 13.122453 0.114387 -1.664500
20 854 Car 0 0 0.000000 10.000000 100.000000 10.000000 100.000000 1.882900 1.885020 4.945555 -42.383953 5.381354 12.810457 0.250896 -0.783900
20 853 Car 0 0 0.000000 10.000000 100.000000 10.000000 100.000000 1.651084 1.958263 4.277790 -16.882655 5.026172 52.231948 1.783354 -0.451100
20 852 Car 0 0 0.000000 10.000000 100.000000 10.000000 100.000000 1.879714 1.789919 4.995691 11.502163 3.749192 26.632748 -3.066374 1.887300
20 851 Car 0 0 0.000000 10.000000 100.000000 10.000000 100.000000 1.541528 1.703660 4.474343 -27.470511 4.818088 29.624742 -3.083415 1.603700
20 850 Car 0 0 0.000000 10.000000 100.000000 10.000000 100.000000 1.987362 1.623228 4.379367 -5.014620 4.194567 28.379481 -3.060372 1.791400
21 863 Car 0 0 0.000000 10.000000 100.000000 10.000000 100.000000 1.770926 1.862197 4.558628 -46.968986 5.401991 9.215624 0.043576 -1.020500
21 862 Car 0 0 0.000000 10.000000 100.000000 10.000000 100.000000 1.562557 1.752094 4.156698 -61.975375 5.562319 4.829965 -0.066721 -2.151800
21 859 Car 0 0 0.000000 10.000000 100.000000 10.000000 100.000000 1.675034 1.780711 4.658113 -50.986407 5.487724 13.145131 0.154311 -1.390700
21 854 Car 0 0 0.000000 10.000000 100.000000 10.000000 100.000000 1.880922 1.885564 4.940947 -42.386430 5.354260 12.790676 0.230927 -0.996800
21 853 Car 0 0 0.000000 10.000000 100.000000 10.000000 100.000000 1.592937 1.953280 4.230826 -16.877667 4.974100 52.230227 1.774227 -0.234000
21 852 Car 0 0 0.000000 10.000000 100.000000 10.000000 100.000000 1.827296 1.805914 5.139328 10.505175 3.771063 26.716716 -3.064969 1.687400
21 851 Car 0 0 0.000000 10.000000 100.000000 10.000000 100.000000 1.556529 1.766477 4.605772 -28.344863 4.864616 29.723649 -3.085816 1.303100
21 850 Car 0 0 0.000000 10.000000 100.000000 10.000000 100.000000 1.955989 1.597377 4.336496 -5.754654 4.191851 28.412391 -3.069783 1.858300
22 863 Car 0 0 0.000000 10.000000 100.000000 10.000000 100.000000 1.772086 1.840415 4.521294 -46.657530 5.402454 9.090004 0.053793 -0.673600
22 862 Car 0 0 0.000000 10.000000 100.000000 10.000000 100.000000 1.566844 1.748411 4.109402 -62.038994 5.552828 4.871402 -0.022916 -2.134100
22 859 Car 0 0 0.000000 10.000000 100.000000 10.000000 100.000000 1.683727 1.795784 4.684495 -50.969157 5.495033 13.144518 0.197248 -1.535600
22 854 Car 0 0 0.000000 10.000000 100.000000 10.000000 100.000000 1.880352 1.899307 4.988321 -42.429310 5.395854 12.769475 0.222558 -0.777800
22 853 Car 0 0 0.000000 10.000000 100.000000 10.000000 100.000000 1.660094 1.962254 4.286000 -16.891807 5.036658 52.235603 1.789467 -0.323800
22 852 Car 0 0 0.000000 10.000000 100.000000 10.000000 100.000000 1.804122 1.809923 5.191967 9.569168 3.762983 26.791925 -3.063505 1.757400
22 851 Car 0 0 0.000000 10.000000 100.000000 10.000000 100.000000 1.579378 1.781633 4.739903 -29.331486 4.900047 29.759847 -3.085373 1.126100
22 850 Car 0 0 0.000000 10.000000 100.000000 10.000000 100.000000 1.899260 1.613769 4.429389 -6.587698 4.195541 28.470053 -3.071771 2.171400
23 863 Car 0 0 0.000000 10.000000 100.000000 10.000000 100.000000 1.749346 1.813269 4.508626 -46.534765 5.359748 9.027140 0.014103 -0.589500
23 862 Car 0 0 0.000000 10.000000 100.000000 10.000000 100.000000 1.549750 1.741764 4.117531 -61.942391 5.541809 4.880269 -0.011000 -2.173700
23 859 Car 0 0 0.000000 10.000000 100.000000 10.000000 100.000000 1.683727 1.795784 4.684495 -50.978986 5.495869 13.149778 0.197248 -1.535600
23 854 Car 0 0 0.000000 10.000000 100.000000 10.000000 100.000000 1.878033 1.891824 4.958890 -42.406514 5.363976 12.785360 0.235863 -1.011100
23 853 Car 0 0 0.000000 10.000000 100.000000 10.000000 100.000000 1.608183 1.956226 4.228028 -16.880542 4.989119 52.223710 1.777303 -0.399300
23 852 Car 0 0 0.000000 10.000000 100.000000 10.000000 100.000000 1.797990 1.842417 5.214113 8.711669 3.778666 26.859318 -3.061153 1.721600
23 851 Car 0 0 0.000000 10.000000 100.000000 10.000000 100.000000 1.602753 1.802440 4.725563 -30.349950 4.949530 29.817269 -3.072040 1.200600
23 850 Car 0 0 0.000000 10.000000 100.000000 10.000000 100.000000 1.943660 1.633503 4.409310 -7.363449 4.225524 28.530355 -3.067401 1.674100
24 863 Car 0 0 0.000000 10.000000 100.000000 10.000000 100.000000 1.757785 1.822373 4.480303 -46.399530 5.339513 9.068162 0.033746 -0.371900
24 862 Car 0 0 0.000000 10.000000 100.000000 10.000000 100.000000 1.549750 1.741764 4.117531 -61.897092 5.534228 4.890281 -0.011000 -2.173700
24 854 Car 0 0 0.000000 10.000000 100.000000 10.000000 100.000000 1.861449 1.897248 4.962233 -42.431244 5.402907 12.775101 0.214802 -0.976000
24 853 Car 0 0 0.000000 10.000000 100.000000 10.000000 100.000000 1.679947 1.960289 4.275414 -16.882462 5.053412 52.241442 1.784956 -0.468100
24 852 Car 0 0 0.000000 10.000000 100.000000 10.000000 100.000000 1.757144 1.839255 5.265958 7.782918 3.801916 26.918891 -3.072060 1.772300
24 851 Car 0 0 0.000000 10.000000 100.000000 10.000000 100.000000 1.606181 1.798954 4.572004 -31.146910 4.975580 29.854744 -3.094326 1.521800
24 850 Car 0 0 0.000000 10.000000 100.000000 10.000000 100.000000 1.950050 1.593700 4.403989 -8.083269 4.257954 28.542370 -3.066968 2.040600
25 863 Car 0 0 0.000000 10.000000 100.000000 10.000000 100.000000 1.809771 1.843156 4.415840 -46.166694 5.324004 9.048128 0.018319 -0.255200
25 862 Car 0 0 0.000000 10.000000 100.000000 10.000000 100.000000 1.588654 1.749245 4.155363 -62.103112 5.562250 4.840923 -0.017525 -2.127700
25 854 Car 0 0 0.000000 10.000000 100.000000 10.000000 100.000000 1.861449 1.897248 4.962233 -42.435128 5.407897 12.774960 0.214802 -0.976000
25 853 Car 0 0 0.000000 10.000000 100.000000 10.000000 100.000000 1.639684 1.946019 4.253527 -16.881554 5.017644 52.230848 1.773046 -0.415700
25 852 Car 0 0 0.000000 10.000000 100.000000 10.000000 100.000000 1.791109 1.850716 5.329085 6.902790 3.819280 26.987603 -3.075051 1.937800
25 851 Car 0 0 0.000000 10.000000 100.000000 10.000000 100.000000 1.603474 1.772963 4.659701 -32.140530 5.027421 29.906406 -3.099440 0.894200
25 850 Car 0 0 0.000000 10.000000 100.000000 10.000000 100.000000 1.920786 1.588014 4.409496 -9.001556 4.277077 28.603041 -3.059757 2.346900
26 863 Car 0 0 0.000000 10.000000 100.000000 10.000000 100.000000 1.780618 1.866668 4.465938 -46.082716 5.303190 9.085901 0.030844 -0.091500
26 862 Car 0 0 0.000000 10.000000 100.000000 10.000000 100.000000 1.575140 1.748837 4.124313 -62.073348 5.554123 4.877758 -0.012835 -2.093900
26 853 Car 0 0 0.000000 10.000000 100.000000 10.000000 100.000000 1.641672 1.945575 4.257095 -16.876762 5.026618 52.233157 1.770722 -0.564200
26 852 Car 0 0 0.000000 10.000000 100.000000 10.000000 100.000000 1.806369 1.853796 5.248874 6.004633 3.844083 27.024822 -3.089667 1.898000
26 851 Car 0 0 0.000000 10.000000 100.000000 10.000000 100.000000 1.598237 1.784358 4.784852 -33.108774 5.046463 29.943373 -3.103062 1.464900
26 850 Car 0 0 0.000000 10.000000 100.000000 10.000000 100.000000 1.921845 1.584421 4.393862 -9.777504 4.297595 28.650238 -3.050019 1.845700
27 868 Car 0 0 0.000000 10.000000 100.000000 10.000000 100.000000 1.631829 1.766420 4.627966 -50.988166 5.458482 13.146525 0.160045 -1.355900
27 867 Car 0 0 0.000000 10.000000 100.000000 10.000000 100.000000 1.881969 1.882423 4.931737 -42.422034 5.345447 12.770519 0.239825 -0.967400
27 863 Car 0 0 0.000000 10.000000 100.000000 10.000000 100.000000 1.808913 1.934054 4.500277 -46.052946 5.323089 9.258091 0.099039 0.128300
27 862 Car 0 0 0.000000 10.000000 100.000000 10.000000 100.000000 1.575140 1.748837 4.124313 -62.067948 5.551763 4.883135 -0.012835 -2.093900
27 853 Car 0 0 0.000000 10.000000 100.000000 10.000000 100.000000 1.635880 1.944292 4.247148 -16.871028 5.014518 52.230966 1.766435 -0.580700
27 852 Car 0 0 0.000000 10.000000 100.000000 10.000000 100.000000 1.771902 1.826976 5.288320 5.113244 3.892358 27.053071 -3.105324 1.560000
27 851 Car 0 0 0.000000 10.000000 100.000000 10.000000 100.000000 1.614159 1.760590 4.783831 -34.109288 5.056959 30.001866 -3.112418 0.649200
27 850 Car 0 0 0.000000 10.000000 100.000000 10.000000 100.000000 1.905996 1.617102 4.459150 -10.582132 4.306024 28.729801 -3.059772 2.182700
28 868 Car 0 0 0.000000 10.000000 100.000000 10.000000 100.000000 1.650770 1.798463 4.658422 -50.977711 5.472706 13.133020 0.186014 -1.496100
28 867 Car 0 0 0.000000 10.000000 100.000000 10.000000 100.000000 1.875502 1.874176 4.892673 -42.368490 5.342994 12.801736 0.260755 -1.087500
28 863 Car 0 0 0.000000 10.000000 100.000000 10.000000 100.000000 1.808913 1.934054 4.500277 -45.902057 5.306823 9.267521 0.099039 0.128300
28 853 Car 0 0 0.000000 10.000000 100.000000 10.000000 100.000000 1.669142 1.952950 4.294460 -16.874426 5.056762 52.248759 1.790446 -0.354100
28 852 Car 0 0 0.000000 10.000000 100.000000 10.000000 100.000000 1.765164 1.854741 5.128484 4.106338 3.901336 27.091083 -3.104382 1.439500
28 851 Car 0 0 0.000000 10.000000 100.000000 10.000000 100.000000 1.588969 1.721104 4.660638 -34.983235 5.063997 30.005184 -3.114137 0.959200
28 850 Car 0 0 0.000000 10.000000 100.000000 10.000000 100.000000 1.923365 1.616297 4.404608 -11.477019 4.336339 28.769514 -3.052002 2.123300
29 868 Car 0 0 0.000000 10.000000 100.000000 10.000000 100.000000 1.650770 1.798463 4.658422 -50.981627 5.474769 13.143649 0.186014 -1.496100
29 867 Car 0 0 0.000000 10.000000 100.000000 10.000000 100.000000 1.888559 1.881741 4.909770 -42.408436 5.357983 12.777251 0.247840 -1.062600
29 863 Car 0 0 0.000000 10.000000 100.000000 10.000000 100.000000 1.843564 1.910353 4.544796 -45.824381 5.356895 9.199055 0.056452 -0.208500
29 853 Car 0 0 0.000000 10.000000 100.000000 10.000000 100.000000 1.596497 1.948036 4.198009 -16.876066 4.988989 52.195193 1.780149 -0.121500
29 852 Car 0 0 0.000000 10.000000 100.000000 10.000000 100.000000 1.814938 1.879993 5.115577 3.270420 3.935426 27.163334 -3.107112 1.387000
29 851 Car 0 0 0.000000 10.000000 100.000000 10.000000 100.000000 1.604686 1.789394 4.741886 -35.948240 5.111332 30.019455 -3.100270 0.905700
29 850 Car 0 0 0.000000 10.000000 100.000000 10.000000 100.000000 1.923201 1.620749 4.427038 -12.295907 4.391747 28.812681 -3.062755 2.032700
30 868 Car 0 0 0.000000 10.000000 100.000000 10.000000 100.000000 1.631967 1.797187 4.608013 -50.906044 5.475293 13.106745 0.138569 -1.917700
30 867 Car 0 0 0.000000 10.000000 100.000000 10.000000 100.000000 1.891675 1.889319 4.936864 -42.411779 5.363876 12.767022 0.230807 -1.135500
30 863 Car 0 0 0.000000 10.000000 100.000000 10.000000 100.000000 1.843564 1.910353 4.544796 -45.682404 5.348704 9.199002 0.056452 -0.208500
30 853 Car 0 0 0.000000 10.000000 100.000000 10.000000 100.000000 1.577587 1.941401 4.211600 -16.869385 4.966444 52.215259 1.772013 -0.313500
30 852 Car 0 0 0.000000 10.000000 100.000000 10.000000 100.000000 1.845136 1.899404 5.101191 2.356676 3.964419 27.206788 -3.107970 1.377900
30 851 Car 0 0 0.000000 10.000000 100.000000 10.000000 100.000000 1.608526 1.803798 4.849556 -36.995446 5.176445 30.055729 -3.110486 0.718700
30 850 Car 0 0 0.000000 10.000000 100.000000 10.000000 100.000000 1.934820 1.629186 4.333506 -13.153198 4.438379 28.892714 -3.066985 2.236600
31 869 Car 0 0 0.000000 10.000000 100.000000 10.000000 100.000000 1.826592 1.892418 4.524526 -45.630783 5.369682 9.217150 0.085693 -0.237000
31 868 Car 0 0 0.000000 10.000000 100.000000 10.000000 100.000000 1.621988 1.785613 4.597815 -50.923575 5.478228 13.090998 0.119149 -2.005600
31 867 Car 0 0 0.000000 10.000000 100.000000 10.000000 100.000000 1.877475 1.884425 4.932498 -42.406114 5.356331 12.768006 0.227023 -1.182900
31 853 Car 0 0 0.000000 10.000000 100.000000 10.000000 100.000000 1.570859 1.943069 4.205482 -16.870265 4.959052 52.223549 1.767484 -0.348200
31 852 Car 0 0 0.000000 10.000000 100.000000 10.000000 100.000000 1.812111 1.887226 4.901572 1.187754 4.004840 27.277068 -3.119175 2.127900
31 851 Car 0 0 0.000000 10.000000 100.000000 10.000000 100.000000 1.611600 1.781735 4.775605 -38.081843 5.279637 30.076853 -3.107343 0.532600
31 850 Car 0 0 0.000000 10.000000 100.000000 10.000000 100.000000 1.953472 1.649713 4.359954 -13.976858 4.462579 28.956196 -3.050369 1.867800
32 869 Car 0 0 0.000000 10.000000 100.000000 10.000000 100.000000 1.800649 1.873257 4.493322 -45.537356 5.359656 9.109206 0.067662 -0.219100
32 868 Car 0 0 0.000000 10.000000 100.000000 10.000000 100.000000 1.634399 1.777232 4.629870 -50.946116 5.461096 13.114917 0.147638 -1.416700
32 867 Car 0 0 0.000000 10.000000 100.000000 10.000000 100.000000 1.881075 1.891702 4.985774 -42.419749 5.397221 12.775214 0.232500 -0.766400
32 853 Car 0 0 0.000000 10.000000 100.000000 10.000000 100.000000 1.572553 1.944077 4.212291 -16.871866 4.957970 52.218237 1.769277 -0.319900
32 852 Car 0 0 0.000000 10.000000 100.000000 10.000000 100.000000 1.801598 1.916196 4.885273 0.195861 4.038201 27.322333 -3.126607 1.499800
32 851 Car 0 0 0.000000 10.000000 100.000000 10.000000 100.000000 1.665307 1.810205 4.756937 -39.484155 5.338991 30.163676 -3.120295 0.251500
32 850 Car 0 0 0.000000 10.000000 100.000000 10.000000 100.000000 1.926481 1.640682 4.373394 -14.790178 4.463658 28.989091 -3.059226 2.131300
33 869 Car 0 0 0.000000 10.000000 100.000000 10.000000 100.000000 1.795606 1.862392 4.493803 -45.441564 5.356545 9.086042 0.051338 -0.238900
33 868 Car 0 0 0.000000 10.000000 100.000000 10.000000 100.000000 1.634399 1.777232 4.629870 -50.942388 5.459472 13.115218 0.147638 -1.416700
33 867 Car 0 0 0.000000 10.000000 100.000000 10.000000 100.000000 1.894811 1.892566 4.988571 -42.431807 5.374590 12.766677 0.239598 -0.969600
33 853 Car 0 0 0.000000 10.000000 100.000000 10.000000 100.000000 1.634818 1.946687 4.270145 -16.876544 5.012382 52.236231 1.784362 -0.312200
33 852 Car 0 0 0.000000 10.000000 100.000000 10.000000 100.000000 1.794739 1.904085 4.865389 -0.794192 4.061658 27.333676 -3.130125 1.991400
33 851 Car 0 0 0.000000 10.000000 100.000000 10.000000 100.000000 1.710666 1.886714 4.791030 -40.880656 5.464244 30.193912 3.087302 -0.016200
33 850 Car 0 0 0.000000 10.000000 100.000000 10.000000 100.000000 1.938545 1.635193 4.512888 -15.501248 4.486363 29.017628 -3.072683 2.163700
34 869 Car 0 0 0.000000 10.000000 100.000000 10.000000 100.000000 1.796777 1.875440 4.514695 -45.348700 5.355876 9.083992 0.048771 -0.234900
34 867 Car 0 0 0.000000 10.000000 100.000000 10.000000 100.000000 1.897153 1.893452 4.967267 -42.427042 5.363749 12.768150 0.243608 -1.018500
34 853 Car 0 0 0.000000 10.000000 100.000000 10.000000 100.000000 1.660084 1.953246 4.298485 -16.881334 5.035720 52.243002 1.788641 -0.361200
34 852 Car 0 0 0.000000 10.000000 100.000000 10.000000 100.000000 1.751885 1.857309 4.837337 -1.773149 4.068807 27.335886 -3.125783 1.897400
34 851 Car 0 0 0.000000 10.000000 100.000000 10.000000 100.000000 1.637265 1.941834 4.710914 -41.919640 5.537881 30.265261 3.127896 -0.657300
34 850 Car 0 0 0.000000 10.000000 100.000000 10.000000 100.000000 1.963238 1.613937 4.392564 -16.325491 4.534621 29.028960 -3.075660 1.763300
35 869 Car 0 0 0.000000 10.000000 100.000000 10.000000 100.000000 1.808287 1.869606 4.510743 -45.283471 5.356270 9.059409 0.035492 -0.515100
35 867 Car 0 0 0.000000 10.000000 100.000000 10.000000 100.000000 1.897058 1.883408 4.960365 -42.412713 5.363972 12.787304 0.246684 -0.924000
35 853 Car 0 0 0.000000 10.000000 100.000000 10.000000 100.000000 1.677399 1.958656 4.321485 -16.880208 5.063528 52.242079 1.795281 -0.347000
35 852 Car 0 0 0.000000 10.000000 100.000000 10.000000 100.000000 1.721672 1.833138 4.752829 -2.772923 4.083051 27.333142 -3.126226 1.832600
35 851 Car 0 0 0.000000 10.000000 100.000000 10.000000 100.000000 1.644579 1.911529 4.762017 -42.716918 5.507764 30.467417 -2.996523 -1.143000
35 850 Car 0 0 0.000000 10.000000 100.000000 10.000000 100.000000 1.951287 1.579366 4.291661 -17.220342 4.583987 29.088964 -3.069443 2.068100
36 869 Car 0 0 0.000000 10.000000 100.000000 10.000000 100.000000 1.808480 1.841976 4.411336 -45.139872 5.346993 9.019351 0.019542 -0.224300
36 867 Car 0 0 0.000000 10.000000 100.000000 10.000000 100.000000 1.895292 1.882847 4.937829 -42.407426 5.352685 12.771952 0.227402 -1.141700
36 853 Car 0 0 0.000000 10.000000 100.000000 10.000000 100.000000 1.598724 1.953615 4.245167 -16.876243 4.994809 52.227910 1.782367 -0.383800
36 852 Car 0 0 0.000000 10.000000 100.000000 10.000000 100.000000 1.732258 1.873843 4.800832 -3.648374 4.100685 27.386662 -3.129609 1.960500
36 851 Car 0 0 0.000000 10.000000 100.000000 10.000000 100.000000 1.644579 1.911529 4.762017 -43.713698 5.550182 30.530913 -2.996523 -1.143000
36 850 Car 0 0 0.000000 10.000000 100.000000 10.000000 100.000000 2.003457 1.575988 4.192491 -18.006097 4.634351 29.149261 -3.076276 1.793200
37 869 Car 0 0 0.000000 10.000000 100.000000 10.000000 100.000000 1.825241 1.897614 4.502536 -45.180763 5.313827 9.145365 0.061904 0.000500
37 867 Car 0 0 0.000000 10.000000 100.000000 10.000000 100.000000 1.895297 1.886897 4.944671 -42.421344 5.352810 12.766002 0.237342 -1.028100
37 853 Car 0 0 0.000000 10.000000 100.000000 10.000000 100.000000 1.579179 1.950083 4.224483 -16.872515 4.977338 52.231200 1.777187 -0.454700
37 852 Car 0 0 0.000000 10.000000 100.000000 10.000000 100.000000 1.744150 1.923815 4.838945 -4.608573 4.131971 27.440193 -3.128367 2.011400
37 851 Car 0 0 0.000000 10.000000 100.000000 10.000000 100.000000 1.568037 2.068820 4.970838 -44.929423 5.538869 30.422816 -3.086089 -1.438400
37 850 Car 0 0 0.000000 10.000000 100.000000 10.000000 100.000000 1.989949 1.593115 4.245091 -18.821547 4.642052 29.193103 -3.068009 1.737600
38 874 Car 0 0 0.000000 10.000000 100.000000 10.000000 100.000000 1.559455 1.743611 4.105145 -62.084809 5.531467 4.884467 -0.004913 -2.195100
38 873 Car 0 0 0.000000 10.000000 100.000000 10.000000 100.000000 1.619855 1.773171 4.566900 -50.945562 5.478498 13.090940 0.127777 -1.995900
38 869 Car 0 0 0.000000 10.000000 100.000000 10.000000 100.000000 1.823671 1.873873 4.419759 -45.109911 5.348694 9.054585 0.035379 -0.334200
38 867 Car 0 0 0.000000 10.000000 100.000000 10.000000 100.000000 1.869403 1.893697 4.975467 -42.450495 5.398434 12.753140 0.212771 -0.966800
38 853 Car 0 0 0.000000 10.000000 100.000000 10.000000 100.000000 1.579439 1.951577 4.218870 -16.872088 4.979268 52.226773 1.773725 -0.309600
38 852 Car 0 0 0.000000 10.000000 100.000000 10.000000 100.000000 1.778235 1.964782 4.863453 -5.593356 4.150805 27.467908 -3.125854 2.007300
38 851 Car 0 0 0.000000 10.000000 100.000000 10.000000 100.000000 1.568037 2.068820 4.970838 -45.945276 5.576606 30.471364 -3.086089 -1.438400
38 850 Car 0 0 0.000000 10.000000 100.000000 10.000000 100.000000 1.958337 1.605899 4.385143 -19.683683 4.641644 29.214549 -3.066582 1.775500
39 874 Car 0 0 0.000000 10.000000 100.000000 10.000000 100.000000 1.559455 1.743611 4.105145 -62.057435 5.518717 4.900568 -0.004913 -2.195100
39 873 Car 0 0 0.000000 10.000000 100.000000 10.000000 100.000000 1.619855 1.773171 4.566900 -50.934479 5.487791 13.075027 0.127777 -1.995900
39 869 Car 0 0 0.000000 10.000000 100.000000 10.000000 100.000000 1.826655 1.911157 4.497409 -45.193864 5.315463 9.165145 0.078274 -0.113500
39 867 Car 0 0 0.000000 10.000000 100.000000 10.000000 100.000000 1.861985 1.873180 4.919370 -42.401220 5.369933 12.789320 0.235276 -1.119500
39 853 Car 0 0 0.000000 10.000000 100.000000 10.000000 100.000000 1.568229 1.948934 4.216416 -16.869263 4.964224 52.218175 1.777470 -0.359800
39 852 Car 0 0 0.000000 10.000000 100.000000 10.000000 100.000000 1.745828 1.955708 4.925842 -6.555605 4.185148 27.477278 -3.126809 1.939100
39 851 Car 0 0 0.000000 10.000000 100.000000 10.000000 100.000000 1.615919 2.016068 4.963349 -47.202209 5.519377 30.418906 -3.104310 -1.220500
39 850 Car 0 0 0.000000 10.000000 100.000000 10.000000 100.000000 1.990328 1.597433 4.291237 -20.423837 4.687335 29.260443 -3.083095 2.139100
40 874 Car 0 0 0.000000 10.000000 100.000000 10.000000 100.000000 1.554357 1.743163 4.118232 -61.982240 5.564724 4.876327 -0.039949 -2.070700
40 873 Car 0 0 0.000000 10.000000 100.000000 10.000000 100.000000 1.615310 1.780676 4.546845 -50.948088 5.462025 13.095359 0.128510 -2.096400
40 869 Car 0 0 0.000000 10.000000 100.000000 10.000000 100.000000 1.823469 1.971936 4.588378 -45.286984 5.287803 9.235508 0.102755 0.150000
40 867 Car 0 0 0.000000 10.000000 100.000000 10.000000 100.000000 1.885727 1.878322 4.915928 -42.398969 5.354639 12.799942 0.260374 -0.981400
40 853 Car 0 0 0.000000 10.000000 100.000000 10.000000 100.000000 1.631807 1.960223 4.271349 -16.883685 5.016797 52.232826 1.792745 -0.389500
40 852 Car 0 0 0.000000 10.000000 100.000000 10.000000 100.000000 1.728815 1.901996 4.904370 -7.487222 4.211003 27.469574 -3.122663 1.800100
40 851 Car 0 0 0.000000 10.000000 100.000000 10.000000 100.000000 1.631691 1.956566 4.931370 -48.081472 5.524628 30.520957 -3.065509 -1.727000
40 850 Car 0 0 0.000000 10.000000 100.000000 10.000000 100.000000 1.967691 1.614717 4.283612 -21.272852 4.680868 29.333682 -3.089340 2.100000
41 874 Car 0 0 0.000000 10.000000 100.000000 10.000000 100.000000 1.592303 1.742996 4.136854 -62.106234 5.579128 4.845508 -0.022617 -2.103100
41 873 Car 0 0 0.000000 10.000000 100.000000 10.000000 100.000000 1.639177 1.770433 4.614954 -50.969053 5.455048 13.136443 0.166932 -1.312400
41 869 Car 0 0 0.000000 10.000000 100.000000 10.000000 100.000000 1.793390 1.938293 4.556007 -45.270732 5.318507 9.204112 0.068906 -0.135900
41 867 Car 0 0 0.000000 10.000000 100.000000 10.000000 100.000000 1.897453 1.875713 4.892920 -42.408360 5.334229 12.823270 0.311122 -1.035900
41 853 Car 0 0 0.000000 10.000000 100.000000 10.000000 100.000000 1.658193 1.959714 4.294681 -16.885570 5.043529 52.236314 1.794686 -0.346000
41 852 Car 0 0 0.000000 10.000000 100.000000 10.000000 100.000000 1.678560 1.917078 4.940853 -8.438179 4.241518 27.496583 -3.129670 2.065600
41 851 Car 0 0 0.000000 10.000000 100.000000 10.000000 100.000000 1.631691 1.956566 4.931370 -49.104169 5.552062 30.566309 -3.065509 -1.727000
41 850 Car 0 0 0.000000 10.000000 100.000000 10.000000 100.000000 1.985001 1.573731 4.270564 -22.116184 4.722913 29.345953 -3.094878 2.086000
42 874 Car 0 0 0.000000 10.000000 100.000000 10.000000 100.000000 1.595961 1.747527 4.163930 -62.144563 5.569509 4.834109 -0.022367 -2.156900
42 873 Car 0 0 0.000000 10.000000 100.000000 10.000000 100.000000 1.639177 1.770433 4.614954 -50.971711 5.452123 13.143182 0.166932 -1.312400
42 869 Car 0 0 0.000000 10.000000 100.000000 10.000000 100.000000 1.798093 1.900844 4.569414 -45.245994 5.341893 9.069445 0.010118 -0.224000
42 867 Car 0 0 0.000000 10.000000 100.000000 10.000000 100.000000 1.900634 1.884605 4.940373 -42.429618 5.357166 12.793179 0.277231 -0.925700
42 853 Car 0 0 0.000000 10.000000 100.000000 10.000000 100.000000 1.601709 1.955503 4.240306 -16.879274 4.995873 52.223584 1.780718 -0.327700
42 852 Car 0 0 0.000000 10.000000 100.000000 10.000000 100.000000 1.678560 1.917078 4.940853 -9.389956 4.266242 27.532465 -3.129670 2.065600
42 850 Car 0 0 0.000000 10.000000 100.000000 10.000000 100.000000 1.958981 1.575010 4.293454 -22.895223 4.710790 29.397178 -3.085312 2.031500
43 874 Car 0 0 0.000000 10.000000 100.000000 10.000000 100.000000 1.595961 1.747527 4.163930 -62.148570 5.572019 4.829917 -0.022367 -2.156900
43 869 Car 0 0 0.000000 10.000000 100.000000 10.000000 100.000000 1.803042 1.885119 4.560876 -45.263850 5.347524 9.011520 -0.007331 -0.363900
43 867 Car 0 0 0.000000 10.000000 100.000000 10.000000 100.000000 1.911305 1.897457 4.958251 -42.435548 5.362208 12.778244 0.261443 -1.030900
43 853 Car 0 0 0.000000 10.000000 100.000000 10.000000 100.000000 1.581432 1.951855 4.217558 -16.873472 4.973223 52.221426 1.775877 -0.381800
43 852 Car 0 0 0.000000 10.000000 100.000000 10.000000 100.000000 1.723959 1.937789 5.058473 -10.431380 4.264283 27.523898 -3.132224 2.174300
43 850 Car 0 0 0.000000 10.000000 100.000000 10.000000 100.000000 1.981798 1.596140 4.290268 -23.799728 4.774373 29.455991 -3.089693 1.793900
44 877 Car 0 0 0.000000 10.000000 100.000000 10.000000 100.000000 1.633209 1.699220 4.499300 34.966609 3.161188 25.095306 -2.888054 -2.117000
44 874 Car 0 0 0.000000 10.000000 100.000000 10.000000 100.000000 1.608004 1.746494 4.157250 -62.164767 5.575553 4.831105 -0.014802 -2.129800
44 869 Car 0 0 0.000000 10.000000 100.000000 10.000000 100.000000 1.807219 1.882141 4.478136 -45.200979 5.336133 9.028102 0.009366 -0.188600
44 867 Car 0 0 0.000000 10.000000 100.000000 10.000000 100.000000 1.900054 1.897731 4.963720 -42.430529 5.356626 12.771490 0.248367 -0.996500
44 853 Car 0 0 0.000000 10.000000 100.000000 10.000000 100.000000 1.584811 1.947371 4.211095 -16.873622 4.969125 52.217886 1.772112 -0.347900
44 852 Car 0 0 0.000000 10.000000 100.000000 10.000000 100.000000 1.769296 1.950010 5.036088 -11.371670 4.335150 27.512396 3.135282 1.697000
44 850 Car 0 0 0.000000 10.000000 100.000000 10.000000 100.000000 2.017831 1.605139 4.167299 -24.717471 4.830853 29.523792 -3.086483 1.901700
45 877 Car 0 0 0.000000 10.000000 100.000000 10.000000 100.000000 1.633209 1.699220 4.499300 34.499096 3.150540 24.322454 -2.888054 -2.117000
45 874 Car 0 0 0.000000 10.000000 100.000000 10.000000 100.000000 1.608004 1.746494 4.157250 -62.170538 5.578212 4.827692 -0.014802 -2.129800
45 869 Car 0 0 0.000000 10.000000 100.000000 10.000000 100.000000 1.798987 1.883661 4.530709 -45.225761 5.343467 9.016604 0.003630 -0.164800
45 867 Car 0 0 0.000000 10.000000 100.000000 10.000000 100.000000 1.900453 1.891037 4.955426 -42.422098 5.354626 12.771406 0.241827 -1.043700
45 853 Car 0 0 0.000000 10.000000 100.000000 10.000000 100.000000 1.577450 1.949119 4.215980 -16.866508 4.971519 52.216832 1.770365 -0.362800
45 852 Car 0 0 0.000000 10.000000 100.000000 10.000000 100.000000 1.721979 1.935305 4.915222 -12.510589 4.386373 27.501292 3.127842 1.617000
45 850 Car 0 0 0.000000 10.000000 100.000000 10.000000 100.000000 2.011693 1.627611 4.253515 -25.487640 4.833073 29.552314 -3.073515 1.595800
46 874 Car 0 0 0.000000 10.000000 100.000000 10.000000 100.000000 1.606172 1.747010 4.169648 -62.168541 5.574814 4.830056 -0.017664 -2.151900
46 869 Car 0 0 0.000000 10.000000 100.000000 10.000000 100.000000 1.816176 1.871942 4.461174 -45.160216 5.350912 9.002449 0.014974 -0.302000
46 867 Car 0 0 0.000000 10.000000 100.000000 10.000000 100.000000 1.887751 1.881744 4.969007 -42.448353 5.369515 12.767831 0.252308 -1.018100
46 853 Car 0 0 0.000000 10.000000 100.000000 10.000000 100.000000 1.563328 1.944843 4.216672 -16.865589 4.960635 52.220251 1.770748 -0.245500
46 852 Car 0 0 0.000000 10.000000 100.000000 10.000000 100.000000 1.756619 1.940187 4.909705 -13.547986 4.403205 27.495867 3.135969 1.707500
46 850 Car 0 0 0.000000 10.000000 100.000000 10.000000 100.000000 1.983639 1.605479 4.293554 -26.361252 4.829695 29.608357 -3.081787 1.807600
47 874 Car 0 0 0.000000 10.000000 100.000000 10.000000 100.000000 1.611768 1.746623 4.161567 -62.168683 5.582033 4.831817 -0.012815 -2.093500
47 869 Car 0 0 0.000000 10.000000 100.000000 10.000000 100.000000 1.813719 1.866354 4.428064 -45.148280 5.336655 9.028481 0.019122 -0.144300
47 867 Car 0 0 0.000000 10.000000 100.000000 10.000000 100.000000 1.878943 1.877143 4.959423 -42.435311 5.377561 12.775694 0.260699 -0.987400
47 853 Car 0 0 0.000000 10.000000 100.000000 10.000000 100.000000 1.570294 1.942282 4.210880 -16.865402 4.959078 52.228106 1.765147 -0.281600
47 852 Car 0 0 0.000000 10.000000 100.000000 10.000000 100.000000 1.775706 1.982657 4.875213 -14.667076 4.467310 27.495273 -3.139171 2.325100
47 850 Car 0 0 0.000000 10.000000 100.000000 10.000000 100.000000 1.971749 1.592142 4.253781 -27.272368 4.857185 29.636799 -3.094650 1.738200
48 874 Car 0 0 0.000000 10.000000 100.000000 10.000000 100.000000 1.609989 1.748594 4.172505 -62.162218 5.576479 4.830938 -0.016599 -2.119700
48 869 Car 0 0 0.000000 10.000000 100.000000 10.000000 100.000000 1.806044 1.877136 4.515662 -45.217078 5.354516 8.985215 -0.012173 -0.329200
48 867 Car 0 0 0.000000 10.000000 100.000000 10.000000 100.000000 1.877433 1.884100 4.979619 -42.452103 5.377549 12.769368 0.264708 -0.891200
48 853 Car 0 0 0.000000 10.000000 100.000000 10.000000 100.000000 1.581855 1.947299 4.225293 -16.868364 4.979161 52.228485 1.767334 -0.354700
48 852 Car 0 0 0.000000 10.000000 100.000000 10.000000 100.000000 1.732007 1.940657 4.734292 -15.745673 4.488210 27.469482 3.139361 1.792400
48 850 Car 0 0 0.000000 10.000000 100.000000 10.000000 100.000000 2.018627 1.646689 4.490562 -28.155773 4.882722 29.676318 -3.089799 1.844800
49 874 Car 0 0 0.000000 10.000000 100.000000 10.000000 100.000000 1.609989 1.748594 4.172505 -62.165298 5.578112 4.828894 -0.016599 -2.119700
49 869 Car 0 0 0.000000 10.000000 100.000000 10.000000 100.000000 1.799095 1.873406 4.534844 -45.248885 5.360947 8.995748 -0.005091 -0.433500
49 867 Car 0 0 0.000000 10.000000 100.000000 10.000000 100.000000 1.884705 1.890713 4.972191 -42.429665 5.363619 12.768510 0.251221 -1.036000
49 853 Car 0 0 0.000000 10.000000 100.000000 10.000000 100.000000 1.574837 1.951564 4.216088 -16.868728 4.974646 52.217326 1.768478 -0.362800
49 852 Car 0 0 0.000000 10.000000 100.000000 10.000000 100.000000 1.749987 1.919856 4.773171 -16.905985 4.530014 27.430827 3.126521 1.739100
49 850 Car 0 0 0.000000 10.000000 100.000000 10.000000 100.000000 1.985731 1.635633 4.437125 -28.986313 4.879039 29.689391 -3.094497 1.595300
50 874 Car 0 0 0.000000 10.000000 100.000000 10.000000 100.000000 1.571492 1.745414 4.095925 -62.097463 5.543037 4.873995 0.000905 -2.159600
50 869 Car 0 0 0.000000 10.000000 100.000000 10.000000 100.000000 1.790816 1.895837 4.533890 -45.263934 5.346513 9.104373 0.024807 -0.111700
50 867 Car 0 0 0.000000 10.000000 100.000000 10.000000 100.000000 1.888287 1.875934 4.946919 -42.421914 5.355420 12.788235 0.251261 -0.954600
50 853 Car 0 0 0.000000 10.000000 100.000000 10.000000 100.000000 1.584888 1.945035 4.226355 -16.867838 4.977346 52.232427 1.767865 -0.208400
50 852 Car 0 0 0.000000 10.000000 100.000000 10.000000 100.000000 1.714705 1.915186 4.696244 -17.972901 4.572637 27.392918 3.130393 1.638200
50 850 Car 0 0 0.000000 10.000000 100.000000 10.000000 100.000000 1.962659 1.626775 4.403056 -29.829405 4.896879 29.713175 -3.093633 1.843800
51 874 Car 0 0 0.000000 10.000000 100.000000 10.000000 100.000000 1.600988 1.742937 4.130653 -62.146066 5.570760 4.846866 -0.007714 -2.119100
51 869 Car 0 0 0.000000 10.000000 100.000000 10.000000 100.000000 1.781165 1.893836 4.521350 -45.255806 5.335118 9.145239 0.033199 -0.132700
51 867 Car 0 0 0.000000 10.000000 100.000000 10.000000 100.000000 1.899049 1.875295 4.951172 -42.429334 5.362571 12.808415 0.285886 -0.915000
51 853 Car 0 0 0.000000 10.000000 100.000000 10.000000 100.000000 1.579580 1.945570 4.215444 -16.871171 4.971619 52.231702 1.768928 -0.254000
51 852 Car 0 0 0.000000 10.000000 100.000000 10.000000 100.000000 1.737137 1.862662 4.721803 -19.076902 4.594053 27.322732 3.119881 1.465500
51 850 Car 0 0 0.000000 10.000000 100.000000 10.000000 100.000000 1.997233 1.627038 4.528853 -30.700755 4.934368 29.771661 -3.082797 1.987200
52 874 Car 0 0 0.000000 10.000000 100.000000 10.000000 100.000000 1.600988 1.742937 4.130653 -62.147237 5.571658 4.846610 -0.007714 -2.119100
52 869 Car 0 0 0.000000 10.000000 100.000000 10.000000 100.000000 1.788541 1.887448 4.560379 -45.260679 5.351344 9.046152 0.002845 -0.304600
52 867 Car 0 0 0.000000 10.000000 100.000000 10.000000 100.000000 1.899049 1.875295 4.951172 -42.430470 5.362818 12.810796 0.285886 -0.915000
52 853 Car 0 0 0.000000 10.000000 100.000000 10.000000 100.000000 1.568344 1.943054 4.178458 -16.877345 4.962300 52.198173 1.773599 -0.139700
52 852 Car 0 0 0.000000 10.000000 100.000000 10.000000 100.000000 1.736496 1.865528 4.666240 -20.256754 4.609700 27.307469 3.123963 1.561300
52 850 Car 0 0 0.000000 10.000000 100.000000 10.000000 100.000000 1.980896 1.622935 4.534012 -31.580216 4.939664 29.793047 -3.091081 1.411000
53 869 Car 0 0 0.000000 10.000000 100.000000 10.000000 100.000000 1.794202 1.871473 4.447910 -45.193290 5.331023 9.046832 0.002808 -0.074000
53 867 Car 0 0 0.000000 10.000000 100.000000 10.000000 100.000000 1.894817 1.882318 4.957415 -42.441384 5.351230 12.774065 0.249126 -1.007500
53 853 Car 0 0 0.000000 10.000000 100.000000 10.000000 100.000000 1.576908 1.946914 4.205925 -16.874657 4.970181 52.202842 1.774641 -0.378100
53 852 Car 0 0 0.000000 10.000000 100.000000 10.000000 100.000000 1.712395 1.836525 4.733766 -21.333160 4.630443 27.257763 3.120021 0.830300
53 850 Car 0 0 0.000000 10.000000 100.000000 10.000000 100.000000 1.980281 1.615930 4.640306 -32.611907 4.988956 29.807789 -3.098818 1.666300
54 869 Car 0 0 0.000000 10.000000 100.000000 10.000000 100.000000 1.803718 1.901403 4.493206 -45.255764 5.325151 9.158202 0.049456 -0.051400
54 867 Car 0 0 0.000000 10.000000 100.000000 10.000000 100.000000 1.882529 1.881231 4.962658 -42.424737 5.378296 12.779488 0.214800 -0.930100
54 853 Car 0 0 0.000000 10.000000 100.000000 10.000000 100.000000 1.568436 1.945793 4.199853 -16.870950 4.959843 52.217814 1.770837 -0.325200
54 852 Car 0 0 0.000000 10.000000 100.000000 10.000000 100.000000 1.731557 1.828537 4.773898 -22.513915 4.651787 27.235945 3.119875 1.181100
54 850 Car 0 0 0.000000 10.000000 100.000000 10.000000 100.000000 2.039995 1.666219 4.865699 -33.566031 5.060492 29.906270 -3.083109 1.646900
55 882 Car 0 0 0.000000 10.000000 100.000000 10.000000 100.000000 1.579817 1.899389 4.266915 61.519195 2.181668 12.633204 3.112577 -2.138100
55 869 Car 0 0 0.000000 10.000000 100.000000 10.000000 100.000000 1.813966 1.884838 4.494253 -45.221994 5.357151 9.039168 0.009116 -0.247900
55 867 Car 0 0 0.000000 10.000000 100.000000 10.000000 100.000000 1.882573 1.887165 4.959645 -42.404452 5.363552 12.770814 0.220559 -1.085100
55 853 Car 0 0 0.000000 10.000000 100.000000 10.000000 100.000000 1.637819 1.957540 4.269411 -16.881622 5.022574 52.231114 1.788357 -0.388100
55 852 Car 0 0 0.000000 10.000000 100.000000 10.000000 100.000000 1.747714 1.848106 4.775568 -23.606715 4.667898 27.223180 3.105605 1.057300
55 850 Car 0 0 0.000000 10.000000 100.000000 10.000000 100.000000 2.023744 1.661758 4.721574 -34.465062 5.053713 29.930329 -3.081126 1.708500
56 882 Car 0 0 0.000000 10.000000 100.000000 10.000000 100.000000 1.579817 1.899389 4.266915 61.586714 2.153068 12.634783 3.112577 -2.138100
56 869 Car 0 0 0.000000 10.000000 100.000000 10.000000 100.000000 1.788215 1.885123 4.507817 -45.219639 5.338003 9.091021 0.032150 -0.157600
56 867 Car 0 0 0.000000 10.000000 100.000000 10.000000 100.000000 1.888155 1.890464 4.954423 -42.408919 5.358625 12.768879 0.236158 -1.070400
56 853 Car 0 0 0.000000 10.000000 100.000000 10.000000 100.000000 1.596770 1.949666 4.247588 -16.874370 4.991651 52.225580 1.774531 -0.290800
56 852 Car 0 0 0.000000 10.000000 100.000000 10.000000 100.000000 1.771253 1.826471 4.741534 -24.846729 4.686754 27.123839 3.098176 0.674200
56 850 Car 0 0 0.000000 10.000000 100.000000 10.000000 100.000000 2.048005 1.692994 4.803171 -35.402593 5.099250 30.012711 -3.095263 1.285100
57 883 Car 0 0 0.000000 10.000000 100.000000 10.000000 100.000000 1.561489 1.741711 4.061114 -62.073418 5.548429 4.885206 0.009645 -2.134700
57 869 Car 0 0 0.000000 10.000000 100.000000 10.000000 100.000000 1.798774 1.866753 4.437598 -45.183236 5.333658 9.065273 0.017648 -0.142300
57 867 Car 0 0 0.000000 10.000000 100.000000 10.000000 100.000000 1.894734 1.881339 4.951133 -42.423195 5.362439 12.805221 0.287475 -0.933100
57 853 Car 0 0 0.000000 10.000000 100.000000 10.000000 100.000000 1.655316 1.958896 4.287953 -16.890734 5.039450 52.236651 1.783588 -0.399900
57 852 Car 0 0 0.000000 10.000000 100.000000 10.000000 100.000000 1.802245 1.814684 4.681069 -25.991040 4.692382 27.081674 3.107391 0.801200
57 850 Car 0 0 0.000000 10.000000 100.000000 10.000000 100.000000 1.946088 1.657337 4.604367 -36.164122 5.100423 29.980740 -3.076003 1.370500
58 883 Car 0 0 0.000000 10.000000 100.000000 10.000000 100.000000 1.588126 1.744137 4.128273 -62.150372 5.568660 4.838865 -0.006794 -2.137800
58 869 Car 0 0 0.000000 10.000000 100.000000 10.000000 100.000000 1.792795 1.878587 4.511269 -45.237874 5.334251 9.026415 -0.001859 -0.249600
58 867 Car 0 0 0.000000 10.000000 100.000000 10.000000 100.000000 1.889398 1.880573 4.919345 -42.418307 5.357032 12.788441 0.255529 -1.150200
58 853 Car 0 0 0.000000 10.000000 100.000000 10.000000 100.000000 1.670015 1.964523 4.301146 -16.889740 5.052028 52.237370 1.795020 -0.417700
58 852 Car 0 0 0.000000 10.000000 100.000000 10.000000 100.000000 1.858397 1.830392 4.914149 -27.229295 4.750165 27.084057 3.106460 1.067000
58 850 Car 0 0 0.000000 10.000000 100.000000 10.000000 100.000000 1.977924 1.675793 4.772246 -37.189734 5.126218 30.056098 -3.078659 1.164100
59 883 Car 0 0 0.000000 10.000000 100.000000 10.000000 100.000000 1.588126 1.744137 4.128273 -62.187476 5.585807 4.813804 -0.006794 -2.137800
59 869 Car 0 0 0.000000 10.000000 100.000000 10.000000 100.000000 1.825925 1.877544 4.466728 -45.177158 5.355665 9.015596 0.015659 -0.378000
59 867 Car 0 0 0.000000 10.000000 100.000000 10.000000 100.000000 1.884764 1.876820 4.892309 -42.441002 5.342966 12.779936 0.267183 -0.985900
59 853 Car 0 0 0.000000 10.000000 100.000000 10.000000 100.000000 1.598685 1.951159 4.207362 -16.877889 4.988071 52.189153 1.785048 -0.088500
59 852 Car 0 0 0.000000 10.000000 100.000000 10.000000 100.000000 1.882564 1.885835 5.004537 -28.453402 4.812458 27.086128 3.091952 1.499200
59 850 Car 0 0 0.000000 10.000000 100.000000 10.000000 100.000000 2.022531 1.657627 4.768880 -38.482281 5.144161 30.123633 -3.087769 1.051800
60 884 Car 0 0 0.000000 10.000000 100.000000 10.000000 100.000000 1.621220 1.723592 4.525920 35.216316 3.148873 25.031504 -2.927096 -2.108900
60 869 Car 0 0 0.000000 10.000000 100.000000 10.000000 100.000000 1.804773 1.880545 4.518811 -45.232395 5.363787 9.002356 -0.001877 -0.300300
60 867 Car 0 0 0.000000 10.000000 100.000000 10.000000 100.000000 1.882685 1.873717 4.871661 -42.459387 5.348564 12.785523 0.305688 -1.077100
60 853 Car 0 0 0.000000 10.000000 100.000000 10.000000 100.000000 1.574096 1.945437 4.204851 -16.872124 4.966310 52.214558 1.772278 -0.323100
60 852 Car 0 0 0.000000 10.000000 100.000000 10.000000 100.000000 1.875850 1.884886 5.021139 -29.662901 4.840647 27.028470 3.102108 0.996200
60 850 Car 0 0 0.000000 10.000000 100.000000 10.000000 100.000000 1.968434 1.672690 4.598191 -39.672551 5.156910 30.189148 -3.103981 0.688200
61 884 Car 0 0 0.000000 10.000000 100.000000 10.000000 100.000000 1.621220 1.723592 4.525920 35.957959 3.137837 25.023118 -2.927096 -2.108900
61 869 Car 0 0 0.000000 10.000000 100.000000 10.000000 100.000000 1.803924 1.892878 4.517939 -45.256593 5.341867 9.148301 0.044390 -0.022500
61 867 Car 0 0 0.000000 10.000000 100.000000 10.000000 100.000000 1.885475 1.877106 4.915380 -42.433821 5.359222 12.780139 0.261373 -1.057700
61 853 Car 0 0 0.000000 10.000000 100.000000 10.000000 100.000000 1.571256 1.945847 4.202966 -16.873792 4.960057 52.214870 1.772282 -0.358600
61 852 Car 0 0 0.000000 10.000000 100.000000 10.000000 100.000000 1.840035 1.849790 5.118517 -30.947284 4.871115 27.036380 3.121500 0.737300
61 850 Car 0 0 0.000000 10.000000 100.000000 10.000000 100.000000 2.010439 1.655700 4.426383 -40.748975 5.197618 30.239004 -3.124079 -0.384400
62 869 Car 0 0 0.000000 10.000000 100.000000 10.000000 100.000000 1.788706 1.892212 4.508212 -45.234768 5.319081 9.148347 0.053658 -0.082000
62 867 Car 0 0 0.000000 10.000000 100.000000 10.000000 100.000000 1.889631 1.884148 4.926764 -42.417707 5.353554 12.774244 0.239873 -1.080100
62 853 Car 0 0 0.000000 10.000000 100.000000 10.000000 100.000000 1.661763 1.961825 4.274184 -16.894352 5.032341 52.234076 1.777290 -0.403200
62 852 Car 0 0 0.000000 10.000000 100.000000 10.000000 100.000000 1.792486 1.833109 5.023082 -32.036589 4.872610 26.997584 3.121182 0.607900
62 850 Car 0 0 0.000000 10.000000 100.000000 10.000000 100.000000 1.979513 1.748838 4.526268 -41.842022 5.210540 30.299525 -3.130519 -0.873800
63 869 Car 0 0 0.000000 10.000000 100.000000 10.000000 100.000000 1.806378 1.919954 4.537623 -45.278000 5.316020 9.211634 0.081301 0.067900
63 867 Car 0 0 0.000000 10.000000 100.000000 10.000000 100.000000 1.898944 1.878062 4.945760 -42.415437 5.362182 12.803306 0.276036 -0.938500
63 853 Car 0 0 0.000000 10.000000 100.000000 10.000000 100.000000 1.606410 1.948336 4.202626 -16.878827 4.989977 52.185858 1.777843 -0.196300
63 852 Car 0 0 0.000000 10.000000 100.000000 10.000000 100.000000 1.815486 1.820558 5.133721 -33.257174 4.915253 26.987665 3.139354 0.613700
63 850 Car 0 0 0.000000 10.000000 100.000000 10.000000 100.000000 1.985500 1.695169 4.482655 -42.805025 5.246528 30.268800 -3.132176 -0.500200
64 869 Car 0 0 0.000000 10.000000 100.000000 10.000000 100.000000 1.816898 1.871096 4.463630 -45.201240 5.343146 9.089813 0.027770 -0.343100
64 867 Car 0 0 0.000000 10.000000 100.000000 10.000000 100.000000 1.905901 1.875490 4.930952 -42.402128 5.358342 12.816155 0.286078 -1.028200
64 853 Car 0 0 0.000000 10.000000 100.000000 10.000000 100.000000 1.644289 1.961107 4.268245 -16.886548 5.027502 52.209042 1.793258 -0.400300
64 852 Car 0 0 0.000000 10.000000 100.000000 10.000000 100.000000 1.880759 1.864526 5.105835 -34.648739 4.964010 26.994089 3.106988 0.636500
64 850 Car 0 0 0.000000 10.000000 100.000000 10.000000 100.000000 1.900829 1.729427 4.570258 -43.889710 5.259540 30.305640 -3.131202 -0.071900
65 869 Car 0 0 0.000000 10.000000 100.000000 10.000000 100.000000 1.813562 1.897180 4.523623 -45.263768 5.331212 9.181887 0.055344 -0.050800
65 867 Car 0 0 0.000000 10.000000 100.000000 10.000000 100.000000 1.911215 1.872406 4.932712 -42.403322 5.354200 12.802347 0.255057 -1.058800
65 853 Car 0 0 0.000000 10.000000 100.000000 10.000000 100.000000 1.681007 1.961783 4.294360 -16.884635 5.057510 52.231759 1.796798 -0.373000
65 852 Car 0 0 0.000000 10.000000 100.000000 10.000000 100.000000 1.927755 1.873039 5.107111 -36.459361 5.044685 26.968538 3.081091 0.597900
65 850 Car 0 0 0.000000 10.000000 100.000000 10.000000 100.000000 1.893704 1.757593 4.660332 -44.920274 5.274860 30.368132 -3.126813 0.150900
66 869 Car 0 0 0.000000 10.000000 100.000000 10.000000 100.000000 1.792510 1.897625 4.523485 -45.239714 5.326295 9.148500 0.052156 -0.120500
66 867 Car 0 0 0.000000 10.000000 100.000000 10.000000 100.000000 1.889389 1.872773 4.929182 -42.406578 5.359490 12.776661 0.221515 -1.173500
66 853 Car 0 0 0.000000 10.000000 100.000000 10.000000 100.000000 1.605850 1.953017 4.247538 -16.874353 4.990800 52.216678 1.778991 -0.478600
66 852 Car 0 0 0.000000 10.000000 100.000000 10.000000 100.000000 1.927041 1.875487 4.954573 -38.091262 5.094611 26.945644 3.111124 0.804300
66 850 Car 0 0 0.000000 10.000000 100.000000 10.000000 100.000000 1.894072 1.833924 4.686084 -45.971360 5.323211 30.406450 3.141424 0.037300
67 869 Car 0 0 0.000000 10.000000 100.000000 10.000000 100.000000 1.789785 1.919611 4.538513 -45.267081 5.323807 9.176183 0.062495 0.019500
67 867 Car 0 0 0.000000 10.000000 100.000000 10.000000 100.000000 1.877159 1.874891 4.905770 -42.387489 5.346549 12.782051 0.224340 -1.208900
67 853 Car 0 0 0.000000 10.000000 100.000000 10.000000 100.000000 1.588947 1.947135 4.248565 -16.867638 4.980668 52.206232 1.771138 -0.374300
67 852 Car 0 0 0.000000 10.000000 100.000000 10.000000 100.000000 1.970216 1.889215 4.921154 -39.557589 5.126950 26.922543 3.132731 0.778300
67 850 Car 0 0 0.000000 10.000000 100.000000 10.000000 100.000000 1.954533 1.840522 4.790603 -47.033713 5.389438 30.376204 3.120387 -0.395000