0 1 Car -1 -1 -1 10 10 100 100 1.5495 1.6914 4.4275 -5.1845 4.0338 24.5532 -9.3301 1.8740
0 2 Car -1 -1 -1 10 10 100 100 1.5118 1.7517 4.6666 9.4316 3.5204 23.5460 -9.3443 1.6274
0 0 Car -1 -1 -1 10 10 100 100 1.5694 1.7388 4.4917 21.7352 3.4108 22.6642 -9.3525 2.4840
1 1 Car -1 -1 -1 10 10 100 100 1.5657 1.7406 4.5928 -5.9244 4.0748 24.6541 -9.3323 1.5453
1 2 Car -1 -1 -1 10 10 100 100 1.5467 1.7453 4.7051 8.9675 3.6145 23.5762 -9.3609 1.5285
1 0 Car -1 -1 -1 10 10 100 100 1.5384 1.7472 4.5634 21.5126 3.3886 22.6561 -9.3641 2.1983
2 1 Car -1 -1 -1 10 10 100 100 1.5075 1.7567 4.5022 -6.5969 4.0578 24.6954 -9.3469 1.5451
2 2 Car -1 -1 -1 10 10 100 100 1.5470 1.7533 4.7567 8.5791 3.6238 23.6655 -9.3442 1.3669
2 0 Car -1 -1 -1 10 10 100 100 1.5762 1.7555 4.5296 21.2946 3.3824 22.7143 -9.3757 2.0565
3 1 Car -1 -1 -1 10 10 100 100 1.4887 1.6967 4.4710 -7.3689 4.1162 24.7412 -9.3320 1.1900
3 2 Car -1 -1 -1 10 10 100 100 1.5423 1.7451 4.7735 8.2079 3.6391 23.6409 -9.3484 1.8261
3 0 Car -1 -1 -1 10 10 100 100 1.5443 1.7507 4.4174 20.9736 3.4242 22.6892 -9.3648 2.2479
4 1 Car -1 -1 -1 10 10 100 100 1.4958 1.7584 4.5470 -8.0892 4.1287 24.8636 -9.3519 1.0381
4 2 Car -1 -1 -1 10 10 100 100 1.5278 1.7671 4.7803 7.6869 3.6742 23.6406 -9.3466 2.2561
4 0 Car -1 -1 -1 10 10 100 100 1.5760 1.7923 4.5059 20.7509 3.4511 22.7169 -9.3691 2.5942
5 1 Car -1 -1 -1 10 10 100 100 1.5147 1.7173 4.4377 -8.7379 4.1518 24.8687 -9.3420 1.4480
5 2 Car -1 -1 -1 10 10 100 100 1.5222 1.8036 4.7724 7.2699 3.6824 23.7767 -9.3622 1.6401
5 0 Car -1 -1 -1 10 10 100 100 1.5685 1.7738 4.5525 20.4589 3.4400 22.7241 -9.3671 2.6820
6 1 Car -1 -1 -1 10 10 100 100 1.5548 1.7061 4.3473 -9.4388 4.1692 24.8722 -9.3124 1.4783
6 2 Car -1 -1 -1 10 10 100 100 1.5011 1.8105 4.7938 6.7437 3.6552 23.7984 -9.3434 1.8492
6 0 Car -1 -1 -1 10 10 100 100 1.5540 1.7409 4.6244 20.1912 3.4354 22.7325 -9.3827 2.2979
7 1 Car -1 -1 -1 10 10 100 100 1.5747 1.7603 4.5729 -10.3149 4.2270 24.9926 -9.3476 1.6574
7 2 Car -1 -1 -1 10 10 100 100 1.4708 1.8308 4.7671 6.3308 3.6637 23.8138 -9.3511 2.0969
7 0 Car -1 -1 -1 10 10 100 100 1.5324 1.7206 4.5658 19.8837 3.4119 22.7664 -9.3718 2.0378
8 1 Car -1 -1 -1 10 10 100 100 1.5477 1.7807 4.5828 -11.0477 4.2558 25.0675 -9.3435 1.5480
8 2 Car -1 -1 -1 10 10 100 100 1.4445 1.7851 4.6866 5.9092 3.6733 23.8077 -9.3823 1.6251
8 0 Car -1 -1 -1 10 10 100 100 1.5565 1.7734 4.5538 19.5531 3.4270 22.8118 -9.3725 2.1300
9 1 Car -1 -1 -1 10 10 100 100 1.5235 1.7174 4.5970 -11.8035 4.2685 25.0941 -9.3490 1.5066
9 2 Car -1 -1 -1 10 10 100 100 1.4518 1.8320 4.7635 5.3788 3.6890 23.8729 -9.3659 1.5550
9 0 Car -1 -1 -1 10 10 100 100 1.4094 1.7000 4.4029 19.1533 3.2989 22.7867 -9.3549 2.2205
10 1 Car -1 -1 -1 10 10 100 100 1.4939 1.6965 4.4245 -12.4820 4.3051 25.1211 -9.3422 1.5640
10 2 Car -1 -1 -1 10 10 100 100 1.4249 1.8178 4.6873 4.9220 3.6832 23.8853 -9.3874 0.9273
10 0 Car -1 -1 -1 10 10 100 100 1.5408 1.7531 4.4908 18.9396 3.4209 22.8263 -9.3601 2.3975
11 1 Car -1 -1 -1 10 10 100 100 1.5923 1.7335 4.4218 -13.1431 4.3112 25.2001 -9.3590 1.6343
11 2 Car -1 -1 -1 10 10 100 100 1.4794 1.8276 4.6856 4.2219 3.6897 23.9448 -9.3833 1.3128
11 0 Car -1 -1 -1 10 10 100 100 1.5656 1.7744 4.5276 18.6763 3.4543 22.8624 -9.3575 2.1628
12 1 Car -1 -1 -1 10 10 100 100 1.5815 1.7809 4.5338 -13.9115 4.3492 25.3071 -9.3527 1.7308
12 2 Car -1 -1 -1 10 10 100 100 1.5169 1.8333 4.7701 3.7837 3.7697 23.9846 -9.3762 1.0192
12 0 Car -1 -1 -1 10 10 100 100 1.5759 1.7548 4.4997 18.3532 3.4701 22.8792 -9.3672 2.4676
13 1 Car -1 -1 -1 10 10 100 100 1.5542 1.7668 4.6788 -14.7696 4.3711 25.3386 -9.3348 1.7381
13 2 Car -1 -1 -1 10 10 100 100 1.5316 1.7727 4.7683 3.0791 3.8365 23.9785 -9.4005 1.4903
13 0 Car -1 -1 -1 10 10 100 100 1.5398 1.7337 4.4494 18.0042 3.4394 22.8888 -9.3567 2.3243
14 1 Car -1 -1 -1 10 10 100 100 1.5466 1.7417 4.5204 -15.3901 4.3935 25.3751 -9.3413 1.7296
14 2 Car -1 -1 -1 10 10 100 100 1.5245 1.7945 4.7765 2.6161 3.8781 23.9988 -9.3913 1.2756
14 0 Car -1 -1 -1 10 10 100 100 1.4974 1.6868 4.5000 17.6836 3.4219 22.9228 -9.3365 2.2273
15 1 Car -1 -1 -1 10 10 100 100 1.5515 1.6935 4.4942 -16.1423 4.4225 25.3881 -9.3371 1.8309
15 2 Car -1 -1 -1 10 10 100 100 1.5631 1.8149 4.8152 1.9744 3.9190 24.0852 -9.3796 1.2944
15 0 Car -1 -1 -1 10 10 100 100 1.5056 1.7203 4.4527 17.2840 3.4533 22.9757 -9.3460 2.3108
16 1 Car -1 -1 -1 10 10 100 100 1.5796 1.7908 4.5570 -16.8950 4.4791 25.5340 -9.3313 1.6055
16 2 Car -1 -1 -1 10 10 100 100 1.5682 1.8242 4.7847 1.2786 3.9158 24.1540 -9.3534 1.2289
16 0 Car -1 -1 -1 10 10 100 100 1.5016 1.7737 4.4387 16.9386 3.4648 23.0124 -9.3305 2.6607
17 1 Car -1 -1 -1 10 10 100 100 1.5995 1.7427 4.5134 -17.5943 4.4982 25.5262 -9.3505 1.3895
17 2 Car -1 -1 -1 10 10 100 100 1.6062 1.8295 4.7673 0.5747 3.9598 24.1957 -9.3596 1.7205
17 0 Car -1 -1 -1 10 10 100 100 1.4187 1.6757 4.5708 16.5214 3.3864 23.0342 -9.3411 2.2187
18 1 Car -1 -1 -1 10 10 100 100 1.5499 1.7499 4.5580 -18.3300 4.5007 25.6256 -9.3544 1.9622
18 2 Car -1 -1 -1 10 10 100 100 1.5721 1.7872 4.7166 0.0535 3.9712 24.1799 -9.3764 1.9033
18 0 Car -1 -1 -1 10 10 100 100 1.4832 1.6988 4.6156 16.1484 3.4578 23.0854 -9.3381 2.1457
19 1 Car -1 -1 -1 10 10 100 100 1.5684 1.7446 4.5542 -19.0074 4.5261 25.6747 -9.3560 1.6748
19 2 Car -1 -1 -1 10 10 100 100 1.5967 1.8208 4.7922 -0.6126 3.9801 24.2379 -9.3667 2.0057
19 0 Car -1 -1 -1 10 10 100 100 1.4634 1.7683 4.5693 15.7784 3.4616 23.1393 -9.3435 1.9240
20 1 Car -1 -1 -1 10 10 100 100 1.5887 1.8265 4.5792 -19.6729 4.5580 25.7155 -9.3760 2.2952
20 2 Car -1 -1 -1 10 10 100 100 1.6066 1.8528 4.7480 -1.2608 4.0239 24.2886 -9.3733 1.6168
20 0 Car -1 -1 -1 10 10 100 100 1.4550 1.7431 4.6144 15.3989 3.4600 23.1712 -9.3476 2.0898
21 1 Car -1 -1 -1 10 10 100 100 1.5837 1.7660 4.5191 -20.4126 4.5534 25.7637 -9.3432 1.5284
21 2 Car -1 -1 -1 10 10 100 100 1.5779 1.8497 4.8427 -1.9687 3.9958 24.3597 -9.3760 1.7674
21 0 Car -1 -1 -1 10 10 100 100 1.4019 1.7724 4.6428 15.0543 3.4017 23.1928 -9.3377 1.6317
22 1 Car -1 -1 -1 10 10 100 100 1.5877 1.7871 4.5505 -21.1221 4.5647 25.8369 -9.3658 1.6271
22 2 Car -1 -1 -1 10 10 100 100 1.5963 1.8111 4.7755 -2.5538 4.0195 24.4008 -9.3716 1.7704
22 0 Car -1 -1 -1 10 10 100 100 1.3601 1.7631 4.6188 14.6293 3.3857 23.2313 -9.3493 1.6000
22 4 Car -1 -1 -1 10 10 100 100 1.6164 1.6597 4.1567 -54.1573 5.5907 13.0839 -12.5587 0.3312
23 1 Car -1 -1 -1 10 10 100 100 1.5750 1.7236 4.5691 -21.8688 4.6023 25.8415 -9.3536 1.3850
23 2 Car -1 -1 -1 10 10 100 100 1.5850 1.8051 4.9487 -3.3482 3.9992 24.4142 -9.3783 1.7712
23 0 Car -1 -1 -1 10 10 100 100 1.2857 1.7495 4.5220 14.1850 3.3171 23.2487 -9.3235 2.0843
23 4 Car -1 -1 -1 10 10 100 100 1.6830 1.7105 4.2728 -53.7474 5.5909 13.1195 -12.5739 0.4583
24 1 Car -1 -1 -1 10 10 100 100 1.5769 1.7645 4.5155 -22.5650 4.6285 25.9034 -9.3874 1.5319
24 2 Car -1 -1 -1 10 10 100 100 1.5978 1.7698 4.8687 -3.8613 4.0405 24.4550 -9.3753 1.9135
24 0 Car -1 -1 -1 10 10 100 100 1.3600 1.7398 4.5592 13.8824 3.3858 23.2393 -9.3290 2.0471
24 4 Car -1 -1 -1 10 10 100 100 1.7956 1.8886 4.5586 -53.4109 5.6469 13.1192 -12.5999 0.4844
25 1 Car -1 -1 -1 10 10 100 100 1.5836 1.7616 4.5090 -23.2357 4.6262 25.9053 -9.3561 1.3018
25 2 Car -1 -1 -1 10 10 100 100 1.5978 1.8177 4.7510 -4.6320 4.0821 24.5385 -9.3605 1.8702
25 0 Car -1 -1 -1 10 10 100 100 1.4876 1.7218 4.5421 13.3936 3.4656 23.3217 -9.3289 1.6103
25 4 Car -1 -1 -1 10 10 100 100 1.6378 1.6767 4.1894 -52.8573 5.4981 13.1010 -12.5836 0.5308
26 1 Car -1 -1 -1 10 10 100 100 1.5762 1.7548 4.4750 -23.9939 4.6394 25.9395 -9.3771 1.2257
26 2 Car -1 -1 -1 10 10 100 100 1.6074 1.8272 4.7982 -5.3499 4.1240 24.5820 -9.3645 1.7784
26 0 Car -1 -1 -1 10 10 100 100 1.4633 1.7228 4.5815 13.0652 3.4139 23.3320 -9.3416 1.2624
26 4 Car -1 -1 -1 10 10 100 100 1.6779 1.7926 4.3351 -52.6478 5.5013 13.0812 -12.5850 0.5080
27 1 Car -1 -1 -1 10 10 100 100 1.6058 1.7960 4.5237 -24.6913 4.6569 25.9805 -9.3588 1.4784
27 2 Car -1 -1 -1 10 10 100 100 1.5906 1.8257 4.8252 -6.0892 4.1398 24.6300 -9.3644 1.6164
27 0 Car -1 -1 -1 10 10 100 100 1.4272 1.7841 4.6454 12.5712 3.4039 23.4000 -9.3075 0.9757
28 1 Car -1 -1 -1 10 10 100 100 1.5646 1.7757 4.4809 -25.4321 4.6638 26.0580 -9.3682 1.5555
28 2 Car -1 -1 -1 10 10 100 100 1.5756 1.8525 4.9083 -6.8430 4.1673 24.6608 -9.3824 1.9498
28 0 Car -1 -1 -1 10 10 100 100 1.4906 1.7626 4.6130 12.1740 3.5068 23.4181 -9.3358 1.6413
29 1 Car -1 -1 -1 10 10 100 100 1.5580 1.6962 4.5141 -26.1144 4.6485 26.0361 -9.3599 1.2985
29 2 Car -1 -1 -1 10 10 100 100 1.5872 1.8344 4.9390 -7.5595 4.2039 24.7272 -9.3684 1.8318
29 0 Car -1 -1 -1 10 10 100 100 1.4863 1.7793 4.6319 11.7772 3.4832 23.4666 -9.3346 0.9600
30 1 Car -1 -1 -1 10 10 100 100 1.5882 1.7176 4.5070 -26.8798 4.6783 26.0658 -9.3702 1.2179
30 2 Car -1 -1 -1 10 10 100 100 1.5589 1.8338 4.9124 -8.3229 4.2091 24.7567 -9.3594 1.6904
30 0 Car -1 -1 -1 10 10 100 100 1.4921 1.7871 4.6484 11.2416 3.5222 23.5500 -9.3194 0.9081
31 1 Car -1 -1 -1 10 10 100 100 1.5627 1.7663 4.5002 -27.4613 4.6969 26.1604 -9.3609 1.0683
31 2 Car -1 -1 -1 10 10 100 100 1.5648 1.8630 4.7706 -8.9909 4.2197 24.8118 -9.3683 2.0496
31 0 Car -1 -1 -1 10 10 100 100 1.5052 1.7767 4.7163 10.8599 3.5246 23.5825 -9.3156 0.8241
32 1 Car -1 -1 -1 10 10 100 100 1.5603 1.7973 4.5013 -28.2152 4.7001 26.2613 -9.3960 1.2090
32 2 Car -1 -1 -1 10 10 100 100 1.5635 1.8254 4.7642 -9.8274 4.2551 24.8198 -9.3464 1.5061
32 0 Car -1 -1 -1 10 10 100 100 1.4914 1.8091 4.7942 10.4818 3.5265 23.6727 -9.3224 0.8355
33 1 Car -1 -1 -1 10 10 100 100 1.5108 1.7678 4.4366 -28.8556 4.7159 26.2780 -9.3972 1.3354
33 2 Car -1 -1 -1 10 10 100 100 1.5749 1.9758 4.9786 -10.6689 4.2931 24.9432 -9.3373 2.3403
33 0 Car -1 -1 -1 10 10 100 100 1.4838 1.7958 4.7463 9.9346 3.5098 23.7148 -9.3221 0.5951
34 1 Car -1 -1 -1 10 10 100 100 1.5013 1.7143 4.4490 -29.5393 4.7019 26.2261 -9.3718 1.1612
34 2 Car -1 -1 -1 10 10 100 100 1.5723 1.9349 5.0939 -11.5630 4.2969 25.0272 -9.3493 1.8007
34 0 Car -1 -1 -1 10 10 100 100 1.5275 1.8125 4.7620 9.5104 3.5461 23.7183 -9.3260 0.5046
35 1 Car -1 -1 -1 10 10 100 100 1.4718 1.7156 4.4147 -30.2088 4.6815 26.2814 -9.3689 1.3729
35 2 Car -1 -1 -1 10 10 100 100 1.5512 1.8754 4.8793 -12.3862 4.3055 25.0492 -9.3858 1.7366
35 0 Car -1 -1 -1 10 10 100 100 1.4559 1.7480 4.6919 9.0367 3.5764 23.7644 -9.3174 1.4400
35 5 Car -1 -1 -1 10 10 100 100 2.3404 1.7281 4.6927 4.8393 3.7342 27.3917 -9.3443 0.3964
36 1 Car -1 -1 -1 10 10 100 100 1.4774 1.7415 4.5706 -30.9135 4.7068 26.3177 -9.4036 1.0872
36 2 Car -1 -1 -1 10 10 100 100 1.5717 1.8751 4.8217 -13.1124 4.3233 25.1069 -9.3683 1.8642
36 0 Car -1 -1 -1 10 10 100 100 1.5053 1.7719 4.7026 8.4546 3.6234 23.8482 -9.3451 1.1790
37 1 Car -1 -1 -1 10 10 100 100 1.4912 1.7804 4.3865 -31.5051 4.6715 26.3521 -9.3760 1.4589
37 2 Car -1 -1 -1 10 10 100 100 1.5832 1.9440 5.0196 -14.0765 4.3734 25.1501 -9.3747 1.5351
37 0 Car -1 -1 -1 10 10 100 100 1.5370 1.7747 4.7478 8.0234 3.6690 23.8562 -9.3310 1.4149
37 4 Car -1 -1 -1 10 10 100 100 1.4970 1.7233 4.2699 -48.8475 5.2889 12.9691 -12.5669 0.3542
38 1 Car -1 -1 -1 10 10 100 100 1.5246 1.7812 4.2231 -32.2306 4.7245 26.3661 -9.3905 1.3343
38 2 Car -1 -1 -1 10 10 100 100 1.5133 1.9393 4.9569 -14.9658 4.3564 25.1988 -9.3833 2.2547
38 0 Car -1 -1 -1 10 10 100 100 1.5748 1.8710 4.7398 7.4354 3.7125 23.9550 -9.3192 1.5395
38 4 Car -1 -1 -1 10 10 100 100 1.5120 1.7000 4.2613 -48.6230 5.2839 12.9723 -12.5494 0.5876
39 1 Car -1 -1 -1 10 10 100 100 1.4797 1.7331 4.5059 -32.9919 4.7898 26.3836 -9.3796 1.1897
39 2 Car -1 -1 -1 10 10 100 100 1.5802 1.8818 4.9423 -15.8393 4.4364 25.2473 -9.3700 2.0185
39 0 Car -1 -1 -1 10 10 100 100 1.5314 1.8700 4.7785 6.8460 3.7531 24.0056 -9.3370 1.3894
39 4 Car -1 -1 -1 10 10 100 100 1.4939 1.7704 4.2795 -48.3541 5.3150 13.0318 -12.5413 0.3869
40 1 Car -1 -1 -1 10 10 100 100 1.5099 1.7046 4.5694 -33.8683 4.8534 26.3915 -9.3905 0.9641
40 2 Car -1 -1 -1 10 10 100 100 1.5967 1.8731 4.8645 -16.7272 4.4913 25.3067 -9.3703 1.7294
40 0 Car -1 -1 -1 10 10 100 100 1.4809 1.8229 4.7434 6.3383 3.7218 24.0846 -9.3343 1.3878
40 4 Car -1 -1 -1 10 10 100 100 1.4952 1.7285 4.3488 -48.1800 5.3349 12.9774 -12.5471 0.5708
41 1 Car -1 -1 -1 10 10 100 100 1.5325 1.7154 4.4367 -34.4217 4.8580 26.4273 -9.4209 0.5579
41 2 Car -1 -1 -1 10 10 100 100 1.5878 1.8741 4.9538 -17.6210 4.5118 25.3396 -9.3878 1.3594
41 0 Car -1 -1 -1 10 10 100 100 1.4607 1.8260 4.7319 5.8471 3.7135 24.0879 -9.3566 1.5302
41 5 Car -1 -1 -1 10 10 100 100 2.3942 1.7654 4.7734 2.0852 3.8869 27.6339 -9.3259 0.8663
42 1 Car -1 -1 -1 10 10 100 100 1.5186 1.7430 4.3940 -35.2782 4.8523 26.4444 -9.4066 0.8622
42 2 Car -1 -1 -1 10 10 100 100 1.5763 1.8769 4.9997 -18.5507 4.5322 25.3866 -9.3726 1.7386
42 0 Car -1 -1 -1 10 10 100 100 1.3788 1.7645 4.6232 5.2494 3.6473 24.1050 -9.3604 1.0804
42 5 Car -1 -1 -1 10 10 100 100 2.3596 1.7549 4.7296 1.3608 3.9342 27.7154 -9.3489 1.0438
43 1 Car -1 -1 -1 10 10 100 100 1.6136 1.7273 4.4073 -36.0907 4.9369 26.4787 -9.4043 0.5527
43 2 Car -1 -1 -1 10 10 100 100 1.6117 1.8666 4.9463 -19.4566 4.5650 25.4343 -9.3825 1.6774
43 0 Car -1 -1 -1 10 10 100 100 1.4520 1.7906 4.6967 4.6603 3.7024 24.1664 -9.3560 1.2658
43 4 Car -1 -1 -1 10 10 100 100 1.5151 1.6861 4.2335 -47.3449 5.3210 12.9977 -12.5559 0.6479
43 5 Car -1 -1 -1 10 10 100 100 2.3766 1.7391 4.8134 0.7928 4.0141 27.7126 -9.3681 1.1513
44 1 Car -1 -1 -1 10 10 100 100 1.5928 1.6927 4.2535 -36.7908 4.9064 26.4566 -9.4047 0.5334
44 2 Car -1 -1 -1 10 10 100 100 1.5777 1.9130 4.9642 -20.4030 4.5843 25.5361 -9.3882 1.5035
44 0 Car -1 -1 -1 10 10 100 100 1.4625 1.8173 4.7473 3.9418 3.7641 24.2376 -9.3681 1.4306
44 4 Car -1 -1 -1 10 10 100 100 1.5118 1.8116 4.4876 -47.2663 5.2914 12.9767 -12.5808 0.6025
44 5 Car -1 -1 -1 10 10 100 100 2.3490 1.7382 4.7250 0.2782 4.0020 27.7624 -9.3577 1.0189
45 1 Car -1 -1 -1 10 10 100 100 1.6159 1.6984 4.3677 -37.7948 4.9957 26.4435 -9.3821 0.6706
45 2 Car -1 -1 -1 10 10 100 100 1.5781 1.9381 4.9511 -21.3016 4.5810 25.5595 -9.3927 2.0019
45 0 Car -1 -1 -1 10 10 100 100 1.5232 1.8350 4.7180 3.2164 3.8412 24.3692 -9.3470 0.7845
45 4 Car -1 -1 -1 10 10 100 100 1.5381 1.7862 4.3462 -47.0574 5.3043 13.0430 -12.5466 0.4034
45 5 Car -1 -1 -1 10 10 100 100 2.4311 1.8125 4.9121 -0.1746 4.0200 27.7727 -9.3567 0.8068
46 1 Car -1 -1 -1 10 10 100 100 1.6146 1.7023 4.3750 -38.5627 5.0230 26.4830 -9.4001 0.7811
46 2 Car -1 -1 -1 10 10 100 100 1.5993 1.8560 4.9418 -22.1952 4.5951 25.5713 -9.3876 1.3708
46 0 Car -1 -1 -1 10 10 100 100 1.5155 1.8249 4.6672 2.5695 3.8651 24.3823 -9.3559 0.8820
46 5 Car -1 -1 -1 10 10 100 100 2.4265 1.7645 4.8031 -0.7154 3.9768 27.8362 -9.3489 0.5450
47 1 Car -1 -1 -1 10 10 100 100 1.5829 1.6802 4.2894 -39.3946 5.0739 26.5247 -9.4006 0.8965
47 2 Car -1 -1 -1 10 10 100 100 1.6295 1.8267 4.8307 -23.1643 4.6415 25.6503 -9.3767 1.3468
47 0 Car -1 -1 -1 10 10 100 100 1.5661 1.7789 4.7601 2.1188 3.9263 24.3869 -9.3749 1.3364
47 4 Car -1 -1 -1 10 10 100 100 1.5382 1.7898 4.5136 -46.6949 5.2650 12.9978 -12.5480 0.5504
47 5 Car -1 -1 -1 10 10 100 100 2.4226 1.7667 4.8434 -1.2756 4.0620 27.8453 -9.3306 1.0270
48 1 Car -1 -1 -1 10 10 100 100 1.5096 1.6515 3.9958 -40.0866 5.0751 26.5174 -9.4090 0.7774
48 2 Car -1 -1 -1 10 10 100 100 1.5792 1.8009 4.7602 -24.0711 4.6507 25.6306 -9.3924 1.4092
48 0 Car -1 -1 -1 10 10 100 100 1.5956 1.8081 4.8812 1.2797 3.9713 24.4634 -9.3513 1.5251
48 4 Car -1 -1 -1 10 10 100 100 1.4676 1.8958 4.1627 -46.5143 5.2206 13.0464 -12.5636 1.3082
48 5 Car -1 -1 -1 10 10 100 100 2.4000 1.7488 4.7191 -1.6631 4.0426 27.8401 -9.3543 1.4684
49 1 Car -1 -1 -1 10 10 100 100 1.5467 1.6828 4.2882 -41.1094 5.0779 26.5750 -9.3769 0.4150
49 2 Car -1 -1 -1 10 10 100 100 1.5745 1.8242 4.6918 -24.9553 4.6623 25.6977 -9.4083 1.4150
49 0 Car -1 -1 -1 10 10 100 100 1.6094 1.8013 4.6263 0.4451 4.0098 24.5253 -9.3533 1.9314
49 4 Car -1 -1 -1 10 10 100 100 1.5184 1.9320 4.3391 -46.4402 5.2484 13.0452 -12.5803 1.0189
49 5 Car -1 -1 -1 10 10 100 100 2.4100 1.7539 4.7716 -2.1718 4.0573 27.8596 -9.3642 1.2880
50 1 Car -1 -1 -1 10 10 100 100 1.6120 1.7140 4.3509 -42.0505 5.1544 26.6133 -9.3897 0.5131
50 2 Car -1 -1 -1 10 10 100 100 1.6045 1.7853 4.8569 -25.9254 4.6838 25.7470 -9.3812 1.4988
50 0 Car -1 -1 -1 10 10 100 100 1.5529 1.6963 4.6328 -0.2536 3.9711 24.5470 -9.3465 1.4406
50 4 Car -1 -1 -1 10 10 100 100 1.4725 1.7832 4.0960 -46.1806 5.2591 12.9515 -12.5713 0.9524
50 5 Car -1 -1 -1 10 10 100 100 2.2736 1.7358 4.6412 -2.7858 4.0436 27.9327 -9.3349 1.2072
51 2 Car -1 -1 -1 10 10 100 100 1.5802 1.7570 4.7814 -26.8726 4.6778 25.7163 -9.4074 0.9848
51 0 Car -1 -1 -1 10 10 100 100 1.5754 1.7641 4.7111 -0.8653 4.0212 24.6407 -9.3481 1.8654
51 4 Car -1 -1 -1 10 10 100 100 1.4530 1.7447 4.0753 -45.9724 5.2553 12.9388 -12.5531 0.6924
51 5 Car -1 -1 -1 10 10 100 100 2.4453 1.7621 4.7707 -3.2796 4.0815 28.0287 -9.3656 0.9740
52 1 Car -1 -1 -1 10 10 100 100 1.5268 1.6883 4.3788 -43.9240 5.1687 26.6882 -9.4027 0.3684
52 2 Car -1 -1 -1 10 10 100 100 1.5620 1.7189 4.7001 -27.7494 4.7097 25.7647 -9.3926 0.8756
52 0 Car -1 -1 -1 10 10 100 100 1.5916 1.7743 4.9527 -1.6294 4.0424 24.7028 -9.3699 1.8884
52 4 Car -1 -1 -1 10 10 100 100 1.4423 1.9055 4.0217 -45.8315 5.2381 13.0459 -12.5387 1.2000
52 5 Car -1 -1 -1 10 10 100 100 2.4930 1.7640 4.8078 -3.6818 4.1257 28.0146 -9.3594 1.0452
53 1 Car -1 -1 -1 10 10 100 100 1.6138 1.7204 4.4507 -44.8860 5.2191 26.6812 -9.3815 0.4502
53 2 Car -1 -1 -1 10 10 100 100 1.5927 1.8246 4.7053 -28.6581 4.7151 25.8487 -9.3953 0.8055
53 0 Car -1 -1 -1 10 10 100 100 1.5886 1.7750 4.7818 -2.2731 4.0207 24.7397 -9.3457 1.6707
53 5 Car -1 -1 -1 10 10 100 100 2.4007 1.7346 4.7595 -4.1485 4.1171 28.0899 -9.3647 1.0870
54 1 Car -1 -1 -1 10 10 100 100 1.6639 1.7255 4.5201 -45.8019 5.2478 26.7242 -9.3839 0.4253
54 2 Car -1 -1 -1 10 10 100 100 1.5847 1.7943 4.7082 -29.6431 4.7501 25.8830 -9.3874 0.9863
54 0 Car -1 -1 -1 10 10 100 100 1.5503 1.7563 4.6112 -2.9303 3.9931 24.7973 -9.3637 1.8752
54 4 Car -1 -1 -1 10 10 100 100 1.5214 1.7631 4.4000 -45.6318 5.3007 12.9705 -12.5074 0.3107
54 5 Car -1 -1 -1 10 10 100 100 2.4251 1.7757 4.8218 -4.6847 4.1537 28.1254 -9.3432 1.2188
55 1 Car -1 -1 -1 10 10 100 100 1.7121 1.7441 4.5699 -46.9100 5.3169 26.8020 -9.3856 0.4634
55 2 Car -1 -1 -1 10 10 100 100 1.5773 1.7458 4.7404 -30.6302 4.7468 25.9238 -9.3904 1.0602
55 0 Car -1 -1 -1 10 10 100 100 1.5665 1.7585 4.7413 -3.5835 4.0437 24.8303 -9.3569 1.6076
55 4 Car -1 -1 -1 10 10 100 100 1.5803 1.9069 4.5647 -45.5456 5.3089 13.0039 -12.5366 1.1070
55 5 Car -1 -1 -1 10 10 100 100 2.4503 1.7616 4.8157 -5.1794 4.0960 28.1479 -9.3575 1.1289
56 1 Car -1 -1 -1 10 10 100 100 1.6713 1.7616 4.5470 -47.8183 5.3767 26.7887 -9.3872 0.3895
56 2 Car -1 -1 -1 10 10 100 100 1.4746 1.7498 4.4803 -31.3407 4.6826 25.9448 -9.3585 0.9102
56 0 Car -1 -1 -1 10 10 100 100 1.5585 1.7718 4.6477 -4.1714 4.0166 24.9344 -9.3495 1.7515
56 4 Car -1 -1 -1 10 10 100 100 1.5575 1.9026 4.2729 -45.2294 5.3070 13.0251 -12.5371 1.0595
56 5 Car -1 -1 -1 10 10 100 100 2.4272 1.7684 4.9348 -5.9141 4.1393 28.1914 -9.3567 1.2303
57 1 Car -1 -1 -1 10 10 100 100 1.6633 1.7321 4.4474 -48.6721 5.4292 26.7645 -9.4147 0.3476
57 2 Car -1 -1 -1 10 10 100 100 1.5120 1.7667 4.5625 -32.4680 4.7356 25.9968 -9.3799 1.0450
57 0 Car -1 -1 -1 10 10 100 100 1.5343 1.7841 4.6481 -4.8953 4.0451 24.9632 -9.3582 1.5014
57 4 Car -1 -1 -1 10 10 100 100 1.6527 1.8548 4.6308 -45.2034 5.3684 13.0315 -12.5442 0.6278
57 5 Car -1 -1 -1 10 10 100 100 2.4625 1.7667 4.9105 -6.4298 4.1409 28.1992 -9.3546 1.0031
58 1 Car -1 -1 -1 10 10 100 100 1.7026 1.7623 4.2306 -49.5998 5.4362 26.8416 -9.4323 0.4459
58 2 Car -1 -1 -1 10 10 100 100 1.6176 1.7689 4.7807 -33.5694 4.8503 26.0036 -9.3893 0.9425
58 0 Car -1 -1 -1 10 10 100 100 1.5227 1.7985 4.6638 -5.6406 4.0737 25.0537 -9.3794 1.7796
58 4 Car -1 -1 -1 10 10 100 100 1.6834 1.7736 4.4640 -45.0463 5.3487 12.9187 -12.5562 0.8270
58 5 Car -1 -1 -1 10 10 100 100 2.4545 1.7527 4.8908 -6.8648 4.1525 28.2387 -9.3793 0.9295
59 2 Car -1 -1 -1 10 10 100 100 1.5267 1.6843 4.5422 -34.4359 4.8558 26.0157 -9.3937 0.7729
59 0 Car -1 -1 -1 10 10 100 100 1.5103 1.7818 4.7443 -6.3793 4.1190 25.0627 -9.3631 1.8094
59 4 Car -1 -1 -1 10 10 100 100 1.6947 1.8527 4.6553 -45.0024 5.3989 12.9865 -12.5287 0.5868
59 5 Car -1 -1 -1 10 10 100 100 2.4996 1.8199 5.0973 -7.4601 4.2055 28.2967 -9.3674 1.1185
60 2 Car -1 -1 -1 10 10 100 100 1.5941 1.7631 4.5632 -35.4995 4.9050 26.1153 -9.3715 0.7337
60 0 Car -1 -1 -1 10 10 100 100 1.4595 1.7225 4.5416 -7.0318 4.1227 25.0637 -9.3827 1.6599
60 4 Car -1 -1 -1 10 10 100 100 1.5779 1.7568 4.1564 -44.7138 5.3168 12.9361 -12.5372 0.5909
60 5 Car -1 -1 -1 10 10 100 100 2.2691 1.7158 4.8418 -7.8279 4.1574 28.2700 -9.3595 1.4838
61 2 Car -1 -1 -1 10 10 100 100 1.5475 1.6801 4.4983 -36.5927 4.9589 26.0806 -9.3762 0.6571
61 0 Car -1 -1 -1 10 10 100 100 1.4781 1.7275 4.6646 -7.7700 4.1649 25.1430 -9.3636 1.3813
61 5 Car -1 -1 -1 10 10 100 100 2.2302 1.7457 4.8914 -8.4163 4.2100 28.3832 -9.3404 1.9447
62 2 Car -1 -1 -1 10 10 100 100 1.6120 1.6980 4.5830 -37.5951 4.9869 26.1481 -9.3741 0.6573
62 0 Car -1 -1 -1 10 10 100 100 1.4655 1.6996 4.5918 -8.4442 4.1763 25.1276 -9.3724 1.7549
62 4 Car -1 -1 -1 10 10 100 100 1.6808 1.8290 4.6607 -44.7849 5.2623 12.9786 -12.5233 0.6635
62 5 Car -1 -1 -1 10 10 100 100 2.2324 1.7935 4.9089 -8.9118 4.2373 28.4024 -9.3544 1.7580
63 2 Car -1 -1 -1 10 10 100 100 1.5938 1.7155 4.5086 -38.5962 5.0220 26.1952 -9.3890 0.6540
63 0 Car -1 -1 -1 10 10 100 100 1.4832 1.6945 4.5231 -9.1070 4.1738 25.1749 -9.3623 1.9747
63 4 Car -1 -1 -1 10 10 100 100 1.6881 1.8290 4.7696 -44.7366 5.2853 12.9705 -12.5241 0.6088
63 5 Car -1 -1 -1 10 10 100 100 2.3606 1.8017 4.9382 -9.5366 4.2231 28.4577 -9.3793 1.0793
64 2 Car -1 -1 -1 10 10 100 100 1.5118 1.6570 4.1357 -39.4608 5.0172 26.2202 -9.3889 0.4502
64 0 Car -1 -1 -1 10 10 100 100 1.5283 1.7535 4.6785 -10.0345 4.2400 25.2175 -9.3647 1.5686
64 4 Car -1 -1 -1 10 10 100 100 1.7144 1.7880 4.4837 -44.5073 5.2993 13.0349 -12.5250 1.1479
64 5 Car -1 -1 -1 10 10 100 100 2.3788 1.8146 4.7628 -10.0713 4.2417 28.4838 -9.3673 0.9067
65 0 Car -1 -1 -1 10 10 100 100 1.4972 1.8283 4.8239 -10.7951 4.2911 25.2833 -9.3709 1.8837
65 4 Car -1 -1 -1 10 10 100 100 1.6662 1.7784 4.5851 -44.5074 5.2761 13.0193 -12.5273 0.9980
65 5 Car -1 -1 -1 10 10 100 100 2.4975 1.8722 4.8899 -10.7329 4.2653 28.5075 -9.3495 0.7274
66 0 Car -1 -1 -1 10 10 100 100 1.4901 1.7867 4.7408 -11.5872 4.3051 25.3336 -9.3724 1.7173
66 4 Car -1 -1 -1 10 10 100 100 1.7553 1.7929 4.5741 -44.4605 5.2907 13.0129 -12.5199 0.9877
66 5 Car -1 -1 -1 10 10 100 100 2.4476 1.8540 5.0150 -11.2681 4.2786 28.5471 -9.3729 1.0249
67 0 Car -1 -1 -1 10 10 100 100 1.5064 1.7713 4.6459 -12.3029 4.3305 25.3651 -9.3712 1.5352
67 4 Car -1 -1 -1 10 10 100 100 1.7214 1.7942 4.6378 -44.3922 5.3017 13.0192 -12.5284 0.7567
67 5 Car -1 -1 -1 10 10 100 100 2.5386 1.8945 4.9870 -11.8735 4.3551 28.5728 -9.3540 0.9124
68 0 Car -1 -1 -1 10 10 100 100 1.5187 1.7636 4.6441 -12.9706 4.3353 25.4138 -9.3790 1.7581
68 4 Car -1 -1 -1 10 10 100 100 1.7442 1.7735 4.6332 -44.4043 5.2949 12.9697 -12.5368 0.7678
68 5 Car -1 -1 -1 10 10 100 100 2.3805 1.7835 4.8094 -12.3486 4.2997 28.6117 -9.3481 0.9124
69 0 Car -1 -1 -1 10 10 100 100 1.4646 1.7596 4.7168 -13.8508 4.3246 25.4280 -9.3755 2.0178
69 4 Car -1 -1 -1 10 10 100 100 1.7139 1.8006 4.6403 -44.4245 5.3001 12.9906 -12.5368 0.9711
69 5 Car -1 -1 -1 10 10 100 100 2.4243 1.8617 4.9678 -12.9752 4.3909 28.7234 -9.3361 0.8863
70 0 Car -1 -1 -1 10 10 100 100 1.5059 1.7724 4.8502 -14.6392 4.3727 25.4998 -9.3877 1.4406
70 4 Car -1 -1 -1 10 10 100 100 1.7577 1.8147 4.6870 -44.4239 5.2899 13.0017 -12.5341 0.8025
70 5 Car -1 -1 -1 10 10 100 100 2.4767 1.9091 5.0023 -13.5808 4.4404 28.7486 -9.3452 0.8942
71 0 Car -1 -1 -1 10 10 100 100 1.4498 1.6986 4.7044 -15.4468 4.3989 25.4408 -9.3809 1.8171
71 4 Car -1 -1 -1 10 10 100 100 1.7238 1.7907 4.6177 -44.4507 5.2998 12.9982 -12.5356 1.0594
71 5 Car -1 -1 -1 10 10 100 100 2.4661 1.9110 5.0563 -14.1977 4.4735 28.7742 -9.3445 0.9168
72 0 Car -1 -1 -1 10 10 100 100 1.5285 1.7551 4.7734 -16.2940 4.4676 25.5621 -9.3837 1.7878
72 4 Car -1 -1 -1 10 10 100 100 1.7148 1.8113 4.6471 -44.4294 5.3088 12.9948 -12.5422 0.8387
72 5 Car -1 -1 -1 10 10 100 100 2.4639 1.9391 5.0699 -14.8513 4.4880 28.8049 -9.3421 0.8104
73 0 Car -1 -1 -1 10 10 100 100 1.5475 1.7720 4.8111 -17.0738 4.4847 25.6029 -9.3750 1.5595
73 4 Car -1 -1 -1 10 10 100 100 1.7026 1.7980 4.7062 -44.5313 5.2717 12.9488 -12.5659 0.5386
74 0 Car -1 -1 -1 10 10 100 100 1.5215 1.7623 4.7774 -17.9309 4.5065 25.6652 -9.3858 1.4570
74 4 Car -1 -1 -1 10 10 100 100 1.7241 1.8268 4.7889 -44.6002 5.2755 12.9721 -12.5623 0.8405
75 0 Car -1 -1 -1 10 10 100 100 1.5314 1.7902 4.8606 -18.8324 4.5227 25.6841 -9.3903 1.9907
75 4 Car -1 -1 -1 10 10 100 100 1.7387 1.8092 4.6402 -44.4329 5.3195 13.0018 -12.5427 0.9764
75 5 Car -1 -1 -1 10 10 100 100 2.3928 1.8870 5.0491 -16.6801 4.5261 28.9136 -9.3733 0.3471
76 0 Car -1 -1 -1 10 10 100 100 1.5462 1.7989 4.9014 -19.5636 4.5647 25.7346 -9.3829 1.8683
76 4 Car -1 -1 -1 10 10 100 100 1.6916 1.8056 4.6196 -44.5303 5.2426 13.0062 -12.5413 0.6915
77 0 Car -1 -1 -1 10 10 100 100 1.5492 1.8051 4.8953 -20.4906 4.5605 25.7617 -9.3864 1.5618
77 4 Car -1 -1 -1 10 10 100 100 1.7207 1.8368 4.6421 -44.4290 5.3345 13.0421 -12.5416 0.7710
77 5 Car -1 -1 -1 10 10 100 100 2.4792 1.9512 5.1572 -17.8556 4.6260 29.0832 -9.3438 0.8543
78 0 Car -1 -1 -1 10 10 100 100 1.5308 1.8583 4.8987 -21.3827 4.5978 25.8120 -9.3997 1.8876
78 4 Car -1 -1 -1 10 10 100 100 1.7248 1.8439 4.7755 -44.6077 5.2794 12.9816 -12.5606 0.9527
78 5 Car -1 -1 -1 10 10 100 100 2.4960 1.9602 5.1883 -18.5375 4.6029 29.0754 -9.3631 0.5697
79 0 Car -1 -1 -1 10 10 100 100 1.5231 1.7838 4.8284 -22.1216 4.5647 25.8071 -9.3931 1.5476
79 4 Car -1 -1 -1 10 10 100 100 1.7060 1.7923 4.5944 -44.4666 5.3253 12.9672 -12.5597 0.7028
80 0 Car -1 -1 -1 10 10 100 100 1.5482 1.7744 4.7375 -23.0748 4.6510 25.8129 -9.3480 1.1637
80 4 Car -1 -1 -1 10 10 100 100 1.7047 1.8253 4.7616 -44.6101 5.2776 12.9779 -12.5725 0.8173
81 0 Car -1 -1 -1 10 10 100 100 1.5124 1.7482 4.7198 -24.0230 4.6421 25.8433 -9.3722 1.0543
81 4 Car -1 -1 -1 10 10 100 100 1.7321 1.8275 4.5833 -44.4191 5.3765 12.9949 -12.5406 0.6799
82 0 Car -1 -1 -1 10 10 100 100 1.5279 1.7289 4.6315 -24.8007 4.6529 25.8616 -9.3910 1.2487
82 4 Car -1 -1 -1 10 10 100 100 1.7631 1.8276 4.4979 -44.4405 5.3376 13.0104 -12.5346 1.1141
83 0 Car -1 -1 -1 10 10 100 100 1.5058 1.7561 4.5753 -25.6992 4.6807 25.9532 -9.3900 1.2771
83 4 Car -1 -1 -1 10 10 100 100 1.6736 1.8015 4.4765 -44.4218 5.3116 12.9872 -12.5467 0.5802
84 0 Car -1 -1 -1 10 10 100 100 1.5223 1.7122 4.6734 -26.7041 4.6913 25.9096 -9.3911 1.2003
84 4 Car -1 -1 -1 10 10 100 100 1.7235 1.8170 4.4470 -44.4022 5.3309 12.9982 -12.5379 0.7132
85 0 Car -1 -1 -1 10 10 100 100 1.5256 1.7219 4.5778 -27.4518 4.6840 25.9753 -9.3869 0.5336
85 4 Car -1 -1 -1 10 10 100 100 1.6363 1.7787 4.2842 -44.4220 5.3348 12.9554 -12.5469 0.4617
86 0 Car -1 -1 -1 10 10 100 100 1.5344 1.7443 4.6302 -28.3370 4.7158 26.0417 -9.4095 0.8624
86 4 Car -1 -1 -1 10 10 100 100 1.6601 1.8229 4.4119 -44.4528 5.3199 12.9914 -12.5439 0.4262
87 0 Car -1 -1 -1 10 10 100 100 1.4790 1.7080 4.5459 -29.3426 4.6988 26.0573 -9.3912 1.5352
87 4 Car -1 -1 -1 10 10 100 100 1.7423 1.8214 4.4987 -44.4219 5.3295 12.9860 -12.5486 0.5303
88 0 Car -1 -1 -1 10 10 100 100 1.4810 1.7468 4.4789 -30.1025 4.6893 26.0793 -9.3760 1.1146
88 4 Car -1 -1 -1 10 10 100 100 1.6506 1.7991 4.4744 -44.4759 5.2958 12.9697 -12.5576 0.4737
89 0 Car -1 -1 -1 10 10 100 100 1.4805 1.7030 4.3376 -31.0048 4.6900 26.1059 -9.3842 0.9827
89 4 Car -1 -1 -1 10 10 100 100 1.6610 1.7970 4.4845 -44.4734 5.2994 12.9578 -12.5606 0.3813
90 0 Car -1 -1 -1 10 10 100 100 1.4937 1.7302 4.1755 -31.7471 4.6971 26.1584 -9.3933 0.5997
90 4 Car -1 -1 -1 10 10 100 100 1.7434 1.8287 4.4373 -44.3956 5.2875 13.0216 -12.5297 0.8367
91 0 Car -1 -1 -1 10 10 100 100 1.4649 1.7199 4.5352 -32.9139 4.7613 26.2250 -9.3852 1.2540
91 4 Car -1 -1 -1 10 10 100 100 1.6852 1.7888 4.4102 -44.4479 5.3498 12.9658 -12.5420 0.4508
92 0 Car -1 -1 -1 10 10 100 100 1.5169 1.6722 4.5135 -33.9667 4.8544 26.2547 -9.3632 1.0149
92 4 Car -1 -1 -1 10 10 100 100 1.7008 1.8001 4.4294 -44.3957 5.3008 12.9794 -12.5450 0.3562
93 0 Car -1 -1 -1 10 10 100 100 1.4658 1.6780 4.3143 -34.7230 4.8254 26.2588 -9.3978 0.4397
93 4 Car -1 -1 -1 10 10 100 100 1.6512 1.7897 4.2722 -44.4035 5.3069 12.9790 -12.5307 0.4314
94 0 Car -1 -1 -1 10 10 100 100 1.5150 1.7060 4.4628 -35.7755 4.9023 26.3273 -9.3935 0.4456
94 4 Car -1 -1 -1 10 10 100 100 1.6876 1.7942 4.3819 -44.3791 5.3165 12.9673 -12.5408 0.4549
95 4 Car -1 -1 -1 10 10 100 100 1.6924 1.8125 4.3082 -44.3483 5.2967 12.9718 -12.5310 0.4520
96 0 Car -1 -1 -1 10 10 100 100 1.4825 1.6193 4.3316 -37.8518 4.9655 26.3474 -9.3924 0.6568
96 4 Car -1 -1 -1 10 10 100 100 1.7369 1.8510 4.3618 -44.3585 5.2881 13.0267 -12.5272 0.6482
97 4 Car -1 -1 -1 10 10 100 100 1.7308 1.8232 4.3311 -44.3353 5.3219 12.9653 -12.5384 0.3257
98 4 Car -1 -1 -1 10 10 100 100 1.6929 1.8022 4.3777 -44.3452 5.2777 12.9841 -12.5367 0.4093
