0 3 Car 0 0 0 0 0 0 0 1.7387 1.8547 4.5559 -40.7164 5.1442 13.0280 -12.5430 0.6907
0 1 Car 0 0 0 0 0 0 0 1.5248 1.7297 4.2662 8.3595 3.8773 30.7711 -9.3527 0.8659
0 0 Car 0 0 0 0 0 0 0 1.7184 1.5929 4.3239 20.7091 3.1210 22.6895 -9.3603 0.9168
0 2 Car 0 0 0 0 0 0 0 1.2443 1.6962 4.2885 4.7679 3.4949 23.9220 -9.3497 0.7484
1 3 Car 0 0 0 0 0 0 0 1.7452 1.8493 4.6332 -40.4463 5.1670 13.0136 -12.5373 0.7079
1 1 Car 0 0 0 0 0 0 0 1.5252 1.7229 4.2825 8.3809 3.8819 30.7672 -9.3392 0.8826
1 0 Car 0 0 0 0 0 0 0 1.7269 1.5940 4.3414 20.7264 3.1244 22.6947 -9.3643 0.9039
1 2 Car 0 0 0 0 0 0 0 1.2603 1.7192 4.2804 4.7830 3.5133 23.9366 -9.3519 0.7962
2 3 Car 0 0 0 0 0 0 0 1.5876 1.8072 4.2228 -40.1814 5.0767 12.9600 -12.5572 0.6799
2 1 Car 0 0 0 0 0 0 0 1.5280 1.7158 4.2877 8.3492 3.8859 30.7622 -9.3357 0.8818
2 0 Car 0 0 0 0 0 0 0 1.7256 1.5908 4.3794 20.7288 3.1432 22.6978 -9.3699 0.9013
2 2 Car 0 0 0 0 0 0 0 1.2767 1.7085 4.3142 4.7933 3.5424 23.9149 -9.3561 0.7804
3 3 Car 0 0 0 0 0 0 0 1.6088 1.9057 4.4130 -39.9543 5.1034 12.9607 -12.5500 0.7243
3 1 Car 0 0 0 0 0 0 0 1.5253 1.7287 4.2955 8.3358 3.8811 30.7646 -9.3528 0.8752
3 0 Car 0 0 0 0 0 0 0 1.7364 1.5757 4.3279 20.7063 3.1263 22.6786 -9.3607 0.8936
3 2 Car 0 0 0 0 0 0 0 1.2713 1.7027 4.3174 4.7774 3.5387 23.9211 -9.3507 0.7328
4 3 Car 0 0 0 0 0 0 0 1.6350 1.9337 4.4365 -39.5551 5.0670 12.9384 -12.5835 0.7335
4 1 Car 0 0 0 0 0 0 0 1.5013 1.7168 4.2625 8.3388 3.8672 30.7408 -9.3672 0.8677
4 0 Car 0 0 0 0 0 0 0 1.7313 1.5886 4.3074 20.7085 3.1171 22.6854 -9.3594 0.9047
4 2 Car 0 0 0 0 0 0 0 1.2625 1.7063 4.3129 4.7792 3.5270 23.9230 -9.3503 0.7380
5 3 Car 0 0 0 0 0 0 0 1.6597 1.9139 4.3051 -39.3338 5.0812 13.0046 -12.5498 0.6888
5 1 Car 0 0 0 0 0 0 0 1.5239 1.7160 4.2941 8.3646 3.8837 30.7593 -9.3443 0.8800
5 0 Car 0 0 0 0 0 0 0 1.7123 1.5783 4.3225 20.7077 3.1226 22.6711 -9.3542 0.9077
5 2 Car 0 0 0 0 0 0 0 1.2559 1.6909 4.3252 4.7947 3.5283 23.9173 -9.3527 0.7555
6 3 Car 0 0 0 0 0 0 0 1.6824 1.9423 4.4788 -39.0214 5.0874 13.0057 -12.5611 0.7321
6 1 Car 0 0 0 0 0 0 0 1.5222 1.7209 4.2877 8.3749 3.8792 30.7663 -9.3499 0.8843
6 0 Car 0 0 0 0 0 0 0 1.7099 1.5669 4.2816 20.6908 3.1449 22.6679 -9.3572 0.9009
6 2 Car 0 0 0 0 0 0 0 1.2604 1.6988 4.2992 4.7896 3.5129 23.9170 -9.3524 0.7469
7 3 Car 0 0 0 0 0 0 0 1.6531 1.8776 4.3779 -38.6387 5.0577 12.9777 -12.5837 0.7037
7 1 Car 0 0 0 0 0 0 0 1.5202 1.7010 4.2298 8.3354 3.8992 30.7528 -9.3525 0.8824
7 0 Car 0 0 0 0 0 0 0 1.6985 1.5794 4.3201 20.6896 3.1343 22.6753 -9.3618 0.9063
7 2 Car 0 0 0 0 0 0 0 1.2509 1.7253 4.3022 4.7848 3.5029 23.9426 -9.3478 0.7600
8 3 Car 0 0 0 0 0 0 0 1.6766 1.8766 4.3925 -38.3622 5.0334 12.9616 -12.5925 0.7376
8 1 Car 0 0 0 0 0 0 0 1.5131 1.7025 4.2608 8.3561 3.8555 30.7543 -9.3454 0.8764
8 0 Car 0 0 0 0 0 0 0 1.7020 1.5739 4.2908 20.6846 3.1370 22.6603 -9.3556 0.9006
8 2 Car 0 0 0 0 0 0 0 1.2439 1.7010 4.2591 4.7654 3.5061 23.9263 -9.3505 0.7376
9 3 Car 0 0 0 0 0 0 0 1.7445 1.8881 4.3782 -37.8845 5.0299 12.9876 -12.5683 0.7335
9 1 Car 0 0 0 0 0 0 0 1.5316 1.7393 4.2670 8.3421 3.8925 30.7776 -9.3523 0.8816
9 0 Car 0 0 0 0 0 0 0 1.7105 1.5754 4.3061 20.6921 3.1300 22.6781 -9.3537 0.9056
9 2 Car 0 0 0 0 0 0 0 1.2713 1.6935 4.3041 4.7740 3.5285 23.9191 -9.3561 0.8042
10 3 Car 0 0 0 0 0 0 0 1.6870 1.8532 4.5172 -37.5367 5.0052 12.9910 -12.5668 0.7366
10 1 Car 0 0 0 0 0 0 0 1.5255 1.7213 4.2811 8.3539 3.8863 30.7619 -9.3403 0.8832
10 0 Car 0 0 0 0 0 0 0 1.6862 1.5708 4.3177 20.6903 3.1389 22.6695 -9.3583 0.8988
10 2 Car 0 0 0 0 0 0 0 1.2669 1.6965 4.3132 4.8017 3.5152 23.9128 -9.3512 0.7456
11 3 Car 0 0 0 0 0 0 0 1.6524 1.9451 4.3185 -37.1196 4.9373 13.0049 -12.5579 0.7952
11 1 Car 0 0 0 0 0 0 0 1.5353 1.7511 4.3193 8.3256 3.8925 30.7682 -9.3427 0.8860
11 0 Car 0 0 0 0 0 0 0 1.7023 1.5699 4.3305 20.6915 3.1433 22.6789 -9.3578 0.8992
11 2 Car 0 0 0 0 0 0 0 1.2782 1.7007 4.2924 4.7854 3.5471 23.9140 -9.3561 0.7439
12 3 Car 0 0 0 0 0 0 0 1.6855 1.9019 4.3559 -36.7162 4.9691 12.9934 -12.5776 0.7746
12 1 Car 0 0 0 0 0 0 0 1.5291 1.7403 4.2858 8.3410 3.8882 30.7588 -9.3519 0.8783
12 0 Car 0 0 0 0 0 0 0 1.7126 1.5695 4.3004 20.7036 3.1224 22.6731 -9.3570 0.8975
12 2 Car 0 0 0 0 0 0 0 1.2602 1.6953 4.2804 4.7590 3.5163 23.9270 -9.3541 0.7624
13 3 Car 0 0 0 0 0 0 0 1.6670 1.9701 4.4834 -36.3764 4.9341 13.0320 -12.5518 0.8062
13 1 Car 0 0 0 0 0 0 0 1.5182 1.7095 4.2642 8.3643 3.8796 30.7464 -9.3498 0.8776
13 0 Car 0 0 0 0 0 0 0 1.7162 1.5857 4.2996 20.6996 3.1199 22.6785 -9.3592 0.9084
13 2 Car 0 0 0 0 0 0 0 1.2745 1.6980 4.3084 4.7868 3.5304 23.9185 -9.3516 0.7572
14 3 Car 0 0 0 0 0 0 0 1.6492 1.9788 4.4989 -35.9522 4.9677 13.0564 -12.5617 0.8516
14 1 Car 0 0 0 0 0 0 0 1.4829 1.7138 4.2743 8.2591 3.8677 30.7670 -9.3695 0.8754
14 0 Car 0 0 0 0 0 0 0 1.7262 1.5878 4.3452 20.7178 3.1268 22.6960 -9.3621 0.9128
14 2 Car 0 0 0 0 0 0 0 1.2601 1.7152 4.2906 4.7709 3.5185 23.9259 -9.3507 0.7384
15 3 Car 0 0 0 0 0 0 0 1.6184 1.9779 4.5448 -35.5398 4.9355 12.9881 -12.5583 0.8018
15 1 Car 0 0 0 0 0 0 0 1.5265 1.7253 4.2761 8.3903 3.8864 30.7651 -9.3397 0.8798
15 0 Car 0 0 0 0 0 0 0 1.7152 1.5845 4.3245 20.7152 3.1297 22.6921 -9.3620 0.9072
15 2 Car 0 0 0 0 0 0 0 1.2660 1.7016 4.2884 4.7710 3.5275 23.9158 -9.3499 0.7353
16 3 Car 0 0 0 0 0 0 0 1.6695 1.9779 4.7553 -35.0919 4.9516 13.0210 -12.5484 0.8526
16 1 Car 0 0 0 0 0 0 0 1.5337 1.7325 4.2897 8.3663 3.8890 30.7621 -9.3469 0.8692
16 0 Car 0 0 0 0 0 0 0 1.7409 1.5865 4.3444 20.7109 3.1313 22.6933 -9.3615 0.8997
16 2 Car 0 0 0 0 0 0 0 1.2756 1.6930 4.2973 4.7878 3.5320 23.9110 -9.3628 0.7857
17 3 Car 0 0 0 0 0 0 0 1.5557 1.9649 4.6130 -34.5800 4.8915 13.0116 -12.5462 0.8661
17 1 Car 0 0 0 0 0 0 0 1.5386 1.7333 4.2978 8.3336 3.8925 30.7634 -9.3504 0.8754
17 0 Car 0 0 0 0 0 0 0 1.7207 1.5842 4.3117 20.7048 3.1377 22.6785 -9.3610 0.9127
17 2 Car 0 0 0 0 0 0 0 1.2667 1.7030 4.3344 4.8121 3.5205 23.9229 -9.3530 0.7500
18 3 Car 0 0 0 0 0 0 0 1.6364 1.9105 4.5108 -34.0394 4.8724 12.9899 -12.5495 0.8943
18 1 Car 0 0 0 0 0 0 0 1.5202 1.7360 4.2681 8.3455 3.8649 30.7539 -9.3606 0.8725
18 0 Car 0 0 0 0 0 0 0 1.7183 1.5626 4.3431 20.6772 3.1514 22.6816 -9.3580 0.8928
18 2 Car 0 0 0 0 0 0 0 1.2499 1.6949 4.3282 4.8075 3.4998 23.9237 -9.3518 0.7393
19 3 Car 0 0 0 0 0 0 0 1.6240 2.0312 4.4205 -33.5750 4.9004 12.9998 -12.5564 0.8747
19 1 Car 0 0 0 0 0 0 0 1.5443 1.7419 4.3044 8.3528 3.9046 30.7705 -9.3514 0.8789
19 0 Car 0 0 0 0 0 0 0 1.7117 1.5670 4.3268 20.6871 3.1512 22.6726 -9.3571 0.8983
19 2 Car 0 0 0 0 0 0 0 1.2728 1.7069 4.3214 4.8020 3.5312 23.9149 -9.3539 0.7463
20 3 Car 0 0 0 0 0 0 0 1.6988 2.0309 4.3920 -33.0598 4.9033 13.0119 -12.5392 0.8983
20 1 Car 0 0 0 0 0 0 0 1.5208 1.7259 4.2471 8.3547 3.8768 30.7668 -9.3491 0.8739
20 0 Car 0 0 0 0 0 0 0 1.7163 1.5695 4.3089 20.6928 3.1466 22.6715 -9.3545 0.9055
20 2 Car 0 0 0 0 0 0 0 1.2634 1.7001 4.3080 4.7921 3.5213 23.9148 -9.3523 0.7154
21 3 Car 0 0 0 0 0 0 0 1.7036 2.0207 4.4932 -32.5223 4.9121 13.0215 -12.5381 0.9030
21 1 Car 0 0 0 0 0 0 0 1.5323 1.7288 4.2846 8.3371 3.8789 30.7717 -9.3390 0.8809
21 0 Car 0 0 0 0 0 0 0 1.7065 1.5748 4.3547 20.7062 3.1429 22.6873 -9.3618 0.8980
21 2 Car 0 0 0 0 0 0 0 1.2927 1.7030 4.3351 4.7961 3.5606 23.9069 -9.3545 0.7310
22 3 Car 0 0 0 0 0 0 0 1.6854 2.0472 4.5695 -32.1221 4.8659 13.0013 -12.5483 0.9316
22 1 Car 0 0 0 0 0 0 0 1.5212 1.7376 4.3234 8.3079 3.8836 30.7649 -9.3327 0.8812
22 0 Car 0 0 0 0 0 0 0 1.7034 1.5712 4.3480 20.6943 3.1501 22.6821 -9.3534 0.8992
22 2 Car 0 0 0 0 0 0 0 1.2714 1.7097 4.3036 4.7817 3.5185 23.9186 -9.3521 0.6989
23 3 Car 0 0 0 0 0 0 0 1.6667 2.0342 4.6120 -31.4720 4.8684 12.9867 -12.5462 0.9041
23 1 Car 0 0 0 0 0 0 0 1.5199 1.7220 4.2967 8.3035 3.8795 30.7592 -9.3447 0.8783
23 0 Car 0 0 0 0 0 0 0 1.7118 1.5689 4.3214 20.7004 3.1313 22.6762 -9.3562 0.8983
23 2 Car 0 0 0 0 0 0 0 1.2883 1.7106 4.3393 4.7845 3.5680 23.9188 -9.3516 0.7485
24 3 Car 0 0 0 0 0 0 0 1.6222 2.0662 4.5760 -30.8829 4.8436 13.0196 -12.5355 0.9067
24 1 Car 0 0 0 0 0 0 0 1.5267 1.7436 4.2914 8.3699 3.8852 30.7657 -9.3590 0.8792
24 0 Car 0 0 0 0 0 0 0 1.7127 1.5805 4.3644 20.6990 3.1440 22.6907 -9.3607 0.8985
24 2 Car 0 0 0 0 0 0 0 1.2724 1.7004 4.3148 4.8067 3.5438 23.9088 -9.3529 0.7346
25 3 Car 0 0 0 0 0 0 0 1.6384 2.0354 4.4153 -30.2849 4.8377 12.9995 -12.5364 0.8931
25 1 Car 0 0 0 0 0 0 0 1.5243 1.7177 4.2782 8.3781 3.8810 30.7336 -9.3465 0.8710
25 0 Car 0 0 0 0 0 0 0 1.7061 1.5704 4.3559 20.6895 3.1415 22.6852 -9.3569 0.9004
25 2 Car 0 0 0 0 0 0 0 1.2691 1.7069 4.3205 4.7702 3.5425 23.9261 -9.3518 0.7629
26 3 Car 0 0 0 0 0 0 0 1.7044 2.0138 4.5164 -29.8008 4.8607 12.9652 -12.5377 0.9075
26 1 Car 0 0 0 0 0 0 0 1.5233 1.7300 4.2732 8.3592 3.8718 30.7675 -9.3553 0.8748
26 0 Car 0 0 0 0 0 0 0 1.7238 1.5734 4.3552 20.7064 3.1340 22.6767 -9.3545 0.8964
26 2 Car 0 0 0 0 0 0 0 1.2854 1.7009 4.3181 4.8096 3.5561 23.9091 -9.3515 0.7270
27 3 Car 0 0 0 0 0 0 0 1.7308 2.0176 4.5454 -29.1445 4.8444 12.9843 -12.5358 0.9116
27 1 Car 0 0 0 0 0 0 0 1.5113 1.7117 4.3045 8.2859 3.9067 30.7371 -9.3492 0.8834
27 0 Car 0 0 0 0 0 0 0 1.7123 1.5684 4.3026 20.6891 3.1420 22.6750 -9.3539 0.9026
27 2 Car 0 0 0 0 0 0 0 1.2837 1.7077 4.3335 4.8014 3.5407 23.9107 -9.3547 0.7527
28 3 Car 0 0 0 0 0 0 0 1.6816 1.9941 4.6383 -28.5391 4.8266 12.9983 -12.5271 0.8902
28 1 Car 0 0 0 0 0 0 0 1.5316 1.7317 4.2640 8.3236 3.8825 30.7765 -9.3421 0.8698
28 0 Car 0 0 0 0 0 0 0 1.7213 1.5686 4.3290 20.6857 3.1490 22.6765 -9.3555 0.8949
28 2 Car 0 0 0 0 0 0 0 1.2591 1.7048 4.3031 4.8098 3.5156 23.9147 -9.3608 0.7877
29 3 Car 0 0 0 0 0 0 0 1.6774 2.0267 4.7100 -27.8792 4.8036 12.9587 -12.5443 0.8867
29 1 Car 0 0 0 0 0 0 0 1.4669 1.7021 4.2451 8.2674 3.8549 30.7368 -9.3637 0.8664
29 0 Car 0 0 0 0 0 0 0 1.7150 1.5704 4.3353 20.7013 3.1422 22.6779 -9.3575 0.8941
29 2 Car 0 0 0 0 0 0 0 1.2696 1.6997 4.2978 4.7869 3.5212 23.9125 -9.3586 0.7371
30 3 Car 0 0 0 0 0 0 0 1.6534 2.0069 4.6631 -27.2599 4.7683 12.9571 -12.5269 0.9140
30 1 Car 0 0 0 0 0 0 0 1.5381 1.7364 4.2914 8.3377 3.8963 30.7678 -9.3598 0.8782
30 0 Car 0 0 0 0 0 0 0 1.7253 1.5714 4.3399 20.6924 3.1294 22.6759 -9.3557 0.8954
30 2 Car 0 0 0 0 0 0 0 1.2504 1.6988 4.2954 4.8310 3.5061 23.9143 -9.3554 0.7112
31 3 Car 0 0 0 0 0 0 0 1.6939 2.0185 4.7042 -26.5929 4.7589 12.9174 -12.5080 0.8980
31 1 Car 0 0 0 0 0 0 0 1.5244 1.7242 4.2589 8.3497 3.8719 30.7700 -9.3448 0.8824
31 0 Car 0 0 0 0 0 0 0 1.7029 1.5718 4.3267 20.7001 3.1384 22.6854 -9.3616 0.9035
31 2 Car 0 0 0 0 0 0 0 1.2793 1.7051 4.2938 4.7723 3.5392 23.9291 -9.3529 0.7586
32 3 Car 0 0 0 0 0 0 0 1.7117 2.0500 4.5406 -26.0024 4.7615 12.8831 -12.5030 0.9291
32 1 Car 0 0 0 0 0 0 0 1.5289 1.7185 4.2547 8.3247 3.8875 30.7773 -9.3412 0.8702
32 0 Car 0 0 0 0 0 0 0 1.7112 1.5689 4.3115 20.6849 3.1330 22.6684 -9.3542 0.9007
32 2 Car 0 0 0 0 0 0 0 1.2585 1.7052 4.2933 4.7818 3.5171 23.9257 -9.3512 0.7377
33 3 Car 0 0 0 0 0 0 0 1.7207 2.0143 4.7430 -25.3038 4.7507 12.8955 -12.5131 0.9242
33 1 Car 0 0 0 0 0 0 0 1.5335 1.7341 4.2958 8.3130 3.8844 30.7754 -9.3521 0.8633
33 0 Car 0 0 0 0 0 0 0 1.7174 1.5701 4.3506 20.6998 3.1387 22.6767 -9.3568 0.8930
33 2 Car 0 0 0 0 0 0 0 1.2548 1.7084 4.2980 4.7930 3.5097 23.9219 -9.3462 0.7402
34 3 Car 0 0 0 0 0 0 0 1.7171 1.9868 4.8266 -24.6792 4.7411 12.8543 -12.5049 0.9253
34 1 Car 0 0 0 0 0 0 0 1.5108 1.7219 4.2759 8.3755 3.8689 30.7581 -9.3563 0.8718
34 0 Car 0 0 0 0 0 0 0 1.7170 1.5689 4.3658 20.6876 3.1416 22.6810 -9.3552 0.9008
34 2 Car 0 0 0 0 0 0 0 1.2561 1.6998 4.2883 4.7724 3.5003 23.9252 -9.3526 0.7793
35 3 Car 0 0 0 0 0 0 0 1.7673 1.9912 4.7926 -23.9783 4.7320 12.8327 -12.5224 0.9301
35 1 Car 0 0 0 0 0 0 0 1.5454 1.7439 4.2897 8.3115 3.9029 30.7865 -9.3349 0.8898
35 0 Car 0 0 0 0 0 0 0 1.7140 1.5788 4.3484 20.6950 3.1417 22.6991 -9.3563 0.9039
35 2 Car 0 0 0 0 0 0 0 1.2540 1.6913 4.2489 4.7725 3.5072 23.9252 -9.3484 0.7269
36 3 Car 0 0 0 0 0 0 0 1.7455 2.0045 4.9217 -23.3335 4.7075 12.8260 -12.4925 0.9313
36 1 Car 0 0 0 0 0 0 0 1.5247 1.7296 4.3044 8.3660 3.8870 30.7464 -9.3480 0.8729
36 0 Car 0 0 0 0 0 0 0 1.7012 1.5805 4.3715 20.6961 3.1386 22.6768 -9.3637 0.9038
36 2 Car 0 0 0 0 0 0 0 1.2540 1.6994 4.3167 4.8187 3.5094 23.9169 -9.3530 0.7434
37 3 Car 0 0 0 0 0 0 0 1.6900 1.9430 4.8288 -22.6499 4.6757 12.7972 -12.5089 0.9228
37 1 Car 0 0 0 0 0 0 0 1.5319 1.7469 4.2913 8.3140 3.8954 30.7576 -9.3673 0.8799
37 0 Car 0 0 0 0 0 0 0 1.7357 1.5796 4.3652 20.7065 3.1345 22.6824 -9.3550 0.8904
37 2 Car 0 0 0 0 0 0 0 1.2716 1.7132 4.2741 4.7833 3.5320 23.9301 -9.3527 0.7785
38 3 Car 0 0 0 0 0 0 0 1.7597 2.0103 4.7982 -21.8132 4.6592 12.7551 -12.5261 0.9380
38 1 Car 0 0 0 0 0 0 0 1.5210 1.7099 4.2736 8.3675 3.8822 30.7338 -9.3420 0.8537
38 0 Car 0 0 0 0 0 0 0 1.7405 1.5750 4.3791 20.7204 3.1383 22.6896 -9.3605 0.8861
38 2 Car 0 0 0 0 0 0 0 1.2294 1.6990 4.2335 4.7561 3.4812 23.9243 -9.3514 0.7508
39 3 Car 0 0 0 0 0 0 0 1.6810 2.0143 4.8921 -21.0717 4.6359 12.7428 -12.5236 0.9186
39 78 Car 0 0 0 0 0 0 0 1.5810 1.6988 4.2547 -45.9075 5.3639 9.1796 -12.5409 0.5674
39 1 Car 0 0 0 0 0 0 0 1.5289 1.7246 4.2748 8.3808 3.9042 30.7399 -9.3533 0.8619
39 0 Car 0 0 0 0 0 0 0 1.7112 1.5700 4.3314 20.6884 3.1353 22.6832 -9.3637 0.9035
39 2 Car 0 0 0 0 0 0 0 1.2558 1.7080 4.2333 4.8862 3.5127 23.9126 -9.3556 0.6902
40 3 Car 0 0 0 0 0 0 0 1.7684 2.0454 4.9069 -20.3934 4.6284 12.7027 -12.5119 0.9368
40 78 Car 0 0 0 0 0 0 0 1.6039 1.6590 4.0912 -45.2912 5.3555 9.1264 -12.5067 0.6220
40 1 Car 0 0 0 0 0 0 0 1.5053 1.7028 4.2446 8.3491 3.8598 30.7589 -9.3572 0.8774
40 0 Car 0 0 0 0 0 0 0 1.6961 1.5683 4.3111 20.6936 3.1261 22.6645 -9.3537 0.9000
40 2 Car 0 0 0 0 0 0 0 1.2448 1.6985 4.2280 4.8953 3.4917 23.9294 -9.3351 0.5996
41 3 Car 0 0 0 0 0 0 0 1.7411 2.0001 4.8903 -19.6244 4.6261 12.6615 -12.5061 0.9075
41 78 Car 0 0 0 0 0 0 0 1.6598 1.7791 4.1508 -44.9808 5.3354 9.2657 -12.4832 0.5768
41 1 Car 0 0 0 0 0 0 0 1.5380 1.7378 4.2928 8.3491 3.9024 30.7735 -9.3448 0.8749
41 0 Car 0 0 0 0 0 0 0 1.7202 1.5705 4.3641 20.7143 3.1430 22.6858 -9.3600 0.8951
41 2 Car 0 0 0 0 0 0 0 1.2456 1.6863 4.2159 4.9322 3.4825 23.9067 -9.3485 0.5853
42 89 Car 0 0 0 0 0 0 0 1.7451 1.7468 4.3123 -36.1062 4.9350 13.1420 -12.5633 0.5831
42 3 Car 0 0 0 0 0 0 0 1.7048 1.9632 4.8942 -18.8438 4.5547 12.6407 -12.5179 0.9119
42 78 Car 0 0 0 0 0 0 0 1.5554 1.9375 4.3255 -44.4258 5.3399 9.3354 -12.5333 0.7877
42 1 Car 0 0 0 0 0 0 0 1.5035 1.7068 4.2553 8.3494 3.8453 30.7634 -9.3511 0.8722
42 0 Car 0 0 0 0 0 0 0 1.7171 1.5835 4.3596 20.6996 3.1289 22.6854 -9.3522 0.9012
42 2 Car 0 0 0 0 0 0 0 1.2579 1.6554 4.1240 5.0394 3.4643 23.9458 -9.3306 0.5571
43 89 Car 0 0 0 0 0 0 0 1.8316 1.7600 4.3317 -35.5481 4.9403 13.0324 -12.5507 0.7161
43 3 Car 0 0 0 0 0 0 0 1.6299 1.9835 4.9368 -18.0831 4.5646 12.6328 -12.5126 0.9347
43 78 Car 0 0 0 0 0 0 0 1.5488 1.9281 4.4399 -44.1096 5.2623 9.3127 -12.5446 0.7318
43 1 Car 0 0 0 0 0 0 0 1.5112 1.7133 4.2615 8.3490 3.8721 30.7654 -9.3360 0.8776
43 0 Car 0 0 0 0 0 0 0 1.7018 1.5739 4.3302 20.6927 3.1302 22.6774 -9.3502 0.9045
43 2 Car 0 0 0 0 0 0 0 1.2914 1.6840 4.2857 4.9400 3.5067 23.9649 -9.3808 0.5941
44 89 Car 0 0 0 0 0 0 0 1.8289 1.7507 4.3921 -35.0105 4.9302 13.0986 -12.5338 0.7344
44 3 Car 0 0 0 0 0 0 0 1.6379 2.0541 4.9240 -17.3071 4.5264 12.5665 -12.4969 0.9008
44 78 Car 0 0 0 0 0 0 0 1.5263 1.7994 4.4203 -43.5090 5.2632 9.2126 -12.5484 0.7727
44 1 Car 0 0 0 0 0 0 0 1.5190 1.7235 4.2643 8.3343 3.9011 30.7602 -9.3520 0.8838
44 0 Car 0 0 0 0 0 0 0 1.7173 1.5674 4.3372 20.6890 3.1554 22.6796 -9.3580 0.9025
44 2 Car 0 0 0 0 0 0 0 1.2787 1.6864 4.3646 4.8490 3.5178 23.9681 -9.3904 0.6678
45 89 Car 0 0 0 0 0 0 0 1.8176 1.7443 4.3465 -34.3515 4.9032 13.0472 -12.5249 0.7790
45 3 Car 0 0 0 0 0 0 0 1.7611 1.9472 4.8213 -16.5107 4.5130 12.5437 -12.5068 0.8846
45 78 Car 0 0 0 0 0 0 0 1.5617 1.8028 4.3256 -42.8996 5.2852 9.1686 -12.5355 0.7776
45 1 Car 0 0 0 0 0 0 0 1.5228 1.7431 4.3047 8.3223 3.9049 30.7685 -9.3484 0.8883
45 0 Car 0 0 0 0 0 0 0 1.7200 1.5713 4.3432 20.6772 3.1530 22.6836 -9.3579 0.9040
45 2 Car 0 0 0 0 0 0 0 1.2494 1.6775 4.3019 4.7986 3.5001 23.9366 -9.3888 0.6291
46 89 Car 0 0 0 0 0 0 0 1.8209 1.8136 4.3618 -33.7890 4.9177 13.1026 -12.5455 0.7274
46 3 Car 0 0 0 0 0 0 0 1.6726 1.9169 4.7618 -15.6938 4.4997 12.4784 -12.4846 0.8662
46 78 Car 0 0 0 0 0 0 0 1.5220 1.7845 4.4987 -42.6132 5.2611 9.1760 -12.5222 0.7559
46 1 Car 0 0 0 0 0 0 0 1.5252 1.7221 4.3167 8.3638 3.9075 30.7640 -9.3350 0.8822
46 0 Car 0 0 0 0 0 0 0 1.7166 1.5683 4.3012 20.6891 3.1401 22.6798 -9.3593 0.9038
46 2 Car 0 0 0 0 0 0 0 1.2679 1.7152 4.2829 4.7765 3.5158 23.9373 -9.3573 0.6643
47 89 Car 0 0 0 0 0 0 0 1.8181 1.7689 4.1394 -33.2694 4.9100 13.0998 -12.4999 0.7847
47 3 Car 0 0 0 0 0 0 0 1.6730 1.9608 4.9981 -14.9276 4.4565 12.4735 -12.4906 0.8491
47 78 Car 0 0 0 0 0 0 0 1.4984 1.8767 4.4577 -42.3194 5.2568 9.2009 -12.5108 0.7982
47 1 Car 0 0 0 0 0 0 0 1.5412 1.7390 4.3138 8.3841 3.9199 30.7738 -9.3420 0.8829
47 0 Car 0 0 0 0 0 0 0 1.7189 1.5719 4.3234 20.7026 3.1467 22.6729 -9.3569 0.9069
47 2 Car 0 0 0 0 0 0 0 1.2655 1.7073 4.2851 4.7836 3.5143 23.9216 -9.3546 0.7446
48 89 Car 0 0 0 0 0 0 0 1.8468 1.6185 4.1839 -32.6257 4.9041 13.0415 -12.5843 0.7472
48 3 Car 0 0 0 0 0 0 0 1.6549 1.9807 4.8769 -14.0954 4.4470 12.3904 -12.4885 0.8688
48 78 Car 0 0 0 0 0 0 0 1.5279 1.8272 4.4478 -41.7282 5.2085 9.1501 -12.5260 0.8161
48 1 Car 0 0 0 0 0 0 0 1.5101 1.7517 4.3533 8.3947 3.8852 30.7702 -9.3322 0.8733
48 0 Car 0 0 0 0 0 0 0 1.7134 1.5690 4.3462 20.7039 3.1529 22.6749 -9.3546 0.8995
48 2 Car 0 0 0 0 0 0 0 1.2869 1.7152 4.3192 4.7791 3.5471 23.9288 -9.3556 0.7232
49 89 Car 0 0 0 0 0 0 0 1.8260 1.6417 4.2263 -32.0334 4.8997 13.0166 -12.5149 0.7246
49 3 Car 0 0 0 0 0 0 0 1.7389 2.0070 4.8476 -13.2287 4.4082 12.3720 -12.5004 0.9309
49 78 Car 0 0 0 0 0 0 0 1.5530 1.8699 4.4755 -41.3181 5.1680 9.1968 -12.5385 0.7935
49 1 Car 0 0 0 0 0 0 0 1.5320 1.7237 4.3068 8.3337 3.9002 30.7724 -9.3461 0.8807
49 0 Car 0 0 0 0 0 0 0 1.7127 1.5726 4.3401 20.6843 3.1626 22.6734 -9.3615 0.8976
49 2 Car 0 0 0 0 0 0 0 1.2395 1.7169 4.2770 4.7583 3.4837 23.9396 -9.3461 0.7590
50 89 Car 0 0 0 0 0 0 0 1.7498 1.7207 4.2250 -31.3575 4.8986 13.0171 -12.5236 0.6387
50 3 Car 0 0 0 0 0 0 0 1.7545 1.9675 4.8999 -12.3362 4.4220 12.3495 -12.4983 0.8981
50 78 Car 0 0 0 0 0 0 0 1.5274 1.8662 4.4472 -40.8311 5.1479 9.1737 -12.5117 0.8383
50 1 Car 0 0 0 0 0 0 0 1.5262 1.7377 4.2687 8.3530 3.8937 30.7682 -9.3649 0.8826
50 0 Car 0 0 0 0 0 0 0 1.7305 1.5677 4.3012 20.6883 3.1503 22.6616 -9.3518 0.8979
50 2 Car 0 0 0 0 0 0 0 1.2568 1.6906 4.3258 4.7852 3.5157 23.9152 -9.3540 0.7341
51 89 Car 0 0 0 0 0 0 0 1.8136 1.6581 4.1653 -30.7504 4.8708 12.9984 -12.5121 0.7077
51 3 Car 0 0 0 0 0 0 0 1.7725 1.9451 4.9557 -11.5460 4.3847 12.2462 -12.5037 0.8557
51 78 Car 0 0 0 0 0 0 0 1.5406 1.8146 4.2324 -40.2852 5.1678 9.1119 -12.5140 0.8341
51 1 Car 0 0 0 0 0 0 0 1.5420 1.7520 4.2878 8.3418 3.9106 30.7690 -9.3581 0.8763
51 0 Car 0 0 0 0 0 0 0 1.7184 1.5817 4.3594 20.6886 3.1562 22.6790 -9.3542 0.9047
51 2 Car 0 0 0 0 0 0 0 1.2524 1.6922 4.3019 4.8134 3.5144 23.9172 -9.3510 0.7325
52 89 Car 0 0 0 0 0 0 0 1.8095 1.6619 4.2382 -30.1569 4.8337 13.0106 -12.4853 0.7125
52 3 Car 0 0 0 0 0 0 0 1.7228 1.9353 4.8409 -10.7003 4.3549 12.2322 -12.4943 0.7631
52 78 Car 0 0 0 0 0 0 0 1.5961 1.8259 4.4012 -39.9577 5.1359 9.1394 -12.5319 0.7775
52 1 Car 0 0 0 0 0 0 0 1.5295 1.7324 4.2729 8.3754 3.8988 30.7651 -9.3506 0.8754
52 0 Car 0 0 0 0 0 0 0 1.6917 1.5686 4.3440 20.6648 3.1660 22.6777 -9.3596 0.9058
52 2 Car 0 0 0 0 0 0 0 1.2305 1.7040 4.2898 4.8038 3.4880 23.9323 -9.3503 0.7366
53 89 Car 0 0 0 0 0 0 0 1.8604 1.6253 4.1491 -29.4228 4.8233 12.9693 -12.5105 0.7223
53 3 Car 0 0 0 0 0 0 0 1.6223 1.9243 4.9742 -9.7667 4.3425 12.2058 -12.4907 0.8447
53 78 Car 0 0 0 0 0 0 0 1.5413 1.8596 4.4832 -39.5884 5.1353 9.1142 -12.5205 0.7929
53 1 Car 0 0 0 0 0 0 0 1.5395 1.7331 4.3077 8.3404 3.9047 30.7594 -9.3526 0.8776
53 0 Car 0 0 0 0 0 0 0 1.6828 1.5837 4.3776 20.6571 3.1529 22.6799 -9.3587 0.9015
53 2 Car 0 0 0 0 0 0 0 1.2680 1.7088 4.3215 4.7784 3.5283 23.9229 -9.3533 0.7535
54 89 Car 0 0 0 0 0 0 0 1.7854 1.6542 4.1534 -28.7633 4.8072 13.0079 -12.4831 0.6762
54 3 Car 0 0 0 0 0 0 0 1.7352 1.9488 4.9820 -8.8988 4.3064 12.1697 -12.5154 0.8729
54 78 Car 0 0 0 0 0 0 0 1.5635 1.8141 4.3879 -38.9668 5.1293 9.0949 -12.4924 0.7653
54 1 Car 0 0 0 0 0 0 0 1.5167 1.7253 4.2776 8.3539 3.8816 30.7487 -9.3496 0.8648
54 0 Car 0 0 0 0 0 0 0 1.6643 1.5811 4.3395 20.6743 3.1471 22.6836 -9.3626 0.9049
54 2 Car 0 0 0 0 0 0 0 1.2661 1.6933 4.3076 4.8101 3.5243 23.9166 -9.3535 0.7435
55 89 Car 0 0 0 0 0 0 0 1.8821 1.6215 4.0522 -28.1980 4.8114 12.9174 -12.5197 0.7641
55 3 Car 0 0 0 0 0 0 0 1.7289 1.9815 5.2117 -7.9855 4.2708 12.1432 -12.5066 0.8523
55 78 Car 0 0 0 0 0 0 0 1.5387 1.8635 4.3330 -38.5530 5.1058 9.0910 -12.4904 0.8138
55 1 Car 0 0 0 0 0 0 0 1.5292 1.7326 4.3156 8.3498 3.9001 30.7513 -9.3553 0.8766
55 0 Car 0 0 0 0 0 0 0 1.6704 1.5793 4.3493 20.6877 3.1331 22.6896 -9.3712 0.9057
55 2 Car 0 0 0 0 0 0 0 1.2616 1.6998 4.3335 4.7911 3.5135 23.9145 -9.3526 0.7552
56 89 Car 0 0 0 0 0 0 0 1.8657 1.6964 4.2256 -27.3165 4.7384 12.8999 -12.5388 0.6576
56 3 Car 0 0 0 0 0 0 0 1.7733 2.0150 5.0436 -7.0198 4.2732 12.0721 -12.5129 0.8675
56 78 Car 0 0 0 0 0 0 0 1.5386 1.8667 4.4339 -38.1399 5.1034 9.0985 -12.4887 0.8377
56 1 Car 0 0 0 0 0 0 0 1.5347 1.7354 4.2938 8.3460 3.9005 30.7661 -9.3497 0.8727
56 0 Car 0 0 0 0 0 0 0 1.6793 1.5693 4.3491 20.6927 3.1321 22.6827 -9.3689 0.9085
56 2 Car 0 0 0 0 0 0 0 1.2690 1.7015 4.3121 4.8130 3.5339 23.9208 -9.3580 0.7353
57 89 Car 0 0 0 0 0 0 0 1.9072 1.6887 4.0768 -26.7658 4.8013 12.8756 -12.5316 0.8102
57 3 Car 0 0 0 0 0 0 0 1.6982 2.0079 5.0761 -6.2127 4.2343 12.0573 -12.5033 0.8193
57 78 Car 0 0 0 0 0 0 0 1.5214 1.8056 4.5167 -37.5629 5.0868 9.0406 -12.4907 0.8074
57 1 Car 0 0 0 0 0 0 0 1.5296 1.7212 4.2767 8.3517 3.8867 30.7603 -9.3525 0.8753
57 0 Car 0 0 0 0 0 0 0 1.6958 1.5551 4.3643 20.6723 3.1615 22.6867 -9.3602 0.9066
57 2 Car 0 0 0 0 0 0 0 1.2545 1.6880 4.2548 4.7637 3.5098 23.9211 -9.3530 0.7258
58 89 Car 0 0 0 0 0 0 0 1.9071 1.6779 4.0314 -25.9972 4.7578 12.8928 -12.5460 0.7741
58 3 Car 0 0 0 0 0 0 0 1.6319 1.9224 4.8825 -5.2320 4.2218 12.0006 -12.5010 0.7866
58 78 Car 0 0 0 0 0 0 0 1.5483 1.8411 4.3621 -37.0821 5.0572 9.0319 -12.5526 0.8189
58 1 Car 0 0 0 0 0 0 0 1.5384 1.7253 4.2715 8.3536 3.8939 30.7698 -9.3535 0.8849
58 0 Car 0 0 0 0 0 0 0 1.7167 1.5538 4.3232 20.6830 3.1780 22.6655 -9.3524 0.9020
58 2 Car 0 0 0 0 0 0 0 1.2670 1.6972 4.2902 4.7901 3.5252 23.9221 -9.3548 0.7448
59 89 Car 0 0 0 0 0 0 0 1.8342 1.6044 4.0175 -25.3854 4.7077 12.8580 -12.5068 0.6884
59 3 Car 0 0 0 0 0 0 0 1.6192 1.9183 5.1162 -4.3569 4.1871 11.9432 -12.4873 0.8259
59 78 Car 0 0 0 0 0 0 0 1.5194 1.8658 4.4499 -36.5411 5.0553 8.9979 -12.5300 0.8765
59 1 Car 0 0 0 0 0 0 0 1.5412 1.7195 4.3172 8.3199 3.9003 30.7680 -9.3473 0.8786
59 0 Car 0 0 0 0 0 0 0 1.7107 1.5584 4.3440 20.6743 3.1761 22.6820 -9.3562 0.9066
59 2 Car 0 0 0 0 0 0 0 1.2559 1.6868 4.2492 4.7865 3.5099 23.9110 -9.3602 0.7248
60 89 Car 0 0 0 0 0 0 0 1.8105 1.6028 4.0670 -24.6042 4.6662 12.8970 -12.5546 0.7945
60 3 Car 0 0 0 0 0 0 0 1.6959 1.9683 5.1111 -3.4697 4.1603 11.9461 -12.5037 0.8380
60 78 Car 0 0 0 0 0 0 0 1.5289 1.8878 4.5058 -36.0457 5.0323 9.0298 -12.5310 0.8705
60 1 Car 0 0 0 0 0 0 0 1.5463 1.7313 4.2974 8.3418 3.9071 30.7671 -9.3465 0.8843
60 0 Car 0 0 0 0 0 0 0 1.7061 1.5571 4.2911 20.6751 3.1531 22.6664 -9.3511 0.9005
60 2 Car 0 0 0 0 0 0 0 1.2469 1.6970 4.2845 4.7943 3.5027 23.9193 -9.3497 0.7648
61 89 Car 0 0 0 0 0 0 0 1.8097 1.6253 4.2763 -23.7689 4.6356 12.8137 -12.4796 0.7388
61 3 Car 0 0 0 0 0 0 0 1.7816 1.9548 5.1596 -2.5453 4.1315 11.8921 -12.5194 0.8327
61 78 Car 0 0 0 0 0 0 0 1.5244 1.8846 4.5746 -35.5480 5.0508 9.0109 -12.5524 0.8548
61 1 Car 0 0 0 0 0 0 0 1.5198 1.7312 4.3085 8.3544 3.8966 30.7550 -9.3548 0.8859
61 0 Car 0 0 0 0 0 0 0 1.7009 1.5674 4.3366 20.6927 3.1486 22.6725 -9.3589 0.9008
61 2 Car 0 0 0 0 0 0 0 1.2455 1.7002 4.2689 4.7669 3.5135 23.9244 -9.3476 0.7392
62 89 Car 0 0 0 0 0 0 0 1.8839 1.6396 4.1443 -23.2284 4.6505 12.7873 -12.5261 0.7860
62 3 Car 0 0 0 0 0 0 0 1.7122 1.9072 5.1168 -1.5533 4.0802 11.8596 -12.5004 0.8121
62 78 Car 0 0 0 0 0 0 0 1.5153 1.8711 4.6063 -34.9873 5.0350 8.9374 -12.5463 0.8536
62 1 Car 0 0 0 0 0 0 0 1.5157 1.7294 4.2858 8.3100 3.8645 30.7734 -9.3485 0.8783
62 0 Car 0 0 0 0 0 0 0 1.7098 1.5682 4.3017 20.6900 3.1480 22.6736 -9.3540 0.9039
62 2 Car 0 0 0 0 0 0 0 1.2636 1.6962 4.3121 4.8142 3.5140 23.9283 -9.3615 0.7207
63 89 Car 0 0 0 0 0 0 0 2.0230 1.7779 4.2098 -22.4230 4.6537 12.7022 -12.5002 0.6782
63 3 Car 0 0 0 0 0 0 0 1.5976 1.8974 4.9728 -0.5053 4.0308 11.7836 -12.5194 0.8253
63 78 Car 0 0 0 0 0 0 0 1.5105 1.9039 4.6495 -34.4026 5.0145 8.9762 -12.5381 0.8796
63 1 Car 0 0 0 0 0 0 0 1.5160 1.7100 4.3036 8.3780 3.8756 30.7535 -9.3506 0.8878
63 0 Car 0 0 0 0 0 0 0 1.7119 1.5703 4.3127 20.6907 3.1512 22.6733 -9.3579 0.9048
63 2 Car 0 0 0 0 0 0 0 1.2693 1.6920 4.2760 4.7641 3.5207 23.9211 -9.3535 0.7363
64 89 Car 0 0 0 0 0 0 0 1.9226 1.7042 3.9607 -21.6920 4.6492 12.7287 -12.5169 0.6468
64 3 Car 0 0 0 0 0 0 0 1.6646 1.9063 5.0380 0.4141 4.0397 11.7963 -12.5072 0.7729
64 78 Car 0 0 0 0 0 0 0 1.5298 1.8889 4.6962 -33.8732 4.9845 8.9172 -12.5411 0.8681
64 1 Car 0 0 0 0 0 0 0 1.5192 1.7332 4.3266 8.3004 3.8661 30.7601 -9.3463 0.8852
64 0 Car 0 0 0 0 0 0 0 1.7115 1.5650 4.3151 20.6925 3.1618 22.6749 -9.3608 0.9027
64 2 Car 0 0 0 0 0 0 0 1.2565 1.7142 4.3233 4.8062 3.5141 23.9191 -9.3513 0.7555
65 89 Car 0 0 0 0 0 0 0 1.9357 1.7239 4.1305 -20.6467 4.6012 12.5348 -12.4998 0.5522
65 3 Car 0 0 0 0 0 0 0 1.6945 1.9449 4.9888 1.2375 4.0403 11.7654 -12.4968 0.7308
65 78 Car 0 0 0 0 0 0 0 1.5240 1.8649 4.6715 -33.2941 4.9685 8.9207 -12.5212 0.8621
65 1 Car 0 0 0 0 0 0 0 1.5177 1.6936 4.2784 8.3776 3.8729 30.7640 -9.3305 0.8808
65 0 Car 0 0 0 0 0 0 0 1.7092 1.5765 4.3058 20.6889 3.1517 22.6825 -9.3648 0.9079
65 2 Car 0 0 0 0 0 0 0 1.2655 1.7019 4.2879 4.7933 3.5341 23.9277 -9.3557 0.7374
66 89 Car 0 0 0 0 0 0 0 1.8060 1.8277 4.3761 -19.9545 4.6520 12.6180 -12.5102 0.7316
66 3 Car 0 0 0 0 0 0 0 1.7319 1.9982 4.6332 1.8962 4.0065 11.7759 -12.4628 0.8027
66 78 Car 0 0 0 0 0 0 0 1.5197 1.8550 4.5708 -32.6750 4.9981 8.8607 -12.5367 0.9110
66 1 Car 0 0 0 0 0 0 0 1.5345 1.7547 4.2811 8.3355 3.8904 30.7781 -9.3627 0.8822
66 0 Car 0 0 0 0 0 0 0 1.7177 1.5688 4.2986 20.6832 3.1616 22.6680 -9.3531 0.9068
66 2 Car 0 0 0 0 0 0 0 1.2637 1.6919 4.3082 4.7578 3.5300 23.9201 -9.3572 0.7530
67 89 Car 0 0 0 0 0 0 0 1.8205 1.7342 4.3413 -19.3650 4.4988 12.5841 -12.5104 0.7256
67 3 Car 0 0 0 0 0 0 0 1.6932 1.9305 4.5370 2.8291 3.9619 11.7512 -12.4779 0.7845
67 78 Car 0 0 0 0 0 0 0 1.5317 1.7810 4.5792 -32.0755 4.9656 8.8533 -12.5057 0.8843
67 1 Car 0 0 0 0 0 0 0 1.5156 1.7222 4.2916 8.3563 3.8655 30.7705 -9.3516 0.8828
67 0 Car 0 0 0 0 0 0 0 1.7201 1.5772 4.3362 20.6965 3.1496 22.6795 -9.3548 0.9067
67 2 Car 0 0 0 0 0 0 0 1.2472 1.7119 4.2729 4.7711 3.4935 23.9403 -9.3519 0.7608
68 89 Car 0 0 0 0 0 0 0 1.8673 1.7594 4.1948 -18.5666 4.5108 12.5996 -12.5215 0.6567
68 3 Car 0 0 0 0 0 0 0 1.6260 1.9003 4.3526 3.7846 3.9107 11.7500 -12.4791 0.8375
68 78 Car 0 0 0 0 0 0 0 1.5068 1.8135 4.7580 -31.5392 4.9520 8.8404 -12.5305 0.8811
68 1 Car 0 0 0 0 0 0 0 1.5293 1.7196 4.2802 8.3566 3.8898 30.7706 -9.3447 0.8911
68 0 Car 0 0 0 0 0 0 0 1.7059 1.5697 4.3230 20.6848 3.1445 22.6780 -9.3524 0.9073
68 2 Car 0 0 0 0 0 0 0 1.2549 1.6936 4.2561 4.7573 3.5106 23.9337 -9.3498 0.7666
69 89 Car 0 0 0 0 0 0 0 1.8785 1.7389 4.2211 -17.7706 4.4902 12.5826 -12.5240 0.6598
69 3 Car 0 0 0 0 0 0 0 1.6639 1.8074 4.4646 4.6281 3.8838 11.6738 -12.4754 0.7525
69 78 Car 0 0 0 0 0 0 0 1.5109 1.7979 4.6539 -30.7746 4.9122 8.8183 -12.5452 0.8672
69 1 Car 0 0 0 0 0 0 0 1.5298 1.7359 4.2812 8.3436 3.8862 30.7673 -9.3517 0.8776
69 0 Car 0 0 0 0 0 0 0 1.7175 1.5687 4.2991 20.6878 3.1516 22.6675 -9.3535 0.9027
69 2 Car 0 0 0 0 0 0 0 1.2520 1.6826 4.2942 4.7973 3.5176 23.9168 -9.3582 0.7230
70 89 Car 0 0 0 0 0 0 0 1.8755 1.7355 4.2944 -16.7230 4.4573 12.4474 -12.5417 0.6627
70 3 Car 0 0 0 0 0 0 0 1.7089 1.8761 4.5262 5.8058 3.8510 11.6768 -12.5417 0.7552
70 78 Car 0 0 0 0 0 0 0 1.5422 1.8792 4.5562 -30.2419 4.9160 8.7853 -12.5103 0.8773
70 1 Car 0 0 0 0 0 0 0 1.5264 1.7103 4.2676 8.3335 3.8900 30.7706 -9.3447 0.8797
70 0 Car 0 0 0 0 0 0 0 1.7134 1.5663 4.3329 20.6748 3.1618 22.6809 -9.3559 0.9047
70 2 Car 0 0 0 0 0 0 0 1.2473 1.7008 4.2599 4.8168 3.5027 23.9251 -9.3571 0.7257
71 89 Car 0 0 0 0 0 0 0 1.8580 1.7937 4.2856 -16.0295 4.5252 12.4707 -12.5202 0.5927
71 3 Car 0 0 0 0 0 0 0 1.7219 1.8209 4.5330 6.6639 3.7974 11.6404 -12.5585 0.8017
71 78 Car 0 0 0 0 0 0 0 1.5352 1.8980 4.7616 -29.5199 4.9066 8.7851 -12.5158 0.8711
71 1 Car 0 0 0 0 0 0 0 1.5255 1.7283 4.2868 8.3500 3.8745 30.7666 -9.3505 0.8822
71 0 Car 0 0 0 0 0 0 0 1.7057 1.5728 4.3565 20.6916 3.1639 22.6861 -9.3614 0.9077
71 2 Car 0 0 0 0 0 0 0 1.2462 1.6847 4.3067 4.8003 3.5011 23.9166 -9.3552 0.7362
72 89 Car 0 0 0 0 0 0 0 1.8636 1.6946 4.1691 -15.1932 4.3457 12.4990 -12.4927 0.7003
72 3 Car 0 0 0 0 0 0 0 1.6676 1.9080 4.3804 7.7089 3.7476 11.6443 -12.5343 0.8267
72 78 Car 0 0 0 0 0 0 0 1.5271 1.8434 4.6938 -28.8797 4.8887 8.7550 -12.5217 0.8462
72 1 Car 0 0 0 0 0 0 0 1.5125 1.7170 4.2647 8.3205 3.8715 30.7697 -9.3554 0.8697
72 0 Car 0 0 0 0 0 0 0 1.7145 1.5698 4.3402 20.6921 3.1431 22.6805 -9.3553 0.9058
72 2 Car 0 0 0 0 0 0 0 1.2616 1.6926 4.2862 4.7702 3.5196 23.9213 -9.3543 0.7573
73 89 Car 0 0 0 0 0 0 0 1.8490 1.7233 4.1612 -14.5253 4.3530 12.4692 -12.4951 0.6280
73 3 Car 0 0 0 0 0 0 0 1.6787 1.8001 4.3930 8.6271 3.7219 11.6355 -12.5526 0.8307
73 78 Car 0 0 0 0 0 0 0 1.5441 1.8763 4.6548 -28.0900 4.8433 8.6678 -12.5215 0.8974
73 1 Car 0 0 0 0 0 0 0 1.5267 1.7198 4.2645 8.3474 3.8814 30.7771 -9.3456 0.8873
73 0 Car 0 0 0 0 0 0 0 1.7154 1.5739 4.3213 20.6914 3.1487 22.6702 -9.3507 0.9050
73 2 Car 0 0 0 0 0 0 0 1.2402 1.6905 4.2510 4.7744 3.5081 23.9255 -9.3531 0.7121
74 89 Car 0 0 0 0 0 0 0 1.8782 1.7201 4.2394 -13.7947 4.3632 12.4710 -12.5220 0.6113
74 3 Car 0 0 0 0 0 0 0 1.6998 1.9469 4.6222 9.7843 3.7046 11.6844 -12.5418 0.8685
74 78 Car 0 0 0 0 0 0 0 1.5265 1.8608 4.5911 -27.4196 4.8774 8.6472 -12.5201 0.8907
74 1 Car 0 0 0 0 0 0 0 1.5098 1.7151 4.2581 8.3298 3.8496 30.7485 -9.3481 0.8845
74 0 Car 0 0 0 0 0 0 0 1.7172 1.5655 4.3444 20.6920 3.1516 22.6719 -9.3587 0.8963
74 2 Car 0 0 0 0 0 0 0 1.2705 1.6986 4.3212 4.7912 3.5265 23.9189 -9.3586 0.7480
75 89 Car 0 0 0 0 0 0 0 1.9165 1.6867 4.0875 -12.8230 4.2719 12.4467 -12.4936 0.5822
75 3 Car 0 0 0 0 0 0 0 1.6978 1.9091 4.4917 10.8016 3.6729 11.6697 -12.5683 0.8410
75 78 Car 0 0 0 0 0 0 0 1.5413 1.8025 4.5865 -26.6832 4.8710 8.6419 -12.5509 0.8943
75 1 Car 0 0 0 0 0 0 0 1.5245 1.7434 4.2600 8.3412 3.8874 30.7778 -9.3498 0.8770
75 0 Car 0 0 0 0 0 0 0 1.7067 1.5654 4.3418 20.6800 3.1570 22.6737 -9.3515 0.9049
75 2 Car 0 0 0 0 0 0 0 1.2683 1.7058 4.2832 4.7722 3.5190 23.9218 -9.3474 0.7424
76 3 Car 0 0 0 0 0 0 0 1.6932 1.8813 4.3755 11.7570 3.6561 11.6291 -12.5337 0.8744
76 78 Car 0 0 0 0 0 0 0 1.5370 1.8413 4.7693 -26.1049 4.8320 8.6139 -12.5396 0.9006
76 1 Car 0 0 0 0 0 0 0 1.5017 1.7205 4.2572 8.3535 3.8452 30.7706 -9.3459 0.8640
76 0 Car 0 0 0 0 0 0 0 1.7084 1.5693 4.3612 20.6864 3.1456 22.6812 -9.3546 0.8984
76 2 Car 0 0 0 0 0 0 0 1.2585 1.7015 4.2913 4.7783 3.5056 23.9213 -9.3521 0.7551
77 89 Car 0 0 0 0 0 0 0 1.8955 1.7121 4.4082 -10.9519 4.2821 12.2422 -12.5423 0.6019
77 3 Car 0 0 0 0 0 0 0 1.6766 1.8774 4.3829 12.8495 3.6182 11.6062 -12.5189 0.8712
77 78 Car 0 0 0 0 0 0 0 1.5309 1.8181 4.7186 -25.2570 4.8405 8.5946 -12.5391 0.8951
77 1 Car 0 0 0 0 0 0 0 1.5088 1.7150 4.2671 8.3323 3.8612 30.7634 -9.3370 0.8762
77 0 Car 0 0 0 0 0 0 0 1.7181 1.5687 4.3610 20.6968 3.1513 22.6833 -9.3569 0.9026
77 2 Car 0 0 0 0 0 0 0 1.2440 1.6875 4.2251 4.7574 3.5006 23.9231 -9.3539 0.7906
78 89 Car 0 0 0 0 0 0 0 1.8612 1.7319 4.4708 -10.1200 4.3042 12.2054 -12.4886 0.5804
78 3 Car 0 0 0 0 0 0 0 1.6312 1.7907 4.3116 13.9409 3.5721 11.5695 -12.5422 0.8607
78 78 Car 0 0 0 0 0 0 0 1.5147 1.8355 4.7510 -24.4166 4.8332 8.5895 -12.5367 0.9071
78 1 Car 0 0 0 0 0 0 0 1.5223 1.7099 4.2287 8.3797 3.8728 30.7704 -9.3505 0.8805
78 0 Car 0 0 0 0 0 0 0 1.7112 1.5678 4.3375 20.6837 3.1571 22.6853 -9.3535 0.9021
78 2 Car 0 0 0 0 0 0 0 1.2455 1.7095 4.2450 4.7494 3.5051 23.9339 -9.3488 0.7591
79 3 Car 0 0 0 0 0 0 0 1.6694 1.8509 4.3444 15.0757 3.5433 11.5489 -12.5269 0.8835
79 78 Car 0 0 0 0 0 0 0 1.5213 1.7991 4.6889 -23.8262 4.8134 8.5916 -12.5302 0.8835
79 1 Car 0 0 0 0 0 0 0 1.5045 1.7221 4.2637 8.3224 3.8545 30.7694 -9.3349 0.8810
79 0 Car 0 0 0 0 0 0 0 1.6989 1.5727 4.3204 20.6951 3.1409 22.6778 -9.3545 0.9074
79 2 Car 0 0 0 0 0 0 0 1.2431 1.6903 4.3058 4.7989 3.4904 23.9113 -9.3500 0.7575
80 3 Car 0 0 0 0 0 0 0 1.6876 1.8240 4.2154 16.0830 3.5287 11.5544 -12.5614 0.8923
80 78 Car 0 0 0 0 0 0 0 1.5143 1.8443 4.6386 -22.9516 4.7851 8.6364 -12.5369 0.9002
80 1 Car 0 0 0 0 0 0 0 1.5194 1.7320 4.2510 8.3351 3.8613 30.7734 -9.3344 0.8776
80 0 Car 0 0 0 0 0 0 0 1.7155 1.5694 4.3621 20.6919 3.1579 22.6822 -9.3556 0.8997
80 2 Car 0 0 0 0 0 0 0 1.2635 1.7083 4.3247 4.7752 3.5144 23.9314 -9.3511 0.7184
81 89 Car 0 0 0 0 0 0 0 1.8172 1.6825 4.1723 -7.5451 4.2114 12.0033 -12.4777 0.6552
81 3 Car 0 0 0 0 0 0 0 1.7124 1.8808 4.2672 17.1494 3.4861 11.5611 -12.5780 0.8552
81 78 Car 0 0 0 0 0 0 0 1.5277 1.8305 4.7341 -22.0077 4.7752 8.6350 -12.5788 0.9102
81 1 Car 0 0 0 0 0 0 0 1.5190 1.7120 4.1991 8.3514 3.8740 30.7646 -9.3494 0.8649
81 0 Car 0 0 0 0 0 0 0 1.7035 1.5666 4.3177 20.6895 3.1475 22.6814 -9.3558 0.9056
81 2 Car 0 0 0 0 0 0 0 1.2577 1.7100 4.3097 4.7793 3.5093 23.9269 -9.3481 0.7572
82 89 Car 0 0 0 0 0 0 0 1.8116 1.7915 4.3169 -6.7413 4.1455 11.9561 -12.5244 0.5252
82 3 Car 0 0 0 0 0 0 0 1.6786 1.7437 4.3173 18.1949 3.4296 11.4868 -12.5620 0.8839
82 78 Car 0 0 0 0 0 0 0 1.5359 1.8704 4.5796 -21.2106 4.7547 8.6813 -12.5888 0.9432
82 1 Car 0 0 0 0 0 0 0 1.5008 1.7159 4.2318 8.3646 3.8558 30.7662 -9.3471 0.8781
82 0 Car 0 0 0 0 0 0 0 1.7048 1.5676 4.3096 20.6959 3.1444 22.6733 -9.3552 0.9009
82 2 Car 0 0 0 0 0 0 0 1.2840 1.7314 4.3162 4.7639 3.5206 23.9337 -9.3512 0.7381
83 89 Car 0 0 0 0 0 0 0 1.8340 1.8399 4.2179 -5.7950 4.1584 11.9275 -12.5046 0.6845
83 3 Car 0 0 0 0 0 0 0 1.6744 1.8392 4.2068 19.2890 3.4412 11.5101 -12.5404 0.8705
83 78 Car 0 0 0 0 0 0 0 1.5329 1.8541 4.5886 -20.3676 4.7318 8.7196 -12.5945 0.9219
83 1 Car 0 0 0 0 0 0 0 1.5046 1.7385 4.2552 8.3215 3.8456 30.7614 -9.3489 0.8846
83 0 Car 0 0 0 0 0 0 0 1.7138 1.5650 4.3406 20.6989 3.1434 22.6803 -9.3550 0.8988
83 2 Car 0 0 0 0 0 0 0 1.2471 1.7055 4.2733 4.7935 3.4892 23.9190 -9.3498 0.7230
84 89 Car 0 0 0 0 0 0 0 1.8406 1.8668 4.4971 -4.6045 4.1293 11.8967 -12.4825 0.7166
84 3 Car 0 0 0 0 0 0 0 1.6958 1.8201 4.2604 20.4782 3.4163 11.4830 -12.5700 0.8781
84 78 Car 0 0 0 0 0 0 0 1.5756 1.8802 4.6832 -19.5877 4.7171 8.7560 -12.5950 0.9100
84 1 Car 0 0 0 0 0 0 0 1.5189 1.7388 4.2487 8.3364 3.8664 30.7814 -9.3372 0.8674
84 0 Car 0 0 0 0 0 0 0 1.6906 1.5664 4.2989 20.6773 3.1445 22.6742 -9.3573 0.9027
84 2 Car 0 0 0 0 0 0 0 1.2547 1.7289 3.9681 5.2901 3.4843 23.9007 -9.3646 0.5797
85 89 Car 0 0 0 0 0 0 0 1.8074 1.8710 4.4881 -3.5837 4.0922 11.8266 -12.4554 0.7834
85 3 Car 0 0 0 0 0 0 0 1.7105 1.8119 4.3287 21.6162 3.3820 11.4381 -12.5397 0.8800
85 78 Car 0 0 0 0 0 0 0 1.5763 1.8409 4.6470 -18.7031 4.6782 8.8003 -12.6020 0.8892
85 1 Car 0 0 0 0 0 0 0 1.4935 1.6999 4.1599 8.3771 3.8094 30.7697 -9.3410 0.8301
85 0 Car 0 0 0 0 0 0 0 1.7125 1.5665 4.3211 20.6901 3.1530 22.6818 -9.3562 0.9046
86 89 Car 0 0 0 0 0 0 0 1.8617 1.8373 4.7265 -2.4249 4.0986 11.6431 -12.4693 0.8072
86 3 Car 0 0 0 0 0 0 0 1.7134 1.8808 4.3745 22.6280 3.3576 11.4410 -12.5415 0.8491
86 78 Car 0 0 0 0 0 0 0 1.5555 1.8138 4.6922 -17.8606 4.6708 8.8491 -12.6039 0.8661
86 1 Car 0 0 0 0 0 0 0 1.4920 1.6893 4.2358 8.3404 3.8425 30.7752 -9.3227 0.8181
86 0 Car 0 0 0 0 0 0 0 1.7006 1.5685 4.3338 20.6948 3.1417 22.6774 -9.3569 0.9029
87 89 Car 0 0 0 0 0 0 0 1.8878 1.9016 4.9909 -1.3458 4.0121 11.6017 -12.4700 0.7414
87 3 Car 0 0 0 0 0 0 0 1.7248 1.8860 4.4412 23.8452 3.3099 11.3702 -12.5526 0.8654
87 78 Car 0 0 0 0 0 0 0 1.5571 1.7467 4.5005 -16.9023 4.6096 8.8627 -12.5781 0.7927
87 0 Car 0 0 0 0 0 0 0 1.7099 1.5623 4.3096 20.6865 3.1484 22.6751 -9.3562 0.9004
88 89 Car 0 0 0 0 0 0 0 1.7795 1.8968 4.5340 -0.3896 3.9603 11.5133 -12.4718 0.5577
88 3 Car 0 0 0 0 0 0 0 1.7444 1.8556 4.3856 24.9741 3.3138 11.3659 -12.5455 0.8688
88 78 Car 0 0 0 0 0 0 0 1.5290 1.7924 4.5183 -15.9824 4.5852 8.9888 -12.5928 0.8274
88 0 Car 0 0 0 0 0 0 0 1.7033 1.5605 4.3006 20.6771 3.1279 22.6807 -9.3606 0.9058
89 89 Car 0 0 0 0 0 0 0 1.7659 1.8858 4.6373 0.4853 3.9838 11.5395 -12.4697 0.5967
89 3 Car 0 0 0 0 0 0 0 1.7187 1.8760 4.3818 26.1749 3.2676 11.3419 -12.5467 0.8773
89 78 Car 0 0 0 0 0 0 0 1.5536 1.8201 4.3607 -15.2341 4.5538 9.0596 -12.6295 0.8425
89 1 Car 0 0 0 0 0 0 0 1.3112 1.6011 3.9261 8.2439 3.6814 30.7269 -9.3232 0.5275
89 0 Car 0 0 0 0 0 0 0 1.7029 1.5630 4.3167 20.6895 3.1331 22.6826 -9.3545 0.9048
89 2 Car 0 0 0 0 0 0 0 1.3414 1.7533 3.9499 4.3089 3.5807 23.9924 -9.3468 0.5786
90 89 Car 0 0 0 0 0 0 0 1.9369 1.8513 4.5507 1.4462 3.9667 11.4973 -12.4558 0.7349
90 3 Car 0 0 0 0 0 0 0 1.6497 1.7786 4.1689 27.1418 3.2455 11.2682 -12.5439 0.8593
90 78 Car 0 0 0 0 0 0 0 1.5710 1.8270 4.3516 -14.2663 4.5373 9.1572 -12.6513 0.8417
90 1 Car 0 0 0 0 0 0 0 1.4027 1.6484 4.0309 8.2208 3.7544 30.7212 -9.3537 0.7874
90 0 Car 0 0 0 0 0 0 0 1.7103 1.5804 4.3452 20.6921 3.1378 22.6767 -9.3560 0.9031
90 2 Car 0 0 0 0 0 0 0 1.2529 1.7467 4.2732 4.9951 3.4848 23.9210 -9.3597 0.6419
91 89 Car 0 0 0 0 0 0 0 1.9121 1.8450 4.3430 2.1735 3.9860 11.3975 -12.4558 0.6949
91 3 Car 0 0 0 0 0 0 0 1.7009 1.8995 4.4009 28.4267 3.2207 11.2231 -12.5303 0.8623
91 78 Car 0 0 0 0 0 0 0 1.6076 1.8151 4.2372 -13.5859 4.5180 9.2161 -12.6349 0.8245
91 1 Car 0 0 0 0 0 0 0 1.4640 1.7094 4.1872 8.4609 3.7856 30.7164 -9.3536 0.8049
91 0 Car 0 0 0 0 0 0 0 1.6534 1.5619 4.2259 20.9101 3.0599 22.6415 -9.3658 0.8148
91 2 Car 0 0 0 0 0 0 0 1.3106 1.7049 4.2325 4.9300 3.5547 23.9707 -9.2810 0.6008
92 89 Car 0 0 0 0 0 0 0 1.8622 1.6886 3.9073 2.8238 3.9507 11.3476 -12.3597 0.6619
92 3 Car 0 0 0 0 0 0 0 1.6794 1.9127 4.4067 29.5726 3.1768 11.2282 -12.5228 0.8393
92 78 Car 0 0 0 0 0 0 0 1.6184 1.8192 4.2051 -12.7327 4.5204 9.2956 -12.5838 0.8460
92 1 Car 0 0 0 0 0 0 0 1.5031 1.6897 4.2002 8.3400 3.8328 30.7894 -9.3446 0.8208
92 0 Car 0 0 0 0 0 0 0 1.4799 1.6711 4.1662 20.9961 2.9622 22.6812 -9.3743 0.5059
92 2 Car 0 0 0 0 0 0 0 1.3253 1.7015 4.4249 4.8506 3.6048 23.9413 -9.3464 0.5307
93 172 Car 0 0 0 0 0 0 0 1.4638 1.6445 4.5636 12.2170 3.6933 26.9416 -9.2470 0.6097
93 89 Car 0 0 0 0 0 0 0 1.9114 1.7119 4.1282 3.9058 3.9132 11.2212 -12.4335 0.5251
93 3 Car 0 0 0 0 0 0 0 1.7027 1.9601 4.4442 30.8228 3.1200 11.2175 -12.5352 0.8438
93 78 Car 0 0 0 0 0 0 0 1.5726 1.8518 4.6171 -11.5595 4.4823 9.3197 -12.6167 0.8124
93 1 Car 0 0 0 0 0 0 0 1.4743 1.6869 4.3264 8.4411 3.7980 30.7877 -9.3492 0.7381
93 2 Car 0 0 0 0 0 0 0 1.3148 1.7955 3.9196 4.2847 3.5900 24.0345 -9.3518 0.5986
94 3 Car 0 0 0 0 0 0 0 1.6307 1.7835 4.2625 31.8975 3.1089 11.0797 -12.5083 0.8560
94 78 Car 0 0 0 0 0 0 0 1.5805 1.8700 4.3035 -10.7111 4.4323 9.4229 -12.5633 0.7023
94 1 Car 0 0 0 0 0 0 0 1.4554 1.7038 4.1329 8.2407 3.8303 30.7200 -9.3603 0.7957
94 2 Car 0 0 0 0 0 0 0 1.2581 1.6935 4.3064 4.7911 3.5073 23.9210 -9.3436 0.6941
95 3 Car 0 0 0 0 0 0 0 1.6848 1.8032 4.2610 33.1217 3.0682 11.0273 -12.5175 0.8333
95 78 Car 0 0 0 0 0 0 0 1.5738 1.8368 4.1113 -10.0429 4.4446 9.4443 -12.5765 0.8043
95 1 Car 0 0 0 0 0 0 0 1.5195 1.7506 4.2313 8.3421 3.8850 30.7512 -9.3553 0.8336
95 2 Car 0 0 0 0 0 0 0 1.2480 1.6823 4.3033 4.7963 3.5033 23.9147 -9.3484 0.7367
96 3 Car 0 0 0 0 0 0 0 1.6403 1.8384 4.3250 34.1534 3.0588 10.9985 -12.5134 0.8047
96 78 Car 0 0 0 0 0 0 0 1.5399 1.7980 4.2390 -8.9393 4.4212 9.5628 -12.6115 0.7064
96 1 Car 0 0 0 0 0 0 0 1.4831 1.7200 4.2229 8.3203 3.8295 30.7557 -9.3500 0.8648
96 2 Car 0 0 0 0 0 0 0 1.2534 1.6848 4.2835 4.8010 3.5104 23.9217 -9.3479 0.7525
97 3 Car 0 0 0 0 0 0 0 1.6795 1.8187 4.1205 35.4195 2.9735 10.9351 -12.5070 0.8738
97 78 Car 0 0 0 0 0 0 0 1.6029 1.8659 4.3527 -8.0704 4.3518 9.5909 -12.6345 0.7480
97 1 Car 0 0 0 0 0 0 0 1.5058 1.7329 4.2520 8.3235 3.8514 30.7647 -9.3453 0.8608
97 2 Car 0 0 0 0 0 0 0 1.2431 1.6919 4.2721 4.7886 3.5024 23.9213 -9.3580 0.7317
98 3 Car 0 0 0 0 0 0 0 1.6639 1.8355 4.0732 36.5370 2.9401 10.8814 -12.4997 0.8486
98 78 Car 0 0 0 0 0 0 0 1.5908 1.8564 4.2676 -7.0736 4.2924 9.6928 -12.5604 0.7639
98 1 Car 0 0 0 0 0 0 0 1.5180 1.7424 4.2444 8.3370 3.8702 30.7663 -9.3547 0.8642
98 2 Car 0 0 0 0 0 0 0 1.2635 1.6950 4.2812 4.7744 3.5182 23.9202 -9.3562 0.7289
99 3 Car 0 0 0 0 0 0 0 1.6698 1.8494 4.3266 37.9413 2.9199 10.8224 -12.5044 0.8166
99 78 Car 0 0 0 0 0 0 0 1.6048 1.8196 4.1797 -5.9610 4.3090 9.7092 -12.5330 0.5876
99 1 Car 0 0 0 0 0 0 0 1.5086 1.7414 4.2645 8.3085 3.8692 30.7694 -9.3507 0.8661
99 2 Car 0 0 0 0 0 0 0 1.2776 1.6977 4.2417 4.7607 3.5452 23.9240 -9.3541 0.7204
100 181 Car 0 0 0 0 0 0 0 2.0720 1.8603 4.6248 49.8045 2.7628 4.4212 -12.5252 0.6967
100 3 Car 0 0 0 0 0 0 0 1.6778 1.9148 4.3016 39.1121 2.8576 10.7470 -12.5106 0.8175
100 78 Car 0 0 0 0 0 0 0 1.5363 1.8456 4.2519 -5.0057 4.3062 9.7146 -12.5369 0.7180
100 1 Car 0 0 0 0 0 0 0 1.5083 1.7362 4.2309 8.3267 3.8729 30.7553 -9.3545 0.8651
100 2 Car 0 0 0 0 0 0 0 1.2510 1.6963 4.2956 4.7773 3.5075 23.9214 -9.3496 0.7512
101 3 Car 0 0 0 0 0 0 0 1.6164 1.7772 4.1756 40.3347 2.8508 10.6279 -12.5113 0.8446
101 78 Car 0 0 0 0 0 0 0 1.5311 1.7579 4.3036 -3.9904 4.2470 9.7813 -12.5390 0.6225
101 1 Car 0 0 0 0 0 0 0 1.4813 1.7292 4.2803 8.2558 3.8510 30.7399 -9.3595 0.8544
101 0 Car 0 0 0 0 0 0 0 1.4814 1.5771 4.0292 20.5343 3.0684 22.7997 -9.4503 0.5099
101 2 Car 0 0 0 0 0 0 0 1.2837 1.7058 4.3045 4.7999 3.5422 23.9237 -9.3573 0.7826
102 3 Car 0 0 0 0 0 0 0 1.6474 1.8466 4.3436 41.5491 2.7858 10.5914 -12.5235 0.8067
102 78 Car 0 0 0 0 0 0 0 1.5851 1.8666 4.3397 -2.8965 4.2253 9.8259 -12.6121 0.5920
102 1 Car 0 0 0 0 0 0 0 1.5045 1.7346 4.2380 8.3359 3.8519 30.7574 -9.3501 0.8558
102 0 Car 0 0 0 0 0 0 0 1.6621 1.4192 3.2141 20.2471 3.1076 22.6001 -9.3253 0.7384
102 2 Car 0 0 0 0 0 0 0 1.2817 1.7061 4.3009 4.8041 3.5446 23.9175 -9.3553 0.7360
103 187 Car 0 0 0 0 0 0 0 1.9219 1.7674 4.6506 52.9451 2.6775 4.1023 -12.5155 0.6598
103 3 Car 0 0 0 0 0 0 0 1.6028 1.8238 4.3191 42.8061 2.7670 10.4647 -12.5152 0.7363
103 78 Car 0 0 0 0 0 0 0 1.5912 1.8919 4.3476 -2.0938 4.2007 9.8939 -12.5712 0.7272
103 1 Car 0 0 0 0 0 0 0 1.5046 1.7307 4.2489 8.3213 3.8501 30.7650 -9.3445 0.8579
103 0 Car 0 0 0 0 0 0 0 1.6915 1.5728 4.3279 20.6852 3.1308 22.6834 -9.3568 0.8978
103 2 Car 0 0 0 0 0 0 0 1.2723 1.6964 4.2575 4.7651 3.5331 23.9179 -9.3546 0.7279
104 3 Car 0 0 0 0 0 0 0 1.6553 1.8688 4.3950 44.0601 2.7222 10.3927 -12.5084 0.7396
104 78 Car 0 0 0 0 0 0 0 1.6168 1.8717 4.3468 -0.6181 4.1464 9.9119 -12.5336 0.6201
104 1 Car 0 0 0 0 0 0 0 1.5182 1.7381 4.2808 8.3099 3.8815 30.7845 -9.3408 0.8641
104 0 Car 0 0 0 0 0 0 0 1.7022 1.5789 4.3430 20.6856 3.1442 22.6902 -9.3590 0.9052
104 2 Car 0 0 0 0 0 0 0 1.2630 1.7029 4.2925 4.7753 3.5223 23.9146 -9.3543 0.7808
105 194 Car 0 0 0 0 0 0 0 1.9710 1.7400 4.5117 54.7024 2.5811 3.9645 -12.5070 0.5939
105 3 Car 0 0 0 0 0 0 0 1.6716 1.8602 4.1968 45.1994 2.7085 10.3396 -12.4946 0.7227
105 78 Car 0 0 0 0 0 0 0 1.6053 1.8665 4.3422 0.0981 4.1525 9.9380 -12.5196 0.6680
105 1 Car 0 0 0 0 0 0 0 1.5071 1.7360 4.2695 8.3520 3.8597 30.7806 -9.3429 0.8498
105 0 Car 0 0 0 0 0 0 0 1.6946 1.5686 4.3324 20.6895 3.1375 22.6832 -9.3621 0.8955
105 2 Car 0 0 0 0 0 0 0 1.2456 1.7024 4.2361 4.7508 3.5002 23.9204 -9.3548 0.7467
106 3 Car 0 0 0 0 0 0 0 1.6178 1.8422 4.3296 46.7004 2.7329 10.2457 -12.5107 0.6639
106 78 Car 0 0 0 0 0 0 0 1.6539 1.8934 4.4066 1.3530 4.0738 9.9408 -12.4777 0.6715
106 1 Car 0 0 0 0 0 0 0 1.4832 1.6743 4.2416 8.2874 3.8721 30.7363 -9.3596 0.8485
106 0 Car 0 0 0 0 0 0 0 1.6964 1.5650 4.3214 20.6910 3.1376 22.6853 -9.3602 0.9021
106 2 Car 0 0 0 0 0 0 0 1.2874 1.7038 4.3432 4.7979 3.5464 23.9210 -9.3556 0.7430
107 3 Car 0 0 0 0 0 0 0 1.6597 1.8741 4.4921 48.1126 2.6567 10.1997 -12.5318 0.6605
107 78 Car 0 0 0 0 0 0 0 1.5896 1.8266 4.2221 2.0399 4.0258 9.9872 -12.4568 0.5935
107 1 Car 0 0 0 0 0 0 0 1.4946 1.7121 4.2230 8.3152 3.8323 30.7732 -9.3571 0.8535
107 0 Car 0 0 0 0 0 0 0 1.6982 1.5628 4.2918 20.6854 3.1382 22.6711 -9.3560 0.8989
107 2 Car 0 0 0 0 0 0 0 1.2581 1.6959 4.2990 4.8026 3.5070 23.9106 -9.3565 0.7430
108 206 Car 0 0 0 0 0 0 0 1.8397 1.8309 4.5391 57.9734 2.5532 3.7454 -12.5142 0.5092
108 3 Car 0 0 0 0 0 0 0 1.6249 1.8148 4.3240 49.2457 2.6348 10.0789 -12.5186 0.6315
108 78 Car 0 0 0 0 0 0 0 1.5764 1.8030 4.4750 3.5412 3.9895 10.0677 -12.6002 0.5217
108 1 Car 0 0 0 0 0 0 0 1.5092 1.7397 4.2276 8.3606 3.8569 30.7682 -9.3571 0.8621
108 0 Car 0 0 0 0 0 0 0 1.7125 1.5645 4.2744 20.6940 3.1311 22.6662 -9.3602 0.9010
108 2 Car 0 0 0 0 0 0 0 1.2773 1.7126 4.2963 4.7904 3.5386 23.9229 -9.3513 0.7343
109 3 Car 0 0 0 0 0 0 0 1.6295 1.8488 4.2575 50.5230 2.6388 10.0077 -12.5230 0.5964
109 1 Car 0 0 0 0 0 0 0 1.5018 1.7179 4.2491 8.3420 3.8502 30.7670 -9.3385 0.8659
109 0 Car 0 0 0 0 0 0 0 1.6929 1.5645 4.2856 20.6872 3.1319 22.6616 -9.3528 0.9036
109 2 Car 0 0 0 0 0 0 0 1.2514 1.6757 4.2714 4.8000 3.5019 23.9168 -9.3573 0.7423
110 3 Car 0 0 0 0 0 0 0 1.6989 1.8594 4.3943 51.9055 2.5580 9.9356 -12.5288 0.5342
110 78 Car 0 0 0 0 0 0 0 1.5881 1.8269 4.2961 5.4448 3.9028 10.0121 -12.6676 0.5436
110 1 Car 0 0 0 0 0 0 0 1.5142 1.7422 4.2390 8.3412 3.8680 30.7633 -9.3497 0.8583
110 0 Car 0 0 0 0 0 0 0 1.7050 1.5644 4.3304 20.6923 3.1208 22.6763 -9.3582 0.8962
110 2 Car 0 0 0 0 0 0 0 1.2565 1.6913 4.2647 4.8105 3.5134 23.9162 -9.3540 0.7148
111 3 Car 0 0 0 0 0 0 0 1.6166 1.8106 4.2656 53.0884 2.5344 9.8138 -12.5194 0.5364
111 1 Car 0 0 0 0 0 0 0 1.5195 1.7322 4.2559 8.3220 3.8709 30.7679 -9.3451 0.8610
111 0 Car 0 0 0 0 0 0 0 1.7060 1.5719 4.3293 20.6958 3.1316 22.6783 -9.3598 0.9018
111 2 Car 0 0 0 0 0 0 0 1.2638 1.7093 4.2639 4.7839 3.5305 23.9251 -9.3512 0.7152
112 1 Car 0 0 0 0 0 0 0 1.4986 1.7242 4.2341 8.3487 3.8519 30.7528 -9.3548 0.8585
112 0 Car 0 0 0 0 0 0 0 1.7168 1.5666 4.3070 20.6904 3.1228 22.6727 -9.3616 0.9011
112 2 Car 0 0 0 0 0 0 0 1.2711 1.7057 4.2683 4.7858 3.5294 23.9288 -9.3494 0.7244
113 78 Car 0 0 0 0 0 0 0 1.5729 1.7549 4.2930 8.9285 3.7880 10.0363 -12.5750 0.6591
113 1 Car 0 0 0 0 0 0 0 1.5117 1.7370 4.2409 8.3501 3.8673 30.7632 -9.3546 0.8471
113 0 Car 0 0 0 0 0 0 0 1.7054 1.5602 4.3094 20.6897 3.1360 22.6693 -9.3605 0.8994
113 2 Car 0 0 0 0 0 0 0 1.2440 1.6914 4.2597 4.7831 3.4944 23.9302 -9.3536 0.7447
114 236 Car 0 0 0 0 0 0 0 1.8006 1.7840 4.2285 -45.1655 5.2521 9.5256 -12.5377 0.5607
114 1 Car 0 0 0 0 0 0 0 1.4999 1.7137 4.2452 8.3435 3.8369 30.7728 -9.3441 0.8583
114 0 Car 0 0 0 0 0 0 0 1.6889 1.5689 4.3231 20.6821 3.1353 22.6743 -9.3531 0.9007
114 2 Car 0 0 0 0 0 0 0 1.2702 1.6924 4.2965 4.7661 3.5272 23.9131 -9.3560 0.7130
114 237 Car 0 0 0 0 0 0 0 1.9774 1.6355 4.0172 -55.4561 5.6404 7.0198 -12.4914 0.5042
115 236 Car 0 0 0 0 0 0 0 1.8992 1.8847 4.3351 -44.8183 5.2120 9.5287 -12.5569 0.5989
115 1 Car 0 0 0 0 0 0 0 1.5047 1.7214 4.2445 8.3423 3.8637 30.7530 -9.3528 0.8538
115 0 Car 0 0 0 0 0 0 0 1.7129 1.5595 4.3005 20.6807 3.1360 22.6581 -9.3519 0.8966
115 2 Car 0 0 0 0 0 0 0 1.2499 1.6951 4.2890 4.7830 3.5055 23.9161 -9.3499 0.7355
115 237 Car 0 0 0 0 0 0 0 2.0671 1.6869 4.3789 -54.7882 5.6267 7.0098 -12.5367 0.5677
116 236 Car 0 0 0 0 0 0 0 1.9318 1.7556 4.1901 -44.1275 5.2375 9.4107 -12.6394 0.5029
116 1 Car 0 0 0 0 0 0 0 1.5133 1.7299 4.2460 8.3111 3.8601 30.7785 -9.3465 0.8619
116 0 Car 0 0 0 0 0 0 0 1.7065 1.5696 4.3239 20.6911 3.1314 22.6805 -9.3567 0.9019
116 2 Car 0 0 0 0 0 0 0 1.2542 1.7186 4.2848 4.7817 3.5074 23.9405 -9.3486 0.7186
116 237 Car 0 0 0 0 0 0 0 1.9598 1.7154 4.4992 -53.9299 5.5482 6.9501 -12.5182 0.5741
117 1 Car 0 0 0 0 0 0 0 1.5133 1.7324 4.2508 8.3644 3.8675 30.7749 -9.3500 0.8566
117 0 Car 0 0 0 0 0 0 0 1.7055 1.5678 4.3178 20.6877 3.1377 22.6731 -9.3532 0.8983
117 2 Car 0 0 0 0 0 0 0 1.2516 1.6953 4.3137 4.7955 3.5066 23.9209 -9.3499 0.7316
118 251 Car 0 0 0 0 0 0 0 1.7496 1.7681 4.0152 -36.2674 4.9811 13.1596 -12.5314 0.5058
118 1 Car 0 0 0 0 0 0 0 1.5096 1.7378 4.2831 8.3027 3.8487 30.7604 -9.3438 0.8531
118 0 Car 0 0 0 0 0 0 0 1.6943 1.5694 4.3221 20.6957 3.1306 22.6813 -9.3578 0.9060
118 2 Car 0 0 0 0 0 0 0 1.2663 1.6943 4.2994 4.7976 3.5203 23.9156 -9.3565 0.7398
119 1 Car 0 0 0 0 0 0 0 1.5197 1.7337 4.2954 8.3245 3.8672 30.7736 -9.3462 0.8683
119 0 Car 0 0 0 0 0 0 0 1.7088 1.5747 4.3190 20.6944 3.1285 22.6766 -9.3611 0.9066
119 2 Car 0 0 0 0 0 0 0 1.2339 1.7046 4.2764 4.8091 3.4938 23.9368 -9.3492 0.7346
119 237 Car 0 0 0 0 0 0 0 2.0741 1.5912 4.3280 -51.4426 5.4781 6.8358 -12.5002 0.5254
120 1 Car 0 0 0 0 0 0 0 1.5107 1.7404 4.2455 8.3332 3.8630 30.7702 -9.3440 0.8596
120 0 Car 0 0 0 0 0 0 0 1.7011 1.5774 4.3274 20.6930 3.1304 22.6753 -9.3544 0.9044
120 2 Car 0 0 0 0 0 0 0 1.2651 1.7034 4.2683 4.7632 3.5268 23.9281 -9.3533 0.7454
120 237 Car 0 0 0 0 0 0 0 2.0241 1.6539 4.3845 -50.6477 5.4538 6.7967 -12.5259 0.6832
121 1 Car 0 0 0 0 0 0 0 1.5058 1.7126 4.2290 8.3370 3.8453 30.7678 -9.3470 0.8554
121 0 Car 0 0 0 0 0 0 0 1.7152 1.5723 4.3268 20.6953 3.1408 22.6784 -9.3587 0.9013
121 2 Car 0 0 0 0 0 0 0 1.2572 1.7024 4.2454 4.7715 3.5081 23.9167 -9.3554 0.7501
121 237 Car 0 0 0 0 0 0 0 2.0094 1.7460 4.6238 -49.8214 5.4111 6.7741 -12.5205 0.7535
121 258 Car 0 0 0 0 0 0 0 1.7427 1.6945 3.8138 -34.4630 4.9266 13.0519 -12.5220 0.5390
122 1 Car 0 0 0 0 0 0 0 1.5015 1.7170 4.2604 8.3251 3.8509 30.7676 -9.3406 0.8662
122 0 Car 0 0 0 0 0 0 0 1.7040 1.5663 4.3215 20.6925 3.1292 22.6699 -9.3527 0.8973
122 2 Car 0 0 0 0 0 0 0 1.2643 1.7007 4.3048 4.8039 3.5179 23.9236 -9.3550 0.7343
122 237 Car 0 0 0 0 0 0 0 2.0072 1.7243 4.6732 -48.9370 5.4095 6.7834 -12.5277 0.7743
122 258 Car 0 0 0 0 0 0 0 1.7767 1.7453 4.0702 -33.8993 4.9181 12.9736 -12.5237 0.7427
123 1 Car 0 0 0 0 0 0 0 1.5129 1.7276 4.2365 8.3374 3.8546 30.7624 -9.3456 0.8638
123 0 Car 0 0 0 0 0 0 0 1.7050 1.5754 4.2998 20.6856 3.1259 22.6702 -9.3584 0.9063
123 2 Car 0 0 0 0 0 0 0 1.2619 1.6963 4.2725 4.7795 3.5130 23.9206 -9.3503 0.7605
123 237 Car 0 0 0 0 0 0 0 2.0449 1.6915 4.3619 -48.0452 5.4595 6.6575 -12.5382 0.7672
123 258 Car 0 0 0 0 0 0 0 1.7532 1.7157 3.9483 -33.3094 4.9032 13.0309 -12.5297 0.6114
124 1 Car 0 0 0 0 0 0 0 1.5040 1.7341 4.2411 8.3532 3.8577 30.7680 -9.3515 0.8623
124 0 Car 0 0 0 0 0 0 0 1.7064 1.5719 4.3251 20.6929 3.1478 22.6726 -9.3539 0.9025
124 2 Car 0 0 0 0 0 0 0 1.2685 1.7081 4.3265 4.7630 3.5229 23.9358 -9.3607 0.7733
124 237 Car 0 0 0 0 0 0 0 2.0332 1.7731 4.5945 -47.3622 5.3892 6.6860 -12.5011 0.8068
125 1 Car 0 0 0 0 0 0 0 1.5070 1.7229 4.2520 8.3465 3.8478 30.7708 -9.3456 0.8446
125 0 Car 0 0 0 0 0 0 0 1.7087 1.5678 4.3200 20.7021 3.1337 22.6685 -9.3572 0.9007
125 2 Car 0 0 0 0 0 0 0 1.2536 1.7035 4.2879 4.7944 3.5031 23.9149 -9.3610 0.7633
125 237 Car 0 0 0 0 0 0 0 2.0165 1.7451 4.5362 -46.4308 5.3702 6.6602 -12.5430 0.7516
126 1 Car 0 0 0 0 0 0 0 1.4900 1.7216 4.2608 8.2561 3.8714 30.7754 -9.3591 0.8454
126 0 Car 0 0 0 0 0 0 0 1.7059 1.5685 4.3272 20.6982 3.1298 22.6801 -9.3580 0.9003
126 2 Car 0 0 0 0 0 0 0 1.2648 1.7044 4.3158 4.8054 3.5150 23.9195 -9.3550 0.7555
126 237 Car 0 0 0 0 0 0 0 2.0576 1.6833 4.5223 -45.7532 5.4164 6.6048 -12.5346 0.8137
127 1 Car 0 0 0 0 0 0 0 1.5062 1.7183 4.2545 8.3281 3.8609 30.7673 -9.3468 0.8371
127 0 Car 0 0 0 0 0 0 0 1.7082 1.5620 4.2913 20.6805 3.1449 22.6721 -9.3504 0.9074
127 2 Car 0 0 0 0 0 0 0 1.3013 1.7136 4.3190 4.7742 3.5621 23.9210 -9.3537 0.7769
127 237 Car 0 0 0 0 0 0 0 2.0180 1.6891 4.5419 -44.8244 5.3785 6.5743 -12.5520 0.8184
128 1 Car 0 0 0 0 0 0 0 1.4859 1.7262 4.2802 8.2647 3.8698 30.7751 -9.3385 0.8656
128 0 Car 0 0 0 0 0 0 0 1.7286 1.5681 4.3092 20.6981 3.1280 22.6776 -9.3586 0.9047
128 2 Car 0 0 0 0 0 0 0 1.2723 1.7015 4.2693 4.7703 3.5314 23.9231 -9.3497 0.7140
128 237 Car 0 0 0 0 0 0 0 2.0288 1.6553 4.5621 -44.0528 5.3235 6.5853 -12.5161 0.8495
129 1 Car 0 0 0 0 0 0 0 1.4735 1.7107 4.2807 8.2618 3.8482 30.7703 -9.3563 0.8450
129 0 Car 0 0 0 0 0 0 0 1.7091 1.5670 4.3074 20.6884 3.1380 22.6676 -9.3513 0.8999
129 2 Car 0 0 0 0 0 0 0 1.2517 1.7041 4.2994 4.8056 3.4910 23.9230 -9.3486 0.7377
129 237 Car 0 0 0 0 0 0 0 1.9028 1.6715 4.2456 -43.0773 5.3261 6.5539 -12.5061 0.7865
130 1 Car 0 0 0 0 0 0 0 1.4955 1.7231 4.2449 8.3566 3.8319 30.7519 -9.3595 0.8377
130 0 Car 0 0 0 0 0 0 0 1.7014 1.5672 4.3123 20.6831 3.1436 22.6788 -9.3526 0.9055
130 2 Car 0 0 0 0 0 0 0 1.2590 1.7011 4.3038 4.8028 3.5130 23.9281 -9.3455 0.7209
130 237 Car 0 0 0 0 0 0 0 1.9234 1.6543 4.3337 -42.4389 5.2777 6.4879 -12.5186 0.8485
131 1 Car 0 0 0 0 0 0 0 1.5122 1.7232 4.2632 8.3405 3.8624 30.7637 -9.3441 0.8508
131 0 Car 0 0 0 0 0 0 0 1.7094 1.5683 4.3263 20.6866 3.1436 22.6795 -9.3522 0.9039
131 2 Car 0 0 0 0 0 0 0 1.2597 1.7032 4.3256 4.7791 3.5116 23.9274 -9.3497 0.7479
131 237 Car 0 0 0 0 0 0 0 1.9747 1.6427 4.3381 -41.5977 5.2389 6.4651 -12.5239 0.8423
132 1 Car 0 0 0 0 0 0 0 1.4923 1.7259 4.2576 8.3308 3.8449 30.7460 -9.3452 0.8476
132 0 Car 0 0 0 0 0 0 0 1.7067 1.5627 4.3200 20.6887 3.1363 22.6682 -9.3481 0.9003
132 2 Car 0 0 0 0 0 0 0 1.2689 1.7104 4.2915 4.7762 3.5242 23.9217 -9.3539 0.7327
132 237 Car 0 0 0 0 0 0 0 1.9117 1.7353 4.5954 -40.8374 5.2298 6.4353 -12.4938 0.8466
133 1 Car 0 0 0 0 0 0 0 1.4898 1.7133 4.2391 8.3224 3.8567 30.7400 -9.3609 0.8584
133 0 Car 0 0 0 0 0 0 0 1.7028 1.5669 4.3211 20.6908 3.1355 22.6699 -9.3525 0.9045
133 2 Car 0 0 0 0 0 0 0 1.2562 1.7021 4.2788 4.7820 3.4980 23.9180 -9.3536 0.7533
133 237 Car 0 0 0 0 0 0 0 1.9300 1.6955 4.2958 -40.0301 5.1592 6.3559 -12.5063 0.8327
134 1 Car 0 0 0 0 0 0 0 1.4976 1.7230 4.2326 8.3452 3.8318 30.7638 -9.3418 0.8455
134 0 Car 0 0 0 0 0 0 0 1.7087 1.5725 4.2789 20.6965 3.1312 22.6713 -9.3562 0.9079
134 2 Car 0 0 0 0 0 0 0 1.2221 1.6961 4.1160 5.0044 3.4542 23.8843 -9.3591 0.6518
134 237 Car 0 0 0 0 0 0 0 1.9001 1.7351 4.3933 -39.2105 5.0819 6.3922 -12.5102 0.8158
134 258 Car 0 0 0 0 0 0 0 1.9910 1.7095 4.1398 -32.4406 4.9913 9.1589 -12.5038 0.5518
135 1 Car 0 0 0 0 0 0 0 1.4864 1.7128 4.1827 8.4196 3.8179 30.7444 -9.3505 0.8333
135 0 Car 0 0 0 0 0 0 0 1.7028 1.5671 4.3019 20.6863 3.1277 22.6666 -9.3530 0.9033
135 2 Car 0 0 0 0 0 0 0 1.2587 1.6681 4.2579 4.8306 3.4794 23.9243 -9.3174 0.5332
135 237 Car 0 0 0 0 0 0 0 1.9435 1.7110 4.5377 -38.5359 5.0722 6.3392 -12.5055 0.8502
136 1 Car 0 0 0 0 0 0 0 1.4964 1.7101 4.2343 8.3829 3.8231 30.7674 -9.3373 0.8047
136 0 Car 0 0 0 0 0 0 0 1.7048 1.5660 4.3584 20.6880 3.1476 22.6878 -9.3578 0.8962
136 237 Car 0 0 0 0 0 0 0 1.9057 1.7225 4.5056 -37.7238 5.0335 6.2986 -12.5169 0.8362
136 258 Car 0 0 0 0 0 0 0 1.9815 1.6617 4.1392 -31.0236 4.9833 9.1360 -12.5410 0.5705
137 1 Car 0 0 0 0 0 0 0 1.5120 1.7162 4.2497 8.4010 3.8567 30.7971 -9.3330 0.7923
137 0 Car 0 0 0 0 0 0 0 1.7119 1.5658 4.3188 20.6924 3.1316 22.6621 -9.3529 0.8969
137 237 Car 0 0 0 0 0 0 0 1.8488 1.7117 4.4395 -36.9884 5.0204 6.2860 -12.5172 0.8060
137 258 Car 0 0 0 0 0 0 0 1.9081 1.6244 4.1456 -30.3962 4.9670 9.0872 -12.5295 0.6080
138 0 Car 0 0 0 0 0 0 0 1.7230 1.5656 4.3425 20.6990 3.1377 22.6838 -9.3513 0.9024
138 2 Car 0 0 0 0 0 0 0 1.3340 1.7233 4.2151 4.5436 3.6346 23.9013 -9.3190 0.5043
138 237 Car 0 0 0 0 0 0 0 1.8552 1.7342 4.4606 -36.1280 5.0047 6.2559 -12.5283 0.8281
138 258 Car 0 0 0 0 0 0 0 1.8645 1.6343 4.1993 -29.6950 4.9237 9.0977 -12.4962 0.5760
139 1 Car 0 0 0 0 0 0 0 1.3125 1.6270 3.9485 8.2296 3.6894 30.7097 -9.2973 0.5391
139 0 Car 0 0 0 0 0 0 0 1.7109 1.5637 4.3469 20.6929 3.1293 22.6820 -9.3548 0.8938
139 2 Car 0 0 0 0 0 0 0 1.3376 1.7844 3.9421 4.3752 3.5843 24.0009 -9.3521 0.6186
139 237 Car 0 0 0 0 0 0 0 1.9110 1.7747 4.5426 -35.4107 5.0215 6.2139 -12.5133 0.8328
139 258 Car 0 0 0 0 0 0 0 1.8719 1.5620 4.0434 -28.9664 4.9437 8.9987 -12.4923 0.5223
140 1 Car 0 0 0 0 0 0 0 1.4569 1.7187 4.0942 8.1676 3.7958 30.7791 -9.3304 0.7555
140 0 Car 0 0 0 0 0 0 0 1.7080 1.5650 4.2962 20.6932 3.1213 22.6744 -9.3564 0.8978
140 2 Car 0 0 0 0 0 0 0 1.2457 1.6715 4.1926 4.8774 3.4555 23.9101 -9.3573 0.6030
140 237 Car 0 0 0 0 0 0 0 1.9835 1.7482 4.6578 -34.6246 5.0502 6.1992 -12.5263 0.8213
141 1 Car 0 0 0 0 0 0 0 1.4917 1.7236 4.2354 8.4385 3.8099 30.7216 -9.3567 0.7685
141 0 Car 0 0 0 0 0 0 0 1.6824 1.5762 4.3107 20.6979 3.1159 22.6745 -9.3610 0.9091
141 2 Car 0 0 0 0 0 0 0 1.2576 1.6919 4.2328 4.8963 3.4844 23.9047 -9.3261 0.5380
141 237 Car 0 0 0 0 0 0 0 1.8956 1.6701 4.4375 -33.8364 4.9826 6.1948 -12.5478 0.8087
141 258 Car 0 0 0 0 0 0 0 1.9230 1.6143 4.0371 -27.3515 4.9418 9.0645 -12.5248 0.6770
142 291 Car 0 0 0 0 0 0 0 1.5882 1.7595 4.8486 12.4207 3.7066 27.1528 -9.3536 0.5023
142 1 Car 0 0 0 0 0 0 0 1.4622 1.6516 4.2223 8.4475 3.8308 30.7195 -9.3449 0.7978
142 0 Car 0 0 0 0 0 0 0 1.7027 1.5724 4.3432 20.6894 3.1401 22.6747 -9.3633 0.8968
142 237 Car 0 0 0 0 0 0 0 1.8985 1.7703 4.5216 -33.1169 4.9779 6.1271 -12.5091 0.8763
142 258 Car 0 0 0 0 0 0 0 1.9278 1.6710 4.0679 -26.6616 4.9181 9.1319 -12.5092 0.7071
143 1 Car 0 0 0 0 0 0 0 1.5092 1.7422 4.3136 8.3971 3.8383 30.8263 -9.3516 0.7443
143 0 Car 0 0 0 0 0 0 0 1.6878 1.5698 4.3647 20.7102 3.1187 22.6787 -9.3560 0.9001
143 237 Car 0 0 0 0 0 0 0 2.0097 1.7525 4.5821 -32.3746 4.9963 6.1593 -12.5366 0.8578
143 258 Car 0 0 0 0 0 0 0 1.9258 1.6189 4.1425 -25.9914 4.8947 9.0990 -12.5109 0.7802
144 295 Car 0 0 0 0 0 0 0 1.4967 1.7059 4.2432 8.3759 3.8005 30.7497 -9.3296 0.6022
144 1 Car 0 0 0 0 0 0 0 1.4909 1.6076 4.4142 12.1463 3.7111 26.9492 -9.2930 0.6083
144 0 Car 0 0 0 0 0 0 0 1.6436 1.5683 4.1942 20.9303 3.0831 22.6378 -9.3684 0.8064
144 237 Car 0 0 0 0 0 0 0 1.8976 1.7323 4.5337 -31.5673 4.9210 6.0879 -12.5116 0.8686
144 258 Car 0 0 0 0 0 0 0 1.9088 1.6665 4.2323 -25.2395 4.8775 9.1547 -12.5404 0.7696
145 0 Car 0 0 0 0 0 0 0 1.5713 1.6844 4.3370 20.8533 3.0229 22.6416 -9.3660 0.5936
145 237 Car 0 0 0 0 0 0 0 1.9547 1.6603 4.5003 -30.7606 4.9338 6.0506 -12.5335 0.8391
145 258 Car 0 0 0 0 0 0 0 1.8174 1.6634 4.0238 -24.4181 4.8349 9.1031 -12.5226 0.7392
146 2 Car 0 0 0 0 0 0 0 1.4956 1.7482 4.3597 8.3643 3.7960 30.8398 -9.3321 0.5967
146 237 Car 0 0 0 0 0 0 0 1.9165 1.7091 4.5652 -30.1497 4.8920 6.0050 -12.5333 0.8506
146 258 Car 0 0 0 0 0 0 0 1.9193 1.6048 3.9746 -23.4901 4.8288 9.1040 -12.5228 0.7895
147 2 Car 0 0 0 0 0 0 0 1.3724 1.6600 3.8880 8.2663 3.7018 30.7827 -9.3642 0.5431
147 237 Car 0 0 0 0 0 0 0 1.9310 1.7163 4.4901 -29.3363 4.8926 6.0212 -12.5372 0.8544
147 258 Car 0 0 0 0 0 0 0 1.8655 1.6693 4.1560 -22.6581 4.8106 9.1427 -12.5454 0.8472
148 2 Car 0 0 0 0 0 0 0 1.2386 1.6121 3.7207 8.1075 3.5878 30.7700 -9.3019 0.6812
148 237 Car 0 0 0 0 0 0 0 1.9094 1.7591 4.4494 -28.5556 4.8271 6.0203 -12.5464 0.8965
148 258 Car 0 0 0 0 0 0 0 1.8249 1.7851 4.2486 -22.0376 4.7309 9.2312 -12.5462 0.7487
149 0 Car 0 0 0 0 0 0 0 1.5483 1.5154 4.0451 20.4255 3.1013 22.6951 -9.3796 0.6725
149 2 Car 0 0 0 0 0 0 0 1.2389 1.6196 3.7420 8.1979 3.6097 30.7568 -9.3217 0.5671
149 237 Car 0 0 0 0 0 0 0 1.8998 1.7386 4.4777 -27.8894 4.8315 6.0091 -12.5434 0.8336
149 258 Car 0 0 0 0 0 0 0 1.8228 1.7489 4.2187 -21.2352 4.7702 9.1937 -12.5178 0.7910
150 2 Car 0 0 0 0 0 0 0 1.2267 1.6065 3.7478 8.1841 3.6037 30.7424 -9.3212 0.6342
150 237 Car 0 0 0 0 0 0 0 1.9322 1.6971 4.4506 -27.1156 4.8172 5.9631 -12.5294 0.8496
150 258 Car 0 0 0 0 0 0 0 1.8117 1.7070 4.0976 -20.3139 4.7761 9.1886 -12.5378 0.8008
151 2 Car 0 0 0 0 0 0 0 1.1434 1.5937 3.6542 8.1354 3.5740 30.7331 -9.2848 0.6603
151 237 Car 0 0 0 0 0 0 0 1.9279 1.7082 4.4494 -26.3598 4.7930 5.9549 -12.5437 0.8497
151 258 Car 0 0 0 0 0 0 0 1.8747 1.7325 4.1423 -19.5241 4.8086 9.2094 -12.5672 0.8385
151 323 Car 0 0 0 0 0 0 0 1.5757 1.7519 3.9776 -29.3378 4.9133 12.3360 -12.4943 0.5207
152 237 Car 0 0 0 0 0 0 0 1.9357 1.7404 4.3740 -25.6095 4.8256 5.9793 -12.5737 0.8774
152 258 Car 0 0 0 0 0 0 0 1.7778 1.7064 4.1159 -18.7693 4.7404 9.1852 -12.5697 0.7380
152 323 Car 0 0 0 0 0 0 0 1.5845 1.8656 4.2394 -28.7919 4.9183 12.3470 -12.4907 0.5627
153 237 Car 0 0 0 0 0 0 0 1.8965 1.7358 4.2886 -24.7866 4.7799 5.9569 -12.5341 0.8556
153 258 Car 0 0 0 0 0 0 0 1.8264 1.7210 4.1306 -17.9377 4.7042 9.1894 -12.5571 0.6593
153 323 Car 0 0 0 0 0 0 0 1.6493 1.7985 4.2583 -28.4607 4.9014 12.3397 -12.4609 0.6239
154 237 Car 0 0 0 0 0 0 0 1.8978 1.7935 4.4758 -24.0684 4.7541 5.9520 -12.5451 0.8424
154 258 Car 0 0 0 0 0 0 0 1.8100 1.8182 4.1272 -16.9853 4.6818 9.2568 -12.5444 0.7640
154 323 Car 0 0 0 0 0 0 0 1.5762 1.7916 4.0096 -26.7896 4.8581 12.2732 -12.5417 0.5910
155 237 Car 0 0 0 0 0 0 0 1.9293 1.7303 4.4032 -23.3376 4.7148 5.9439 -12.5791 0.8807
155 258 Car 0 0 0 0 0 0 0 1.7964 1.8074 4.0856 -16.1846 4.6699 9.2708 -12.5676 0.7626
155 323 Car 0 0 0 0 0 0 0 1.5649 1.8479 4.2230 -26.1382 4.8496 12.2272 -12.5196 0.6705
156 2 Car 0 0 0 0 0 0 0 1.5713 1.6938 4.7409 12.3041 3.6815 27.2468 -9.3303 0.5112
156 237 Car 0 0 0 0 0 0 0 1.9046 1.6823 4.4767 -22.6192 4.7275 5.9042 -12.5534 0.8613
156 258 Car 0 0 0 0 0 0 0 1.8695 1.8905 4.1672 -15.3282 4.6006 9.2784 -12.5838 0.6830
156 323 Car 0 0 0 0 0 0 0 1.5873 1.7771 4.3228 -25.1222 4.7950 12.1778 -12.5020 0.6629
157 237 Car 0 0 0 0 0 0 0 1.9274 1.7576 4.4275 -21.9791 4.7037 5.9183 -12.5530 0.8719
157 258 Car 0 0 0 0 0 0 0 1.8570 1.8321 4.1757 -14.4805 4.6087 9.3037 -12.5721 0.7612
157 323 Car 0 0 0 0 0 0 0 1.5863 1.7739 4.3924 -24.2656 4.7639 12.1943 -12.5299 0.6510
158 237 Car 0 0 0 0 0 0 0 1.8808 1.8603 4.4710 -21.2497 4.7100 5.9471 -12.5429 0.8380
158 258 Car 0 0 0 0 0 0 0 1.8664 1.8497 4.2056 -13.6736 4.5726 9.3042 -12.5616 0.7463
158 323 Car 0 0 0 0 0 0 0 1.6080 1.8440 4.6259 -23.4540 4.7586 12.1819 -12.5408 0.6241
159 237 Car 0 0 0 0 0 0 0 1.8570 1.8775 4.3639 -20.4436 4.6720 5.9151 -12.5690 0.8367
159 258 Car 0 0 0 0 0 0 0 1.9085 1.7911 4.2347 -12.8317 4.5326 9.2654 -12.5753 0.7649
159 323 Car 0 0 0 0 0 0 0 1.5800 1.7635 4.4891 -22.4620 4.7501 12.0944 -12.5193 0.6842
160 237 Car 0 0 0 0 0 0 0 1.8402 1.7506 4.3596 -19.7467 4.6245 5.9042 -12.5552 0.8354
160 258 Car 0 0 0 0 0 0 0 1.8282 1.9038 4.2019 -11.8592 4.5287 9.3435 -12.5780 0.7597
160 323 Car 0 0 0 0 0 0 0 1.5690 1.8356 4.6206 -21.5676 4.6992 12.0807 -12.5316 0.7228
161 237 Car 0 0 0 0 0 0 0 1.8938 1.7211 4.5511 -19.0752 4.6352 5.8684 -12.5557 0.8950
161 258 Car 0 0 0 0 0 0 0 1.8245 1.8843 4.1444 -11.0001 4.4718 9.3085 -12.5551 0.7246
161 323 Car 0 0 0 0 0 0 0 1.5779 1.7529 4.4374 -20.6280 4.6942 12.0337 -12.5452 0.7145
162 237 Car 0 0 0 0 0 0 0 1.8619 1.8621 4.4492 -18.2692 4.5854 5.9525 -12.5612 0.8055
162 258 Car 0 0 0 0 0 0 0 1.9250 1.7696 4.3030 -10.2437 4.4721 9.2848 -12.5547 0.7644
162 323 Car 0 0 0 0 0 0 0 1.5901 1.8411 4.5394 -19.9381 4.6950 12.0978 -12.5161 0.7615
163 237 Car 0 0 0 0 0 0 0 1.8919 1.9333 4.7477 -17.7278 4.6080 6.0010 -12.5745 0.9009
163 258 Car 0 0 0 0 0 0 0 1.8752 1.7825 4.2958 -9.2750 4.4334 9.3009 -12.5579 0.8040
163 323 Car 0 0 0 0 0 0 0 1.5955 1.8307 4.6810 -19.1088 4.6592 12.0023 -12.5227 0.6683
164 237 Car 0 0 0 0 0 0 0 1.9658 1.7512 4.7660 -16.9816 4.5446 5.9335 -12.5908 0.9167
164 258 Car 0 0 0 0 0 0 0 1.8000 1.8069 4.1381 -8.4214 4.4200 9.2972 -12.5778 0.7565
164 323 Car 0 0 0 0 0 0 0 1.6151 1.8686 4.4386 -17.9784 4.6323 11.9680 -12.5146 0.6909
165 237 Car 0 0 0 0 0 0 0 1.9272 1.7435 4.8159 -16.2038 4.5251 5.8910 -12.5647 0.9190
165 258 Car 0 0 0 0 0 0 0 1.8573 1.8878 4.2400 -7.5435 4.4029 9.2816 -12.5492 0.7193
165 323 Car 0 0 0 0 0 0 0 1.5621 1.8467 4.7337 -17.3957 4.6131 11.9860 -12.5121 0.6302
165 350 Car 0 0 0 0 0 0 0 1.8036 1.7131 3.4665 -0.7308 4.0774 12.3181 -12.5156 0.5059
166 237 Car 0 0 0 0 0 0 0 1.9462 1.7655 4.8804 -15.4412 4.5117 5.9621 -12.5802 0.9377
166 258 Car 0 0 0 0 0 0 0 1.8387 1.8502 4.2226 -6.5517 4.3507 9.3247 -12.5713 0.7741
166 323 Car 0 0 0 0 0 0 0 1.5996 1.8610 4.9484 -16.7405 4.6104 12.0099 -12.5021 0.7609
166 350 Car 0 0 0 0 0 0 0 1.7779 1.7683 3.6075 0.5627 3.9938 12.3887 -12.5307 0.5193
167 237 Car 0 0 0 0 0 0 0 1.9564 1.7690 4.8610 -14.6507 4.4423 5.9433 -12.5670 0.9207
167 258 Car 0 0 0 0 0 0 0 1.8657 1.7818 4.2708 -5.6710 4.3305 9.2625 -12.5584 0.8269
167 323 Car 0 0 0 0 0 0 0 1.6776 1.8224 5.0094 -15.7800 4.5688 11.9329 -12.4953 0.7517
167 350 Car 0 0 0 0 0 0 0 1.8203 1.8757 4.0184 1.4218 3.9632 12.4480 -12.5342 0.6033
167 352 Car 0 0 0 0 0 0 0 1.3793 1.8196 3.9552 4.4229 3.6108 24.0006 -9.3625 0.6272
168 237 Car 0 0 0 0 0 0 0 1.9323 1.7523 4.9220 -13.8656 4.4292 6.0145 -12.5728 0.9287
168 258 Car 0 0 0 0 0 0 0 1.8010 1.7800 4.2675 -4.7298 4.3065 9.2836 -12.5647 0.7582
168 323 Car 0 0 0 0 0 0 0 1.5802 1.8842 5.0891 -14.9632 4.5238 11.9171 -12.5039 0.7506
168 350 Car 0 0 0 0 0 0 0 1.8714 1.8839 4.0769 2.5094 3.9491 12.4114 -12.5327 0.6701
168 352 Car 0 0 0 0 0 0 0 1.2852 1.7271 4.3220 4.8013 3.5310 23.9327 -9.3415 0.7821
168 354 Car 0 0 0 0 0 0 0 1.5052 1.7100 4.3679 8.5374 3.8735 30.7244 -9.3720 0.7606
169 237 Car 0 0 0 0 0 0 0 1.9170 1.7105 4.8327 -13.0752 4.4190 5.9809 -12.5686 0.9240
169 258 Car 0 0 0 0 0 0 0 1.8022 1.8238 4.2967 -3.7819 4.2812 9.2756 -12.6090 0.7541
169 323 Car 0 0 0 0 0 0 0 1.5553 1.8490 5.0199 -13.9918 4.4954 11.9014 -12.5265 0.8063
169 350 Car 0 0 0 0 0 0 0 1.7511 1.7939 3.9323 3.5268 3.8917 12.3475 -12.4867 0.5766
169 352 Car 0 0 0 0 0 0 0 1.2908 1.7355 4.3619 4.8405 3.5250 23.9324 -9.3420 0.8043
169 354 Car 0 0 0 0 0 0 0 1.4930 1.6927 4.2645 8.5014 3.8183 30.7191 -9.3515 0.8601
170 237 Car 0 0 0 0 0 0 0 1.9282 1.7203 4.7707 -12.1884 4.3844 6.0163 -12.5860 0.9318
170 258 Car 0 0 0 0 0 0 0 1.9023 1.9134 4.6945 -3.0197 4.2723 9.2782 -12.5823 0.6504
170 323 Car 0 0 0 0 0 0 0 1.5691 1.9120 4.8947 -13.1086 4.4553 11.9173 -12.5092 0.7857
170 350 Car 0 0 0 0 0 0 0 1.7657 1.7152 3.7821 3.6678 3.9104 12.3607 -12.4771 0.7321
170 352 Car 0 0 0 0 0 0 0 1.2846 1.7192 4.3425 4.8242 3.5346 23.9269 -9.3481 0.8320
170 354 Car 0 0 0 0 0 0 0 1.5079 1.7087 4.2558 8.4497 3.8258 30.7435 -9.3615 0.8330
171 237 Car 0 0 0 0 0 0 0 1.9413 1.7289 4.9297 -11.4705 4.3431 6.0415 -12.5753 0.9404
171 258 Car 0 0 0 0 0 0 0 1.9805 1.9125 4.8155 -2.2175 4.2655 9.3016 -12.5893 0.7371
171 323 Car 0 0 0 0 0 0 0 1.5968 1.9481 4.9395 -12.2062 4.4314 11.8503 -12.4924 0.8351
171 350 Car 0 0 0 0 0 0 0 1.7785 1.7405 4.1050 4.7212 3.8639 12.3658 -12.5420 0.8042
171 352 Car 0 0 0 0 0 0 0 1.2854 1.7259 4.3091 4.8109 3.5231 23.9310 -9.3446 0.8326
171 354 Car 0 0 0 0 0 0 0 1.5059 1.7191 4.2682 8.4385 3.8495 30.7568 -9.3570 0.8488
172 237 Car 0 0 0 0 0 0 0 1.9298 1.7631 4.9640 -10.6199 4.3177 6.0728 -12.5630 0.9220
172 258 Car 0 0 0 0 0 0 0 1.8653 1.9803 4.8963 -1.3615 4.2003 9.3385 -12.5525 0.7648
172 323 Car 0 0 0 0 0 0 0 1.6009 1.9813 5.3140 -11.4533 4.3981 11.8450 -12.5042 0.7995
172 350 Car 0 0 0 0 0 0 0 1.8192 1.8501 4.3972 5.7706 3.8189 12.4096 -12.5489 0.8092
172 352 Car 0 0 0 0 0 0 0 1.3108 1.7331 4.3564 4.8256 3.5589 23.9278 -9.3445 0.8424
172 354 Car 0 0 0 0 0 0 0 1.5068 1.7048 4.2384 8.4268 3.8525 30.7457 -9.3529 0.8349
173 237 Car 0 0 0 0 0 0 0 1.9313 1.7351 4.9563 -9.7358 4.3823 6.0655 -12.5697 0.9318
173 258 Car 0 0 0 0 0 0 0 1.9293 1.9290 4.9381 -0.3409 4.1785 9.3045 -12.5672 0.8032
173 323 Car 0 0 0 0 0 0 0 1.5600 1.9492 5.1985 -10.6148 4.3847 11.7974 -12.5094 0.8364
173 350 Car 0 0 0 0 0 0 0 1.8269 1.7937 4.5159 6.8684 3.7708 12.4127 -12.5698 0.8370
173 352 Car 0 0 0 0 0 0 0 1.2925 1.7560 4.3534 4.8028 3.5242 23.9382 -9.3440 0.8518
173 354 Car 0 0 0 0 0 0 0 1.4983 1.7131 4.2804 8.4578 3.8333 30.7489 -9.3729 0.8310
174 237 Car 0 0 0 0 0 0 0 1.9091 1.7486 4.9491 -9.0179 4.3748 6.0566 -12.5709 0.9402
174 258 Car 0 0 0 0 0 0 0 1.9471 1.9035 4.8245 0.3444 4.1767 9.2944 -12.5270 0.8124
174 323 Car 0 0 0 0 0 0 0 1.5549 1.9529 5.3483 -9.5187 4.3343 11.7623 -12.4974 0.8199
174 350 Car 0 0 0 0 0 0 0 1.8144 1.8327 4.3792 7.7519 3.7746 12.4448 -12.5553 0.8362
174 352 Car 0 0 0 0 0 0 0 1.2990 1.7555 4.3621 4.8144 3.5377 23.9399 -9.3456 0.8398
174 354 Car 0 0 0 0 0 0 0 1.5008 1.7101 4.2636 8.4562 3.8321 30.7526 -9.3474 0.8368
175 237 Car 0 0 0 0 0 0 0 1.9484 1.7674 5.0793 -8.1421 4.3178 6.0593 -12.5665 0.9259
175 258 Car 0 0 0 0 0 0 0 1.8740 1.8765 4.3614 1.1524 4.0847 9.2831 -12.5265 0.8286
175 323 Car 0 0 0 0 0 0 0 1.5392 1.9703 5.3110 -8.6353 4.3288 11.7503 -12.5001 0.8451
175 350 Car 0 0 0 0 0 0 0 1.7749 1.8489 4.3927 8.8447 3.6742 12.4327 -12.5510 0.8838
175 352 Car 0 0 0 0 0 0 0 1.2822 1.7434 4.3289 4.7781 3.5160 23.9387 -9.3469 0.8490
175 354 Car 0 0 0 0 0 0 0 1.5175 1.6794 4.2299 8.4691 3.8534 30.7316 -9.3670 0.8391
175 363 Car 0 0 0 0 0 0 0 1.6184 1.4285 3.3972 20.2811 3.0837 22.6179 -9.3267 0.7792
176 237 Car 0 0 0 0 0 0 0 1.9249 1.7340 5.0473 -7.2659 4.3097 6.1031 -12.5828 0.9303
176 258 Car 0 0 0 0 0 0 0 1.8235 1.9138 4.3766 2.3121 4.0327 9.3035 -12.5037 0.8280
176 323 Car 0 0 0 0 0 0 0 1.5893 2.0012 5.3526 -7.7579 4.2863 11.7246 -12.4980 0.8492
176 350 Car 0 0 0 0 0 0 0 1.8340 1.7931 4.4122 9.9261 3.6654 12.4567 -12.5764 0.8859
176 352 Car 0 0 0 0 0 0 0 1.3102 1.7521 4.3426 4.7800 3.5508 23.9377 -9.3441 0.8281
176 354 Car 0 0 0 0 0 0 0 1.5038 1.7224 4.2572 8.4716 3.8563 30.7409 -9.3647 0.8320
176 363 Car 0 0 0 0 0 0 0 1.6938 1.5814 4.3775 20.6917 3.1266 22.6893 -9.3590 0.9012
177 237 Car 0 0 0 0 0 0 0 1.8216 1.6407 5.0955 -6.2699 4.2319 6.1046 -12.5861 0.9414
177 258 Car 0 0 0 0 0 0 0 1.7165 1.9155 4.4102 3.3041 3.9590 9.2701 -12.5382 0.7862
177 323 Car 0 0 0 0 0 0 0 1.5838 1.9608 5.2464 -6.7089 4.2742 11.6589 -12.4846 0.8372
177 350 Car 0 0 0 0 0 0 0 1.8393 1.9024 4.3938 10.8408 3.6432 12.4960 -12.5446 0.8753
177 352 Car 0 0 0 0 0 0 0 1.2876 1.7446 4.3309 4.7915 3.5267 23.9348 -9.3425 0.8213
177 354 Car 0 0 0 0 0 0 0 1.4855 1.6974 4.2567 8.4738 3.8143 30.7354 -9.3552 0.8220
177 363 Car 0 0 0 0 0 0 0 1.7060 1.5791 4.3267 20.7035 3.1379 22.6799 -9.3572 0.8971
178 237 Car 0 0 0 0 0 0 0 1.9031 1.7080 5.0053 -5.4715 4.2448 6.1602 -12.6053 0.9109
178 258 Car 0 0 0 0 0 0 0 1.6763 1.8255 4.4357 4.0877 3.9474 9.1875 -12.5417 0.7707
178 323 Car 0 0 0 0 0 0 0 1.5613 1.9532 5.3643 -5.9634 4.2289 11.6623 -12.4801 0.7612
178 350 Car 0 0 0 0 0 0 0 1.8065 1.8779 4.3552 11.7967 3.6150 12.4284 -12.5160 0.8690
178 352 Car 0 0 0 0 0 0 0 1.2888 1.7473 4.3734 4.8194 3.5315 23.9290 -9.3489 0.8316
178 354 Car 0 0 0 0 0 0 0 1.4968 1.6974 4.2704 8.5129 3.8412 30.7228 -9.3641 0.8387
178 363 Car 0 0 0 0 0 0 0 1.6931 1.5635 4.3068 20.6923 3.1200 22.6794 -9.3574 0.9019
179 237 Car 0 0 0 0 0 0 0 1.8879 1.7256 4.8185 -4.7290 4.2446 6.1406 -12.5816 0.9091
179 258 Car 0 0 0 0 0 0 0 1.8669 1.9335 4.4443 5.1121 3.9352 9.2472 -12.5467 0.8172
179 323 Car 0 0 0 0 0 0 0 1.5580 1.9276 5.2352 -4.9338 4.1904 11.6402 -12.4982 0.7729
179 350 Car 0 0 0 0 0 0 0 1.8115 1.8888 4.2231 12.6975 3.6036 12.4803 -12.5390 0.8936
179 352 Car 0 0 0 0 0 0 0 1.3201 1.7371 4.3742 4.8172 3.5687 23.9228 -9.3448 0.8234
179 354 Car 0 0 0 0 0 0 0 1.5013 1.7243 4.2558 8.4738 3.8786 30.7100 -9.3662 0.8153
179 363 Car 0 0 0 0 0 0 0 1.6970 1.5690 4.3187 20.6896 3.1254 22.6633 -9.3547 0.8981
180 237 Car 0 0 0 0 0 0 0 1.8504 1.6964 4.9239 -3.8043 4.1247 6.1494 -12.5569 0.8979
180 258 Car 0 0 0 0 0 0 0 1.8647 1.9011 4.4419 6.3070 3.8950 9.1850 -12.5349 0.8961
180 323 Car 0 0 0 0 0 0 0 1.5586 1.9003 5.2174 -4.0544 4.1925 11.5374 -12.4758 0.7418
180 350 Car 0 0 0 0 0 0 0 1.7956 1.8521 4.3592 13.8997 3.5628 12.4456 -12.5411 0.8544
180 352 Car 0 0 0 0 0 0 0 1.2780 1.7257 4.3456 4.8251 3.5256 23.9265 -9.3455 0.8116
180 354 Car 0 0 0 0 0 0 0 1.4933 1.6954 4.2994 8.4883 3.8543 30.7356 -9.3671 0.7693
180 363 Car 0 0 0 0 0 0 0 1.6860 1.5664 4.2935 20.6749 3.1313 22.6797 -9.3601 0.9099
181 237 Car 0 0 0 0 0 0 0 1.9192 1.7187 5.0008 -2.9804 4.0831 6.1581 -12.5842 0.8890
181 258 Car 0 0 0 0 0 0 0 1.8441 1.8865 4.2727 7.2646 3.8544 9.1812 -12.5519 0.8643
181 323 Car 0 0 0 0 0 0 0 1.5743 1.9120 5.4294 -3.0916 4.1979 11.4947 -12.4970 0.7442
181 350 Car 0 0 0 0 0 0 0 1.7805 1.7764 4.2842 14.9088 3.5279 12.3898 -12.5424 0.8774
181 352 Car 0 0 0 0 0 0 0 1.2814 1.7298 4.3394 4.8050 3.5243 23.9310 -9.3497 0.8280
181 354 Car 0 0 0 0 0 0 0 1.5313 1.6840 4.2695 8.5231 3.8710 30.7055 -9.3959 0.7831
181 363 Car 0 0 0 0 0 0 0 1.6941 1.5667 4.3201 20.6890 3.1215 22.6820 -9.3615 0.9067
182 237 Car 0 0 0 0 0 0 0 1.9101 1.8539 5.1382 -2.0557 4.0682 6.2039 -12.5991 0.8638
182 258 Car 0 0 0 0 0 0 0 1.8631 1.9179 4.4005 8.2940 3.8292 9.1750 -12.5442 0.8713
182 323 Car 0 0 0 0 0 0 0 1.5986 1.9343 5.3419 -2.1730 4.1415 11.4318 -12.4848 0.7834
182 350 Car 0 0 0 0 0 0 0 1.8145 1.7438 4.2519 15.9663 3.5434 12.3552 -12.5178 0.8750
182 352 Car 0 0 0 0 0 0 0 1.2805 1.7172 4.3261 4.7686 3.5391 23.9390 -9.3555 0.8039
182 354 Car 0 0 0 0 0 0 0 1.4686 1.6825 4.0834 8.6363 3.8176 30.7165 -9.3937 0.8111
182 363 Car 0 0 0 0 0 0 0 1.7035 1.5670 4.3311 20.7065 3.1348 22.6762 -9.3578 0.8995
183 237 Car 0 0 0 0 0 0 0 1.9308 1.8275 5.5104 -1.1022 4.0767 6.2286 -12.6082 0.8505
183 258 Car 0 0 0 0 0 0 0 1.8018 1.8766 4.2289 9.3029 3.7962 9.1718 -12.5467 0.8703
183 323 Car 0 0 0 0 0 0 0 1.6281 1.9435 5.2415 -1.1946 4.0962 11.4138 -12.4842 0.7836
183 350 Car 0 0 0 0 0 0 0 1.8037 1.8151 4.2918 17.0443 3.4785 12.3277 -12.5280 0.9025
183 352 Car 0 0 0 0 0 0 0 1.2659 1.7031 4.3377 4.7848 3.5126 23.9296 -9.3584 0.7752
183 354 Car 0 0 0 0 0 0 0 1.4890 1.6820 4.1291 8.5546 3.8323 30.7011 -9.3914 0.7980
183 363 Car 0 0 0 0 0 0 0 1.7235 1.5553 4.3277 20.6879 3.1359 22.6762 -9.3520 0.8962
184 237 Car 0 0 0 0 0 0 0 1.8930 1.7604 4.9618 -0.4780 4.0071 6.1972 -12.6097 0.8551
184 258 Car 0 0 0 0 0 0 0 1.8150 1.8800 4.2680 10.3801 3.7383 9.1496 -12.5572 0.8978
184 323 Car 0 0 0 0 0 0 0 1.5681 1.8801 5.1544 -0.1969 4.0532 11.3787 -12.4671 0.6384
184 350 Car 0 0 0 0 0 0 0 1.8018 1.7482 4.2794 18.0302 3.4457 12.2381 -12.5138 0.9052
184 352 Car 0 0 0 0 0 0 0 1.2729 1.7072 4.3360 4.7827 3.5154 23.9345 -9.3574 0.8060
184 354 Car 0 0 0 0 0 0 0 1.5051 1.7189 4.2447 8.5330 3.8348 30.7545 -9.3742 0.8163
184 363 Car 0 0 0 0 0 0 0 1.7030 1.5717 4.3531 20.6891 3.1357 22.6761 -9.3497 0.8944
185 237 Car 0 0 0 0 0 0 0 1.8611 1.7798 4.7543 0.3497 4.0014 6.2924 -12.6053 0.8552
185 258 Car 0 0 0 0 0 0 0 1.8082 1.8867 4.4243 11.5891 3.6931 9.1308 -12.5543 0.8584
185 323 Car 0 0 0 0 0 0 0 1.5769 1.8876 5.1240 0.8690 4.0310 11.3048 -12.4660 0.7018
185 350 Car 0 0 0 0 0 0 0 1.7687 1.7458 4.1061 19.1561 3.3790 12.1912 -12.5045 0.9124
185 352 Car 0 0 0 0 0 0 0 1.2457 1.7005 4.3189 4.8028 3.4839 23.9228 -9.3514 0.7687
185 354 Car 0 0 0 0 0 0 0 1.5117 1.7121 4.2574 8.4714 3.8386 30.7770 -9.3331 0.7609
185 363 Car 0 0 0 0 0 0 0 1.7155 1.5668 4.3388 20.6967 3.1219 22.6792 -9.3565 0.8987
186 237 Car 0 0 0 0 0 0 0 1.8643 1.8394 4.7361 1.2716 3.9159 6.2618 -12.5715 0.8044
186 258 Car 0 0 0 0 0 0 0 1.8065 1.8017 4.2610 12.5367 3.6480 9.0843 -12.5525 0.9018
186 323 Car 0 0 0 0 0 0 0 1.6015 1.8820 4.9649 1.6112 3.9685 11.3178 -12.4813 0.6601
186 350 Car 0 0 0 0 0 0 0 1.7243 1.7157 4.1905 20.3149 3.3482 12.1501 -12.5237 0.8838
186 352 Car 0 0 0 0 0 0 0 1.2549 1.6922 4.3227 4.7811 3.5060 23.9102 -9.3613 0.7780
186 354 Car 0 0 0 0 0 0 0 1.4951 1.6991 4.2313 8.5414 3.8146 30.7173 -9.3515 0.7947
186 363 Car 0 0 0 0 0 0 0 1.7127 1.5790 4.3269 20.6918 3.1264 22.6802 -9.3564 0.9054
187 237 Car 0 0 0 0 0 0 0 1.8499 1.7833 4.4742 2.2698 3.8869 6.2721 -12.5901 0.8483
187 258 Car 0 0 0 0 0 0 0 1.9093 1.8707 4.3881 13.6824 3.6464 9.1318 -12.5371 0.8564
187 323 Car 0 0 0 0 0 0 0 1.5598 1.8798 4.7963 2.2701 3.9746 11.2555 -12.4430 0.7255
187 350 Car 0 0 0 0 0 0 0 1.7413 1.7715 4.1465 21.3519 3.3350 12.1358 -12.5038 0.8941
187 352 Car 0 0 0 0 0 0 0 1.2343 1.7195 4.2197 4.7495 3.4844 23.9417 -9.3556 0.8271
187 354 Car 0 0 0 0 0 0 0 1.4587 1.6803 4.0996 8.5136 3.7998 30.6969 -9.3755 0.7689
187 363 Car 0 0 0 0 0 0 0 1.6945 1.5714 4.3347 20.6971 3.1290 22.6850 -9.3638 0.9015
188 237 Car 0 0 0 0 0 0 0 1.8447 1.8417 4.6062 3.0510 3.9418 6.3378 -12.5934 0.8474
188 258 Car 0 0 0 0 0 0 0 1.8426 1.8640 4.4174 14.6126 3.5946 9.0980 -12.5459 0.8516
188 323 Car 0 0 0 0 0 0 0 1.5737 1.8890 4.7534 3.3772 3.9489 11.2454 -12.5097 0.6928
188 350 Car 0 0 0 0 0 0 0 1.7962 1.7018 4.0786 22.4270 3.2963 11.9952 -12.5150 0.9052
188 352 Car 0 0 0 0 0 0 0 1.2327 1.6807 4.2154 4.7198 3.4791 23.9137 -9.3545 0.7736
188 354 Car 0 0 0 0 0 0 0 1.4967 1.7018 4.1595 8.4608 3.8376 30.7217 -9.3439 0.8359
188 363 Car 0 0 0 0 0 0 0 1.7159 1.5693 4.3304 20.7000 3.1280 22.6723 -9.3569 0.8961
189 237 Car 0 0 0 0 0 0 0 1.8675 1.8490 4.4022 3.7747 3.9123 6.3161 -12.5865 0.8055
189 258 Car 0 0 0 0 0 0 0 1.9041 1.8054 4.4279 15.7608 3.5662 9.0635 -12.5278 0.8618
189 323 Car 0 0 0 0 0 0 0 1.5687 1.9022 4.8438 4.1817 3.9310 11.1430 -12.5600 0.6486
189 350 Car 0 0 0 0 0 0 0 1.7779 1.7477 4.1578 23.6340 3.2606 11.9670 -12.5162 0.9184
189 352 Car 0 0 0 0 0 0 0 1.2410 1.6925 4.2588 4.7668 3.4724 23.9175 -9.3552 0.7381
189 354 Car 0 0 0 0 0 0 0 1.4971 1.7270 4.2145 8.3926 3.8507 30.7763 -9.3514 0.8411
189 363 Car 0 0 0 0 0 0 0 1.7150 1.5732 4.3403 20.6930 3.1278 22.6821 -9.3511 0.8915
190 237 Car 0 0 0 0 0 0 0 1.8686 1.8342 4.6692 4.8513 3.8874 6.3379 -12.6014 0.8555
190 258 Car 0 0 0 0 0 0 0 1.8941 1.8346 4.3613 16.8401 3.5410 9.0257 -12.5415 0.8714
190 323 Car 0 0 0 0 0 0 0 1.5702 1.8818 4.7755 5.1045 3.8992 11.0407 -12.4652 0.6133
190 350 Car 0 0 0 0 0 0 0 1.7414 1.6834 4.2617 24.7371 3.2312 11.8692 -12.4845 0.8838
190 352 Car 0 0 0 0 0 0 0 1.2509 1.7087 4.3064 4.7845 3.5029 23.9333 -9.3535 0.7787
190 354 Car 0 0 0 0 0 0 0 1.5080 1.7194 4.2236 8.3492 3.8417 30.7729 -9.3424 0.8400
190 363 Car 0 0 0 0 0 0 0 1.6998 1.5682 4.3224 20.6930 3.1260 22.6791 -9.3566 0.9070
191 237 Car 0 0 0 0 0 0 0 1.9259 1.7937 4.6864 5.6484 3.8559 6.3615 -12.5689 0.8828
191 258 Car 0 0 0 0 0 0 0 1.8181 1.7902 4.2250 17.8834 3.4988 8.9801 -12.5492 0.8847
191 323 Car 0 0 0 0 0 0 0 1.6229 1.9442 4.7971 6.0367 3.8729 11.0669 -12.5408 0.6564
191 350 Car 0 0 0 0 0 0 0 1.7389 1.7335 4.0830 25.7617 3.1649 11.8059 -12.5020 0.8958
191 352 Car 0 0 0 0 0 0 0 1.2522 1.7365 4.3243 4.7629 3.5012 23.9528 -9.3535 0.7701
191 354 Car 0 0 0 0 0 0 0 1.5160 1.7366 4.2340 8.4142 3.8694 30.7618 -9.3501 0.8477
191 363 Car 0 0 0 0 0 0 0 1.7047 1.5681 4.3458 20.6877 3.1257 22.6888 -9.3518 0.9043
192 237 Car 0 0 0 0 0 0 0 1.8679 1.7259 4.5828 6.4893 3.7984 6.3205 -12.5888 0.8993
192 258 Car 0 0 0 0 0 0 0 1.8309 1.9029 4.3896 19.0049 3.5013 9.0273 -12.5294 0.8824
192 323 Car 0 0 0 0 0 0 0 1.6023 1.9120 4.8723 7.0145 3.8311 10.9755 -12.5205 0.7254
192 350 Car 0 0 0 0 0 0 0 1.7594 1.7447 4.0636 26.9788 3.1300 11.7376 -12.5155 0.8367
192 352 Car 0 0 0 0 0 0 0 1.2540 1.7135 4.2955 4.7556 3.5003 23.9264 -9.3502 0.7984
192 354 Car 0 0 0 0 0 0 0 1.5071 1.7357 4.2623 8.3225 3.8513 30.7653 -9.3481 0.8440
192 363 Car 0 0 0 0 0 0 0 1.7021 1.5730 4.3504 20.6842 3.1248 22.6851 -9.3572 0.9032
193 237 Car 0 0 0 0 0 0 0 1.8001 1.7128 4.2795 7.3395 3.7583 6.3391 -12.5668 0.9040
193 258 Car 0 0 0 0 0 0 0 1.8334 1.8638 4.4284 20.0659 3.4690 8.9914 -12.5388 0.8895
193 323 Car 0 0 0 0 0 0 0 1.6373 1.9157 4.6185 7.9646 3.7823 10.9223 -12.4860 0.7848
193 350 Car 0 0 0 0 0 0 0 1.7490 1.6647 4.1157 28.1454 3.1265 11.6731 -12.5191 0.7936
193 352 Car 0 0 0 0 0 0 0 1.2580 1.7043 4.2617 4.7902 3.5031 23.9237 -9.3566 0.7859
193 354 Car 0 0 0 0 0 0 0 1.5050 1.7266 4.2512 8.2779 3.8728 30.7663 -9.3535 0.8451
193 363 Car 0 0 0 0 0 0 0 1.7044 1.5711 4.3233 20.6801 3.1179 22.6808 -9.3595 0.8987
194 237 Car 0 0 0 0 0 0 0 1.8610 1.7183 4.4556 8.3607 3.7282 6.3329 -12.5891 0.8990
194 258 Car 0 0 0 0 0 0 0 1.8056 1.8567 4.2449 21.0797 3.4063 8.9205 -12.5425 0.8750
194 323 Car 0 0 0 0 0 0 0 1.5987 1.9232 4.9344 9.0798 3.7682 10.8203 -12.5074 0.6933
194 350 Car 0 0 0 0 0 0 0 1.7356 1.7725 4.1884 29.4235 3.0715 11.6046 -12.5072 0.7397
194 352 Car 0 0 0 0 0 0 0 1.2548 1.6972 4.2337 4.7814 3.4988 23.9227 -9.3503 0.7891
194 354 Car 0 0 0 0 0 0 0 1.5032 1.7270 4.2534 8.3414 3.8410 30.7631 -9.3445 0.8507
194 363 Car 0 0 0 0 0 0 0 1.7100 1.5690 4.3217 20.6987 3.1261 22.6670 -9.3539 0.8941
195 237 Car 0 0 0 0 0 0 0 1.8579 1.7627 4.4430 9.1912 3.7412 6.3534 -12.5697 0.9018
195 258 Car 0 0 0 0 0 0 0 1.7748 1.8034 4.3225 22.1557 3.3810 8.8826 -12.5495 0.8722
195 323 Car 0 0 0 0 0 0 0 1.6172 1.9151 4.6241 9.9839 3.7388 10.7667 -12.4656 0.6770
195 350 Car 0 0 0 0 0 0 0 1.7848 1.8252 4.3839 30.4503 3.1231 11.5297 -12.4901 0.7780
195 352 Car 0 0 0 0 0 0 0 1.2659 1.6908 4.2810 4.8017 3.5063 23.9134 -9.3634 0.7126
195 354 Car 0 0 0 0 0 0 0 1.4896 1.7096 4.2241 8.3582 3.8236 30.7568 -9.3351 0.8378
195 363 Car 0 0 0 0 0 0 0 1.7128 1.5776 4.3514 20.6950 3.1235 22.6805 -9.3612 0.8997
196 237 Car 0 0 0 0 0 0 0 1.9260 1.7553 4.4356 10.2267 3.7164 6.3555 -12.5646 0.9062
196 258 Car 0 0 0 0 0 0 0 1.8258 1.7751 4.0777 23.2056 3.3087 8.8485 -12.5173 0.8855
196 323 Car 0 0 0 0 0 0 0 1.6132 1.9074 4.8700 11.1874 3.6888 10.7070 -12.4907 0.7768
196 350 Car 0 0 0 0 0 0 0 1.7466 1.7695 4.3254 31.6534 3.0140 11.4810 -12.4857 0.6894
196 352 Car 0 0 0 0 0 0 0 1.3024 1.7127 4.3028 4.7926 3.5640 23.9219 -9.3532 0.7921
196 354 Car 0 0 0 0 0 0 0 1.5156 1.7410 4.2336 8.3454 3.8599 30.7758 -9.3436 0.8458
196 363 Car 0 0 0 0 0 0 0 1.7134 1.5722 4.3422 20.6891 3.1250 22.6838 -9.3577 0.9052
197 237 Car 0 0 0 0 0 0 0 1.8856 1.8460 4.5037 11.0950 3.7515 6.4135 -12.5706 0.8952
197 258 Car 0 0 0 0 0 0 0 1.8473 1.7518 4.1134 24.2696 3.2836 8.8236 -12.5040 0.8721
197 323 Car 0 0 0 0 0 0 0 1.6038 1.8467 4.7174 12.1770 3.6821 10.6172 -12.4947 0.7404
197 350 Car 0 0 0 0 0 0 0 1.6863 1.7144 4.2561 33.0193 2.9431 11.3895 -12.5153 0.7232
197 352 Car 0 0 0 0 0 0 0 1.2879 1.7479 4.3321 4.7860 3.5457 23.9449 -9.3507 0.7648
197 354 Car 0 0 0 0 0 0 0 1.4980 1.7089 4.2222 8.3537 3.8243 30.7516 -9.3507 0.8425
197 363 Car 0 0 0 0 0 0 0 1.7072 1.5830 4.3392 20.6963 3.1195 22.6925 -9.3668 0.9096
198 237 Car 0 0 0 0 0 0 0 1.8353 1.7358 4.1869 11.8862 3.6442 6.3679 -12.5714 0.9257
198 258 Car 0 0 0 0 0 0 0 1.8101 1.7810 4.1259 25.4060 3.2539 8.7836 -12.5046 0.8738
198 323 Car 0 0 0 0 0 0 0 1.5872 1.8515 4.4655 13.0814 3.6569 10.5230 -12.4537 0.7298
198 350 Car 0 0 0 0 0 0 0 1.8127 1.8389 4.3671 34.1765 3.0128 11.3081 -12.4823 0.7167
198 352 Car 0 0 0 0 0 0 0 1.3072 1.7296 4.3360 4.7939 3.5736 23.9238 -9.3553 0.7622
198 354 Car 0 0 0 0 0 0 0 1.4886 1.7195 4.2695 8.2530 3.8512 30.7731 -9.3528 0.8575
198 363 Car 0 0 0 0 0 0 0 1.7108 1.5714 4.3343 20.6891 3.1416 22.6821 -9.3557 0.9093
199 237 Car 0 0 0 0 0 0 0 1.8883 1.7730 4.5424 12.9824 3.6734 6.3712 -12.5583 0.8909
199 258 Car 0 0 0 0 0 0 0 1.8286 1.8168 4.2307 26.4589 3.2515 8.7797 -12.5321 0.8720
199 323 Car 0 0 0 0 0 0 0 1.5799 1.7868 4.7111 14.3042 3.6014 10.4164 -12.4900 0.8130
199 350 Car 0 0 0 0 0 0 0 1.7677 1.8502 4.4246 35.4584 2.9463 11.2179 -12.5157 0.6619
199 352 Car 0 0 0 0 0 0 0 1.2830 1.7068 4.3345 4.8071 3.5344 23.9329 -9.3582 0.7418
199 354 Car 0 0 0 0 0 0 0 1.4730 1.7158 4.2514 8.2557 3.8389 30.7591 -9.3541 0.8564
199 363 Car 0 0 0 0 0 0 0 1.7190 1.5817 4.3459 20.7053 3.1223 22.6772 -9.3563 0.9046
200 237 Car 0 0 0 0 0 0 0 1.9278 1.9091 4.5748 13.8202 3.6933 6.4302 -12.5573 0.8975
200 258 Car 0 0 0 0 0 0 0 1.8061 1.7942 4.1658 27.4855 3.2757 8.7322 -12.5096 0.8806
200 323 Car 0 0 0 0 0 0 0 1.5446 1.7529 4.5663 15.3687 3.5808 10.3416 -12.5069 0.8180
200 350 Car 0 0 0 0 0 0 0 1.8012 1.9027 4.4514 36.6703 2.9056 11.2017 -12.5015 0.6485
200 352 Car 0 0 0 0 0 0 0 1.2959 1.7510 4.3270 4.7650 3.5466 23.9537 -9.3525 0.7854
200 354 Car 0 0 0 0 0 0 0 1.4978 1.7217 4.2355 8.3730 3.8411 30.7588 -9.3485 0.8562
200 363 Car 0 0 0 0 0 0 0 1.7026 1.5782 4.3299 20.6901 3.1281 22.6782 -9.3614 0.9124
201 237 Car 0 0 0 0 0 0 0 1.9564 1.8898 4.5353 14.7108 3.6340 6.4036 -12.5659 0.8866
201 258 Car 0 0 0 0 0 0 0 1.8312 1.8726 4.3933 28.7418 3.2448 8.7282 -12.5402 0.8397
201 323 Car 0 0 0 0 0 0 0 1.5572 1.8077 4.5842 16.4898 3.5713 10.3382 -12.4812 0.8602
201 350 Car 0 0 0 0 0 0 0 1.7683 1.8290 4.4181 37.8489 2.8559 11.1105 -12.5086 0.6847
201 352 Car 0 0 0 0 0 0 0 1.2666 1.7126 4.3235 4.8054 3.5172 23.9263 -9.3513 0.7224
201 354 Car 0 0 0 0 0 0 0 1.4972 1.7140 4.2703 8.3525 3.8253 30.7485 -9.3507 0.8705
201 363 Car 0 0 0 0 0 0 0 1.7061 1.5832 4.3475 20.7052 3.1177 22.6880 -9.3655 0.9168
202 237 Car 0 0 0 0 0 0 0 1.9208 1.9092 4.5465 15.7794 3.6425 6.4599 -12.5466 0.8920
202 258 Car 0 0 0 0 0 0 0 1.8233 1.8255 4.2630 29.6538 3.2102 8.6393 -12.5319 0.8689
202 323 Car 0 0 0 0 0 0 0 1.5564 1.8887 4.7243 17.6280 3.5546 10.3786 -12.4993 0.7728
202 350 Car 0 0 0 0 0 0 0 1.8187 1.8719 4.5736 39.0725 2.7872 11.0645 -12.5340 0.6247
202 352 Car 0 0 0 0 0 0 0 1.2790 1.7267 4.3371 4.8064 3.5347 23.9320 -9.3536 0.7613
202 354 Car 0 0 0 0 0 0 0 1.4811 1.7236 4.2676 8.2530 3.8481 30.7616 -9.3538 0.8533
202 363 Car 0 0 0 0 0 0 0 1.7008 1.5772 4.3331 20.6970 3.1184 22.6856 -9.3615 0.9143
203 237 Car 0 0 0 0 0 0 0 1.8997 1.8515 4.4540 16.7257 3.6203 6.3831 -12.5431 0.9121
203 258 Car 0 0 0 0 0 0 0 1.8902 1.7374 4.2230 30.7140 3.1332 8.5875 -12.5026 0.8486
203 323 Car 0 0 0 0 0 0 0 1.5974 1.9403 4.5810 18.5732 3.5319 10.3201 -12.5094 0.7400
203 350 Car 0 0 0 0 0 0 0 1.7940 1.8888 4.3994 40.2965 2.7917 10.9049 -12.5240 0.6243
203 352 Car 0 0 0 0 0 0 0 1.2712 1.7176 4.2734 4.7594 3.5262 23.9361 -9.3531 0.7503
203 354 Car 0 0 0 0 0 0 0 1.4719 1.6920 4.2726 8.2506 3.8349 30.7478 -9.3491 0.8722
203 363 Car 0 0 0 0 0 0 0 1.7101 1.5823 4.3211 20.6921 3.1162 22.6855 -9.3598 0.9189
204 237 Car 0 0 0 0 0 0 0 1.9973 1.9163 4.7033 17.6996 3.5911 6.4256 -12.5561 0.9087
204 258 Car 0 0 0 0 0 0 0 1.8125 1.6267 4.0062 31.8102 3.1382 8.5160 -12.5091 0.9056
204 323 Car 0 0 0 0 0 0 0 1.5935 1.9168 4.7031 19.7751 3.5069 10.2607 -12.5104 0.7446
204 350 Car 0 0 0 0 0 0 0 1.7758 1.8610 4.4247 41.4405 2.7102 10.9050 -12.4886 0.5871
204 352 Car 0 0 0 0 0 0 0 1.2450 1.7136 4.2915 4.7929 3.4870 23.9322 -9.3480 0.7278
204 354 Car 0 0 0 0 0 0 0 1.5066 1.7305 4.2680 8.3432 3.8505 30.7603 -9.3491 0.8641
204 363 Car 0 0 0 0 0 0 0 1.6979 1.5778 4.3354 20.6894 3.1229 22.6787 -9.3483 0.9152
205 237 Car 0 0 0 0 0 0 0 1.9284 1.7770 4.3694 18.5641 3.5406 6.3229 -12.5695 0.9178
205 258 Car 0 0 0 0 0 0 0 1.8658 1.6038 4.0703 32.9954 3.1071 8.4963 -12.5486 0.8323
205 323 Car 0 0 0 0 0 0 0 1.6272 1.9440 4.4062 20.7672 3.4876 10.1980 -12.5089 0.7779
205 350 Car 0 0 0 0 0 0 0 1.7547 1.7529 4.3873 42.6693 2.7073 10.7892 -12.4823 0.5792
205 352 Car 0 0 0 0 0 0 0 1.2629 1.7289 4.2920 4.7871 3.5128 23.9391 -9.3436 0.7240
205 354 Car 0 0 0 0 0 0 0 1.4938 1.7314 4.2807 8.3524 3.8417 30.7456 -9.3409 0.8680
205 363 Car 0 0 0 0 0 0 0 1.7027 1.5775 4.3254 20.6743 3.1297 22.6870 -9.3548 0.9156
206 237 Car 0 0 0 0 0 0 0 1.9757 1.9214 4.5961 19.5800 3.5281 6.4109 -12.5630 0.9095
206 258 Car 0 0 0 0 0 0 0 1.7834 1.7090 4.1032 34.0365 3.0510 8.5523 -12.5387 0.8613
206 323 Car 0 0 0 0 0 0 0 1.5345 1.7509 4.2831 21.8095 3.3991 10.0257 -12.5281 0.8467
206 350 Car 0 0 0 0 0 0 0 1.7883 1.8587 4.5020 44.0515 2.6811 10.7850 -12.4830 0.5535
206 352 Car 0 0 0 0 0 0 0 1.2582 1.7208 4.2782 4.7758 3.5097 23.9382 -9.3439 0.7528
206 354 Car 0 0 0 0 0 0 0 1.4956 1.7358 4.3007 8.3131 3.8518 30.7747 -9.3339 0.8810
206 363 Car 0 0 0 0 0 0 0 1.7127 1.5904 4.3802 20.7043 3.1324 22.6826 -9.3523 0.9155
207 237 Car 0 0 0 0 0 0 0 1.8916 1.7662 4.2552 20.4630 3.4445 6.3195 -12.5661 0.8870
207 258 Car 0 0 0 0 0 0 0 1.8730 1.6625 4.0998 35.2828 3.0329 8.4724 -12.5393 0.8456
207 323 Car 0 0 0 0 0 0 0 1.5481 1.7038 3.7822 22.6953 3.3495 9.9418 -12.4968 0.8349
207 350 Car 0 0 0 0 0 0 0 1.8081 1.7865 4.4571 45.1615 2.6621 10.7192 -12.5131 0.5543
207 352 Car 0 0 0 0 0 0 0 1.2527 1.7202 4.2568 4.7736 3.4971 23.9512 -9.3527 0.7058
207 354 Car 0 0 0 0 0 0 0 1.4793 1.7420 4.3157 8.3240 3.8510 30.7617 -9.3453 0.8671
207 363 Car 0 0 0 0 0 0 0 1.7076 1.5836 4.3447 20.6914 3.1304 22.6857 -9.3542 0.9148
208 237 Car 0 0 0 0 0 0 0 1.9964 1.7964 4.6295 21.4884 3.4279 6.3418 -12.5835 0.9227
208 258 Car 0 0 0 0 0 0 0 1.7638 1.7197 4.1888 36.4592 3.0134 8.4839 -12.5447 0.8142
208 323 Car 0 0 0 0 0 0 0 1.5444 1.7585 3.7332 23.7980 3.3106 9.9296 -12.4937 0.8389
208 350 Car 0 0 0 0 0 0 0 1.7713 1.7490 4.3794 46.3720 2.6301 10.6838 -12.5167 0.5301
208 352 Car 0 0 0 0 0 0 0 1.2530 1.7205 4.2916 4.8014 3.4984 23.9395 -9.3477 0.7298
208 354 Car 0 0 0 0 0 0 0 1.4841 1.7072 4.2977 8.3005 3.8699 30.7278 -9.3617 0.8678
208 363 Car 0 0 0 0 0 0 0 1.7203 1.5924 4.3706 20.7043 3.1306 22.6878 -9.3546 0.9139
209 237 Car 0 0 0 0 0 0 0 1.8947 1.7408 4.4367 22.4102 3.3844 6.2716 -12.5599 0.8814
209 258 Car 0 0 0 0 0 0 0 1.8524 1.7098 4.2363 37.5332 2.9762 8.4780 -12.5467 0.7879
209 323 Car 0 0 0 0 0 0 0 1.5573 1.7511 3.7569 25.0208 3.2681 9.9085 -12.4810 0.8409
209 350 Car 0 0 0 0 0 0 0 1.7570 1.7743 4.4716 47.5139 2.6228 10.6578 -12.4755 0.5364
209 352 Car 0 0 0 0 0 0 0 1.2473 1.7073 4.2525 4.7603 3.4945 23.9406 -9.3478 0.7373
209 354 Car 0 0 0 0 0 0 0 1.4934 1.7228 4.2966 8.2381 3.8978 30.7515 -9.3540 0.8735
209 363 Car 0 0 0 0 0 0 0 1.7040 1.5842 4.3603 20.7028 3.1346 22.6857 -9.3526 0.9214
210 237 Car 0 0 0 0 0 0 0 1.9746 1.8209 4.5476 23.3219 3.3751 6.2765 -12.5690 0.9134
210 258 Car 0 0 0 0 0 0 0 1.8072 1.6343 4.2100 38.6472 2.9427 8.4035 -12.5543 0.8099
210 323 Car 0 0 0 0 0 0 0 1.5381 1.7117 4.1379 26.3111 3.2316 9.8790 -12.4988 0.8383
210 352 Car 0 0 0 0 0 0 0 1.2363 1.7157 4.2943 4.8121 3.4877 23.9400 -9.3488 0.7640
210 354 Car 0 0 0 0 0 0 0 1.4795 1.7586 4.3504 8.2163 3.8827 30.7779 -9.3546 0.8315
210 363 Car 0 0 0 0 0 0 0 1.7092 1.5864 4.3465 20.6967 3.1384 22.6890 -9.3533 0.9166
211 237 Car 0 0 0 0 0 0 0 1.9465 1.7660 4.4578 24.3506 3.3539 6.2595 -12.5756 0.8958
211 258 Car 0 0 0 0 0 0 0 1.8287 1.6926 4.1900 39.7552 2.9423 8.3981 -12.5303 0.7817
211 323 Car 0 0 0 0 0 0 0 1.5227 1.7380 3.8456 27.3998 3.2036 9.8394 -12.4755 0.8440
211 352 Car 0 0 0 0 0 0 0 1.2436 1.7096 4.2736 4.8055 3.4868 23.9345 -9.3430 0.7536
211 354 Car 0 0 0 0 0 0 0 1.5353 1.7618 4.3350 8.2550 3.9362 30.7747 -9.3509 0.8402
211 363 Car 0 0 0 0 0 0 0 1.7056 1.5869 4.3610 20.6897 3.1418 22.6863 -9.3552 0.9188
212 237 Car 0 0 0 0 0 0 0 1.9996 1.8397 4.5605 25.3360 3.3104 6.2658 -12.5434 0.8817
212 258 Car 0 0 0 0 0 0 0 1.8172 1.7304 4.2217 41.0637 2.9143 8.3852 -12.5606 0.6939
212 323 Car 0 0 0 0 0 0 0 1.5110 1.6539 4.0181 28.6063 3.1658 9.7258 -12.4947 0.8278
212 352 Car 0 0 0 0 0 0 0 1.2458 1.7072 4.2828 4.7968 3.5040 23.9351 -9.3460 0.7117
212 354 Car 0 0 0 0 0 0 0 1.5019 1.7544 4.2576 8.3545 3.8776 30.7816 -9.3676 0.8364
212 363 Car 0 0 0 0 0 0 0 1.7213 1.5856 4.3234 20.6977 3.1121 22.6765 -9.3549 0.9131
213 237 Car 0 0 0 0 0 0 0 1.9640 1.8321 4.4833 26.2069 3.3305 6.2233 -12.5513 0.8922
213 258 Car 0 0 0 0 0 0 0 1.7566 1.8683 4.2586 42.1266 2.8691 8.3991 -12.5317 0.7119
213 323 Car 0 0 0 0 0 0 0 1.5291 1.7240 4.0208 29.6725 3.1379 9.7041 -12.5130 0.7970
213 352 Car 0 0 0 0 0 0 0 1.2525 1.7194 4.2857 4.8031 3.5045 23.9381 -9.3472 0.7431
213 354 Car 0 0 0 0 0 0 0 1.4850 1.7417 4.3180 8.2331 3.8772 30.7848 -9.3693 0.8499
213 363 Car 0 0 0 0 0 0 0 1.7079 1.5842 4.3449 20.6978 3.1201 22.6847 -9.3547 0.9150
214 237 Car 0 0 0 0 0 0 0 2.0136 1.8094 4.5780 27.1049 3.2705 6.2156 -12.5537 0.8846
214 258 Car 0 0 0 0 0 0 0 1.8013 1.7466 4.3132 43.4544 2.8362 8.3237 -12.5464 0.7230
214 323 Car 0 0 0 0 0 0 0 1.5245 1.7609 4.1014 30.9322 3.1058 9.7010 -12.5134 0.8011
214 352 Car 0 0 0 0 0 0 0 1.2450 1.7189 4.3158 4.8048 3.4927 23.9448 -9.3520 0.7560
214 354 Car 0 0 0 0 0 0 0 1.4615 1.7011 4.2517 8.2077 3.8505 30.7784 -9.3561 0.8511
214 363 Car 0 0 0 0 0 0 0 1.7065 1.5750 4.3089 20.6780 3.1243 22.6732 -9.3470 0.9134
215 237 Car 0 0 0 0 0 0 0 1.9984 1.9280 4.5837 28.0578 3.2721 6.2487 -12.5438 0.8531
215 258 Car 0 0 0 0 0 0 0 1.7273 1.7252 4.1009 44.4162 2.8200 8.3016 -12.5442 0.7123
215 323 Car 0 0 0 0 0 0 0 1.5259 1.7477 4.2103 32.1677 3.0970 9.6828 -12.5321 0.7528
215 352 Car 0 0 0 0 0 0 0 1.2603 1.7275 4.2267 4.7472 3.5056 23.9444 -9.3510 0.7892
215 354 Car 0 0 0 0 0 0 0 1.5053 1.7471 4.1909 8.2237 3.8837 30.7767 -9.3560 0.8650
215 363 Car 0 0 0 0 0 0 0 1.6952 1.5765 4.2946 20.6900 3.1259 22.6764 -9.3539 0.9146
216 237 Car 0 0 0 0 0 0 0 1.9764 1.8413 4.6528 29.1020 3.2724 6.2202 -12.5424 0.8843
216 258 Car 0 0 0 0 0 0 0 1.7659 1.7611 4.2868 45.7902 2.7748 8.3104 -12.5477 0.6427
216 323 Car 0 0 0 0 0 0 0 1.5371 1.7708 4.3285 33.3545 3.0299 9.6841 -12.5039 0.7395
216 352 Car 0 0 0 0 0 0 0 1.2369 1.7080 4.2557 4.7698 3.4864 23.9438 -9.3550 0.7460
216 354 Car 0 0 0 0 0 0 0 1.5261 1.7643 4.2015 8.2190 3.8963 30.7757 -9.3709 0.8696
216 363 Car 0 0 0 0 0 0 0 1.7141 1.5827 4.3216 20.6959 3.1113 22.6793 -9.3519 0.9170
217 237 Car 0 0 0 0 0 0 0 1.9292 1.8296 4.7145 30.0000 3.2635 6.1867 -12.5480 0.8665
217 258 Car 0 0 0 0 0 0 0 1.8263 1.7618 4.3992 47.1296 2.7594 8.2511 -12.5565 0.6449
217 323 Car 0 0 0 0 0 0 0 1.5354 1.7306 3.9690 34.3375 3.0197 9.5956 -12.5415 0.7220
217 352 Car 0 0 0 0 0 0 0 1.2669 1.7313 4.2631 4.7672 3.5006 23.9393 -9.3534 0.7331
217 354 Car 0 0 0 0 0 0 0 1.4714 1.6927 4.3109 8.1879 3.8517 30.7585 -9.3482 0.8700
217 363 Car 0 0 0 0 0 0 0 1.7155 1.5572 4.3302 20.6714 3.1079 22.6364 -9.3480 0.9108
218 237 Car 0 0 0 0 0 0 0 1.9972 1.8434 4.6594 30.9622 3.1897 6.1739 -12.5577 0.8660
218 258 Car 0 0 0 0 0 0 0 1.7478 1.7539 4.2597 48.2582 2.6987 8.2439 -12.5484 0.6063
218 323 Car 0 0 0 0 0 0 0 1.5539 1.7906 3.8711 35.4395 2.9734 9.5795 -12.5281 0.7970
218 352 Car 0 0 0 0 0 0 0 1.2539 1.7041 4.2803 4.7522 3.5146 23.9336 -9.3465 0.7436
218 354 Car 0 0 0 0 0 0 0 1.5243 1.7216 4.3323 8.1707 3.9099 30.8034 -9.3349 0.8665
218 363 Car 0 0 0 0 0 0 0 1.7142 1.5793 4.2886 20.6793 3.1265 22.6659 -9.3504 0.9114
219 237 Car 0 0 0 0 0 0 0 1.9893 1.8280 4.6283 31.8579 3.1641 6.1342 -12.5335 0.8689
219 258 Car 0 0 0 0 0 0 0 1.7504 1.6603 4.1642 49.2821 2.6813 8.2135 -12.5292 0.5600
219 323 Car 0 0 0 0 0 0 0 1.5435 1.7984 4.1575 36.7867 2.9651 9.5877 -12.5346 0.7285
219 352 Car 0 0 0 0 0 0 0 1.2728 1.7357 4.3599 4.7062 3.5364 23.9404 -9.3441 0.7225
219 354 Car 0 0 0 0 0 0 0 1.5541 1.7938 4.2952 8.1062 3.9281 30.8208 -9.3448 0.8767
219 363 Car 0 0 0 0 0 0 0 1.6951 1.5852 4.3407 20.7025 3.1319 22.6868 -9.3588 0.9131
