0 3 Car 0 0 0 0 0 0 0 1.7953 1.7971 4.3954 53.0588 2.6163 5.6651 -12.5824 0.5852
0 2 Car 0 0 0 0 0 0 0 1.4382 1.7335 4.4849 -2.7541 3.9132 24.5408 -9.3745 0.7543
0 1 Car 0 0 0 0 0 0 0 1.5976 1.7650 4.5083 4.2180 4.0701 30.9918 -9.3892 0.8575
0 4 Car 0 0 0 0 0 0 0 1.5732 1.6475 4.3583 11.4351 3.7908 27.0813 -9.3324 0.5595
0 0 Car 0 0 0 0 0 0 0 1.7183 1.5903 4.3552 20.7189 3.1647 22.6861 -9.3542 0.8994
1 3 Car 0 0 0 0 0 0 0 1.8389 1.8668 4.7751 54.2148 2.6278 5.6309 -12.5583 0.7354
1 2 Car 0 0 0 0 0 0 0 1.4693 1.7445 4.6305 -3.3874 3.9524 24.5867 -9.3527 0.8269
1 1 Car 0 0 0 0 0 0 0 1.6042 1.7726 4.4813 3.9896 4.0596 31.0278 -9.3733 0.8442
1 4 Car 0 0 0 0 0 0 0 1.5416 1.6759 4.3972 11.4372 3.7524 27.0996 -9.3223 0.5433
1 0 Car 0 0 0 0 0 0 0 1.7314 1.5951 4.3422 20.7156 3.1528 22.6912 -9.3531 0.9129
2 3 Car 0 0 0 0 0 0 0 1.7471 1.8026 4.2226 55.0500 2.5338 5.6455 -12.5633 0.5918
2 2 Car 0 0 0 0 0 0 0 1.5016 1.7346 4.5900 -3.9587 3.9745 24.6355 -9.3625 0.8703
2 1 Car 0 0 0 0 0 0 0 1.6051 1.6639 4.3966 3.7078 4.0807 30.9641 -9.3897 0.8592
2 0 Car 0 0 0 0 0 0 0 1.7302 1.5914 4.3384 20.7081 3.1551 22.6832 -9.3481 0.9044
3 3 Car 0 0 0 0 0 0 0 1.8375 1.8276 4.5580 56.1707 2.5564 5.6123 -12.5711 0.6720
3 2 Car 0 0 0 0 0 0 0 1.5240 1.7850 4.5673 -4.6717 4.0397 24.7125 -9.3459 0.8761
3 1 Car 0 0 0 0 0 0 0 1.5824 1.7488 4.4543 3.4660 4.0544 31.0190 -9.4035 0.8493
3 0 Car 0 0 0 0 0 0 0 1.7324 1.5874 4.3338 20.7099 3.1567 22.6872 -9.3514 0.9093
4 2 Car 0 0 0 0 0 0 0 1.5442 1.7659 4.7266 -5.4527 4.0529 24.7763 -9.3408 0.8555
4 1 Car 0 0 0 0 0 0 0 1.5928 1.7364 4.5294 3.1668 4.0932 31.0522 -9.3832 0.8631
4 4 Car 0 0 0 0 0 0 0 1.5046 1.7701 3.8813 10.7936 3.7819 27.1391 -9.3098 0.5067
4 0 Car 0 0 0 0 0 0 0 1.7306 1.5882 4.3343 20.7041 3.1679 22.6861 -9.3421 0.9103
5 3 Car 0 0 0 0 0 0 0 1.8383 1.7760 4.3106 58.1509 2.3913 5.5984 -12.6439 0.5275
5 2 Car 0 0 0 0 0 0 0 1.4498 1.7509 4.6214 -6.2804 4.0550 24.8252 -9.3412 0.8070
5 1 Car 0 0 0 0 0 0 0 1.5792 1.7373 4.5330 2.8617 4.0685 31.0770 -9.3839 0.8664
5 4 Car 0 0 0 0 0 0 0 1.5244 1.9329 4.0017 10.7166 3.8095 27.2411 -9.3449 0.6296
5 0 Car 0 0 0 0 0 0 0 1.7214 1.5749 4.3181 20.7014 3.1611 22.6760 -9.3464 0.9024
6 2 Car 0 0 0 0 0 0 0 1.4589 1.7479 4.5388 -7.0773 4.0714 24.8801 -9.3675 0.7681
6 1 Car 0 0 0 0 0 0 0 1.5998 1.7268 4.5787 2.4593 4.1127 31.0799 -9.3917 0.8558
6 4 Car 0 0 0 0 0 0 0 1.5344 1.7400 3.8590 10.3837 3.7895 27.1661 -9.3312 0.7415
6 0 Car 0 0 0 0 0 0 0 1.7224 1.5881 4.4042 20.6860 3.1778 22.6845 -9.3459 0.9042
7 2 Car 0 0 0 0 0 0 0 1.4783 1.7189 4.6303 -7.8960 4.1293 24.9329 -9.3495 0.7796
7 1 Car 0 0 0 0 0 0 0 1.5935 1.7457 4.4643 2.0329 4.1019 31.0708 -9.3912 0.8489
7 4 Car 0 0 0 0 0 0 0 1.5118 1.8393 3.8041 10.3290 3.7711 27.2143 -9.3460 0.7625
7 0 Car 0 0 0 0 0 0 0 1.7311 1.5739 4.3548 20.6817 3.1587 22.6716 -9.3515 0.9040
8 2 Car 0 0 0 0 0 0 0 1.4859 1.7372 4.5319 -8.6439 4.1416 24.9874 -9.3696 0.8006
8 1 Car 0 0 0 0 0 0 0 1.5868 1.8090 4.4900 1.7483 4.0910 31.1243 -9.3960 0.8532
8 4 Car 0 0 0 0 0 0 0 1.5409 1.8575 3.8279 10.0930 3.7728 27.1984 -9.3285 0.7954
8 0 Car 0 0 0 0 0 0 0 1.7259 1.5805 4.3694 20.6834 3.1590 22.6796 -9.3440 0.9034
9 2 Car 0 0 0 0 0 0 0 1.5220 1.7250 4.2738 -9.3304 4.1439 25.0151 -9.3540 0.8474
9 1 Car 0 0 0 0 0 0 0 1.5965 1.7735 4.4349 1.3433 4.1155 31.1127 -9.3838 0.8693
9 4 Car 0 0 0 0 0 0 0 1.5281 1.8554 3.9761 9.9735 3.7963 27.1894 -9.3561 0.8227
9 0 Car 0 0 0 0 0 0 0 1.7242 1.5952 4.3671 20.6557 3.1674 22.6875 -9.3624 0.9077
10 2 Car 0 0 0 0 0 0 0 1.5170 1.8090 4.6730 -10.4694 4.2466 25.1416 -9.3566 0.8213
10 1 Car 0 0 0 0 0 0 0 1.5884 1.7668 4.6025 0.9409 4.1216 31.1454 -9.3835 0.8487
10 4 Car 0 0 0 0 0 0 0 1.5371 1.8160 4.2404 9.8295 3.7946 27.1930 -9.3522 0.8266
10 0 Car 0 0 0 0 0 0 0 1.7370 1.5941 4.3999 20.6535 3.1685 22.6884 -9.3523 0.9059
11 2 Car 0 0 0 0 0 0 0 1.5115 1.7656 4.7192 -11.4272 4.2669 25.1901 -9.3470 0.7860
11 1 Car 0 0 0 0 0 0 0 1.5772 1.7630 4.6355 0.5082 4.1052 31.1431 -9.3716 0.8302
11 4 Car 0 0 0 0 0 0 0 1.5167 1.9199 4.4796 9.6939 3.7830 27.2627 -9.3625 0.8265
11 0 Car 0 0 0 0 0 0 0 1.7639 1.5891 4.4588 20.6771 3.1772 22.6893 -9.3377 0.8840
12 2 Car 0 0 0 0 0 0 0 1.5514 1.7707 4.6275 -12.3482 4.3093 25.2621 -9.3665 0.8107
12 1 Car 0 0 0 0 0 0 0 1.5512 1.7924 4.7770 0.1462 4.1683 31.1508 -9.3913 0.8054
12 4 Car 0 0 0 0 0 0 0 1.5184 1.8557 4.5339 9.5174 3.8034 27.2421 -9.3719 0.8319
12 0 Car 0 0 0 0 0 0 0 1.7548 1.5940 4.4787 20.6629 3.1748 22.6928 -9.3468 0.8872
13 2 Car 0 0 0 0 0 0 0 1.5591 1.7876 4.5222 -13.2299 4.3239 25.3131 -9.3682 0.8338
13 1 Car 0 0 0 0 0 0 0 1.5774 1.7120 4.8047 -0.2523 4.1976 31.1668 -9.3745 0.7880
13 4 Car 0 0 0 0 0 0 0 1.5303 1.8915 4.6568 9.3531 3.8106 27.2681 -9.3723 0.8385
13 0 Car 0 0 0 0 0 0 0 1.7703 1.6058 4.4840 20.6720 3.1840 22.7118 -9.3457 0.8901
14 2 Car 0 0 0 0 0 0 0 1.5535 1.8540 4.8606 -14.2699 4.3729 25.4457 -9.3644 0.8625
14 1 Car 0 0 0 0 0 0 0 1.5350 1.7810 4.7428 -0.7611 4.1797 31.1905 -9.3909 0.7869
14 4 Car 0 0 0 0 0 0 0 1.5034 1.8849 4.6222 9.1297 3.7941 27.2789 -9.3646 0.8678
14 0 Car 0 0 0 0 0 0 0 1.7683 1.6003 4.5284 20.6695 3.2034 22.7020 -9.3441 0.8834
15 2 Car 0 0 0 0 0 0 0 1.5256 1.8417 4.6973 -15.2231 4.4078 25.4839 -9.3711 0.8505
15 1 Car 0 0 0 0 0 0 0 1.5650 1.7116 4.8356 -1.2311 4.1944 31.1792 -9.3908 0.7763
15 4 Car 0 0 0 0 0 0 0 1.5063 1.9263 4.6487 8.7755 3.7977 27.3017 -9.3596 0.7817
15 0 Car 0 0 0 0 0 0 0 1.7727 1.5975 4.4763 20.6756 3.2070 22.6967 -9.3444 0.8922
16 2 Car 0 0 0 0 0 0 0 1.5207 1.7435 4.5780 -16.2216 4.4107 25.5188 -9.3550 0.8626
16 1 Car 0 0 0 0 0 0 0 1.5712 1.7466 4.5248 -1.9015 4.1766 31.2272 -9.4079 0.8462
16 4 Car 0 0 0 0 0 0 0 1.4894 1.8798 4.5622 8.3624 3.7956 27.3016 -9.3500 0.7965
16 0 Car 0 0 0 0 0 0 0 1.7709 1.6065 4.4864 20.6791 3.2033 22.7090 -9.3567 0.8912
17 2 Car 0 0 0 0 0 0 0 1.5355 1.7970 4.7812 -17.3039 4.4905 25.6336 -9.3865 0.8118
17 1 Car 0 0 0 0 0 0 0 1.5720 1.8089 4.6965 -2.2707 4.2141 31.2653 -9.3934 0.7577
17 4 Car 0 0 0 0 0 0 0 1.5232 1.9762 4.5402 7.9897 3.8340 27.3576 -9.3516 0.8547
17 0 Car 0 0 0 0 0 0 0 1.7591 1.6013 4.4626 20.6824 3.1928 22.7032 -9.3430 0.8890
18 2 Car 0 0 0 0 0 0 0 1.5221 1.7613 4.6903 -18.3314 4.5123 25.6698 -9.3574 0.8840
18 1 Car 0 0 0 0 0 0 0 1.5735 1.7755 4.5665 -2.7542 4.2555 31.3006 -9.3870 0.8150
18 4 Car 0 0 0 0 0 0 0 1.5133 1.9926 4.6951 7.6866 3.8598 27.4182 -9.3411 0.8591
18 0 Car 0 0 0 0 0 0 0 1.7485 1.5961 4.4120 20.6603 3.1844 22.7135 -9.3557 0.9059
19 2 Car 0 0 0 0 0 0 0 1.5592 1.8266 4.8244 -19.4312 4.5618 25.7703 -9.3756 0.8510
19 1 Car 0 0 0 0 0 0 0 1.5705 1.7367 4.6223 -3.0794 4.2467 31.3081 -9.3820 0.8743
19 4 Car 0 0 0 0 0 0 0 1.4958 2.0143 4.8390 7.2869 3.8776 27.4510 -9.3499 0.8428
19 0 Car 0 0 0 0 0 0 0 1.7478 1.5891 4.4172 20.6698 3.1820 22.7015 -9.3553 0.8904
20 2 Car 0 0 0 0 0 0 0 1.5817 1.7806 4.8010 -20.5616 4.5579 25.8035 -9.3643 0.8619
20 1 Car 0 0 0 0 0 0 0 1.6392 1.7733 4.6230 -3.6185 4.2694 31.3965 -9.4034 0.8214
20 4 Car 0 0 0 0 0 0 0 1.4908 2.0450 4.8314 6.7729 3.8802 27.4796 -9.3609 0.8128
20 0 Car 0 0 0 0 0 0 0 1.7454 1.5859 4.3908 20.6192 3.1710 22.7024 -9.3571 0.8893
21 2 Car 0 0 0 0 0 0 0 1.5418 1.7068 4.6543 -21.6138 4.5829 25.8509 -9.3724 0.8218
21 1 Car 0 0 0 0 0 0 0 1.5616 1.7224 4.5647 -4.0652 4.2534 31.3815 -9.3788 0.8759
21 4 Car 0 0 0 0 0 0 0 1.4826 2.0240 4.7739 6.3369 3.8918 27.4720 -9.3739 0.7758
21 0 Car 0 0 0 0 0 0 0 1.7427 1.5793 4.3907 20.6368 3.1733 22.6961 -9.3565 0.8884
22 2 Car 0 0 0 0 0 0 0 1.5203 1.7311 4.7282 -22.7466 4.6145 25.9072 -9.3797 0.8119
22 1 Car 0 0 0 0 0 0 0 1.5377 1.6808 4.4963 -4.5342 4.2374 31.3549 -9.3932 0.8719
22 4 Car 0 0 0 0 0 0 0 1.4924 1.9911 4.6043 5.9427 3.8932 27.4703 -9.3789 0.7691
22 0 Car 0 0 0 0 0 0 0 1.7425 1.5668 4.3456 20.5969 3.1665 22.6920 -9.3519 0.8829
23 2 Car 0 0 0 0 0 0 0 1.5636 1.8131 4.7347 -23.9184 4.6448 25.9824 -9.3868 0.7545
23 1 Car 0 0 0 0 0 0 0 1.5430 1.7374 4.4480 -5.0089 4.2408 31.4032 -9.3912 0.8396
23 4 Car 0 0 0 0 0 0 0 1.5046 1.9648 4.8165 5.4158 3.9032 27.4926 -9.3741 0.8271
23 0 Car 0 0 0 0 0 0 0 1.7234 1.5548 4.3525 20.5125 3.1782 22.6826 -9.3543 0.8936
24 2 Car 0 0 0 0 0 0 0 1.5628 1.7562 4.6763 -25.0829 4.6470 26.0258 -9.3793 0.8296
24 1 Car 0 0 0 0 0 0 0 1.5657 1.7078 4.5870 -5.4838 4.2689 31.3765 -9.3830 0.8436
24 4 Car 0 0 0 0 0 0 0 1.5333 1.9082 4.8201 4.9731 3.9532 27.5090 -9.3646 0.8164
24 0 Car 0 0 0 0 0 0 0 1.7124 1.5510 4.2929 20.4317 3.1797 22.6798 -9.3541 0.8972
25 2 Car 0 0 0 0 0 0 0 1.5558 1.7277 4.6613 -26.3282 4.6539 26.1260 -9.3732 0.8243
25 1 Car 0 0 0 0 0 0 0 1.5674 1.7306 4.6210 -6.0536 4.2920 31.4276 -9.4120 0.8427
25 4 Car 0 0 0 0 0 0 0 1.5380 1.9209 4.9017 4.3521 3.9830 27.5690 -9.3458 0.8352
25 0 Car 0 0 0 0 0 0 0 1.7369 1.5383 4.3142 20.4100 3.1803 22.6735 -9.3601 0.8869
26 2 Car 0 0 0 0 0 0 0 1.5077 1.7308 4.6482 -27.4162 4.6831 26.2279 -9.3668 0.7621
26 1 Car 0 0 0 0 0 0 0 1.5301 1.7848 4.5677 -6.5001 4.3098 31.4342 -9.4136 0.8449
26 4 Car 0 0 0 0 0 0 0 1.5166 1.9481 4.7636 3.8343 3.9613 27.6072 -9.3777 0.7824
26 0 Car 0 0 0 0 0 0 0 1.7546 1.5474 4.3604 20.3205 3.1799 22.6691 -9.3609 0.8865
27 2 Car 0 0 0 0 0 0 0 1.5158 1.7428 4.5547 -28.5419 4.6980 26.3153 -9.3686 0.7850
27 1 Car 0 0 0 0 0 0 0 1.5206 1.7335 4.5860 -6.9214 4.3192 31.4039 -9.4250 0.8373
27 4 Car 0 0 0 0 0 0 0 1.5106 1.9633 4.7888 3.2273 3.9891 27.6278 -9.3749 0.8119
27 0 Car 0 0 0 0 0 0 0 1.7647 1.5594 4.4029 20.3055 3.1997 22.6801 -9.3642 0.8691
28 2 Car 0 0 0 0 0 0 0 1.4506 1.6773 4.5180 -29.7742 4.6890 26.3635 -9.3700 0.7917
28 1 Car 0 0 0 0 0 0 0 1.5218 1.7460 4.6217 -7.4592 4.3222 31.3991 -9.4401 0.7954
28 4 Car 0 0 0 0 0 0 0 1.5434 1.9183 4.9126 2.6247 4.0174 27.6231 -9.3750 0.8171
28 0 Car 0 0 0 0 0 0 0 1.7634 1.5428 4.3654 20.2250 3.2084 22.6642 -9.3684 0.8705
29 2 Car 0 0 0 0 0 0 0 1.4764 1.7174 4.5172 -31.1055 4.6643 26.4262 -9.3652 0.8005
29 1 Car 0 0 0 0 0 0 0 1.5410 1.7337 4.6006 -7.8797 4.3503 31.4293 -9.4265 0.8399
29 4 Car 0 0 0 0 0 0 0 1.5534 1.8722 4.8900 2.2226 4.0332 27.6401 -9.3647 0.8155
29 0 Car 0 0 0 0 0 0 0 1.7536 1.5330 4.3575 20.1956 3.2117 22.6582 -9.3594 0.8588
30 2 Car 0 0 0 0 0 0 0 1.4744 1.7235 3.9974 -32.0540 4.6999 26.4600 -9.3736 0.7623
30 1 Car 0 0 0 0 0 0 0 1.5432 1.7582 4.6113 -8.4336 4.3569 31.4566 -9.4258 0.8293
30 4 Car 0 0 0 0 0 0 0 1.5317 1.8652 4.7019 1.3760 4.0482 27.6751 -9.3466 0.8272
30 0 Car 0 0 0 0 0 0 0 1.7469 1.5362 4.3747 20.0091 3.2166 22.6835 -9.3644 0.8728
31 2 Car 0 0 0 0 0 0 0 1.4747 1.6826 4.6276 -33.6412 4.8263 26.5362 -9.3540 0.5940
31 1 Car 0 0 0 0 0 0 0 1.5535 1.7405 4.6877 -8.8887 4.3867 31.4147 -9.4202 0.7798
31 4 Car 0 0 0 0 0 0 0 1.5366 1.8702 4.7889 0.7169 4.0340 27.7550 -9.3558 0.8183
31 0 Car 0 0 0 0 0 0 0 1.7502 1.5479 4.4162 19.8484 3.2192 22.6978 -9.3605 0.8856
32 2 Car 0 0 0 0 0 0 0 1.5029 1.7710 4.3259 -34.7546 4.8514 26.6231 -9.3828 0.6455
32 1 Car 0 0 0 0 0 0 0 1.5514 1.7727 4.6005 -9.3104 4.3720 31.4731 -9.4181 0.8060
32 4 Car 0 0 0 0 0 0 0 1.5348 1.8782 4.7136 0.0911 4.0726 27.7863 -9.3454 0.7392
32 0 Car 0 0 0 0 0 0 0 1.7569 1.5565 4.4843 19.7268 3.2167 22.7086 -9.3620 0.8636
33 2 Car 0 0 0 0 0 0 0 1.5591 1.7699 4.4393 -36.2223 4.9215 26.7158 -9.4012 0.5836
33 1 Car 0 0 0 0 0 0 0 1.5506 1.7140 4.4982 -9.8382 4.3741 31.4204 -9.4180 0.8060
33 4 Car 0 0 0 0 0 0 0 1.5272 1.7977 4.8657 -0.5644 4.0887 27.7793 -9.3703 0.8320
33 0 Car 0 0 0 0 0 0 0 1.7356 1.5546 4.4275 19.5139 3.1971 22.7232 -9.3554 0.8750
34 2 Car 0 0 0 0 0 0 0 1.4532 1.7145 4.2994 -37.5842 5.0236 26.7139 -9.3938 0.6142
34 1 Car 0 0 0 0 0 0 0 1.5584 1.6961 4.3803 -10.3602 4.3709 31.4063 -9.4127 0.8460
34 4 Car 0 0 0 0 0 0 0 1.5544 1.8822 4.9035 -1.3137 4.1171 27.8567 -9.4032 0.8037
34 0 Car 0 0 0 0 0 0 0 1.7383 1.5656 4.4341 19.3393 3.2270 22.7558 -9.3522 0.8909
35 2 Car 0 0 0 0 0 0 0 1.5741 1.7475 4.4070 -38.9693 5.0147 26.8044 -9.4144 0.6434
35 1 Car 0 0 0 0 0 0 0 1.5566 1.7644 4.5340 -11.0362 4.4365 31.4514 -9.4234 0.8573
35 4 Car 0 0 0 0 0 0 0 1.5399 1.8714 4.8765 -2.1171 4.1238 27.9150 -9.3767 0.7849
35 0 Car 0 0 0 0 0 0 0 1.7219 1.5515 4.1950 19.0617 3.1929 22.7587 -9.3692 0.8667
36 2 Car 0 0 0 0 0 0 0 1.5463 1.7538 4.3883 -40.2728 5.1203 26.8373 -9.4001 0.6471
36 1 Car 0 0 0 0 0 0 0 1.5514 1.8139 4.6751 -11.6495 4.4653 31.4621 -9.4163 0.8227
36 4 Car 0 0 0 0 0 0 0 1.5531 1.8348 4.6971 -2.8861 4.1449 27.8949 -9.3819 0.8083
36 0 Car 0 0 0 0 0 0 0 1.7175 1.5392 4.3286 18.9373 3.1991 22.7574 -9.3524 0.8595
37 2 Car 0 0 0 0 0 0 0 1.4979 1.6930 4.3643 -41.7253 5.1467 26.9174 -9.3952 0.6533
37 1 Car 0 0 0 0 0 0 0 1.5473 1.8640 4.7020 -12.2456 4.4846 31.4892 -9.4417 0.8448
37 4 Car 0 0 0 0 0 0 0 1.5599 1.8596 4.7900 -3.3855 4.1531 27.9510 -9.3648 0.8441
37 0 Car 0 0 0 0 0 0 0 1.7070 1.5290 4.2968 18.6935 3.1985 22.7277 -9.3550 0.8823
38 2 Car 0 0 0 0 0 0 0 1.5409 1.6503 4.2340 -42.9657 5.2024 26.9267 -9.3899 0.6035
38 1 Car 0 0 0 0 0 0 0 1.5610 1.8938 4.7981 -12.8190 4.5302 31.4866 -9.4137 0.8163
38 4 Car 0 0 0 0 0 0 0 1.5401 1.8354 4.7193 -4.0424 4.1721 27.9410 -9.3758 0.8705
38 0 Car 0 0 0 0 0 0 0 1.7061 1.5330 4.3000 18.5011 3.2072 22.7598 -9.3532 0.8847
39 2 Car 0 0 0 0 0 0 0 1.6736 1.7684 4.6045 -44.6374 5.2825 27.0305 -9.3852 0.5662
39 1 Car 0 0 0 0 0 0 0 1.5655 1.7817 4.6517 -13.4584 4.5165 31.4835 -9.4348 0.8486
39 4 Car 0 0 0 0 0 0 0 1.5361 1.8534 4.8234 -4.9060 4.1923 27.9847 -9.3724 0.8417
39 0 Car 0 0 0 0 0 0 0 1.6973 1.5632 4.4010 18.1844 3.1981 22.7947 -9.3633 0.8798
40 2 Car 0 0 0 0 0 0 0 1.6615 1.7255 4.6520 -46.0819 5.3224 27.0353 -9.3984 0.5384
40 1 Car 0 0 0 0 0 0 0 1.5851 1.7727 4.7466 -14.0568 4.5475 31.4838 -9.4117 0.8272
40 4 Car 0 0 0 0 0 0 0 1.5419 1.9106 4.8443 -5.6729 4.2160 28.0648 -9.3746 0.8337
40 0 Car 0 0 0 0 0 0 0 1.7346 1.5538 4.3638 17.9398 3.2242 22.8145 -9.3664 0.8711
41 2 Car 0 0 0 0 0 0 0 1.6829 1.7816 4.5652 -47.4252 5.2913 27.1203 -9.3976 0.5521
41 1 Car 0 0 0 0 0 0 0 1.5877 1.7091 4.4914 -14.6161 4.5569 31.4630 -9.4282 0.8884
41 4 Car 0 0 0 0 0 0 0 1.5425 1.8904 4.9223 -6.5346 4.2572 28.0915 -9.3666 0.8599
41 0 Car 0 0 0 0 0 0 0 1.7148 1.5502 4.3944 17.6787 3.2234 22.8159 -9.3640 0.9037
42 1 Car 0 0 0 0 0 0 0 1.5874 1.7745 4.6343 -15.3219 4.5390 31.4810 -9.4122 0.8757
42 4 Car 0 0 0 0 0 0 0 1.5245 1.8466 4.7217 -7.3191 4.2803 28.0807 -9.3799 0.8672
42 0 Car 0 0 0 0 0 0 0 1.6902 1.5593 4.3344 17.3741 3.2139 22.8185 -9.3805 0.8973
43 2 Car 0 0 0 0 0 0 0 1.5807 1.6746 4.2833 -50.2683 5.3615 27.1057 -9.4227 0.5054
43 1 Car 0 0 0 0 0 0 0 1.5725 1.7966 4.5399 -16.0083 4.5647 31.5002 -9.4200 0.9157
43 4 Car 0 0 0 0 0 0 0 1.5390 1.8547 4.7534 -8.0807 4.2616 28.1218 -9.4042 0.8439
43 0 Car 0 0 0 0 0 0 0 1.6941 1.5749 4.4202 17.0631 3.2448 22.8536 -9.3828 0.8921
44 1 Car 0 0 0 0 0 0 0 1.5204 1.8116 4.6414 -16.6515 4.5447 31.4785 -9.4205 0.8586
44 4 Car 0 0 0 0 0 0 0 1.5392 1.7920 4.6391 -8.8062 4.2514 28.0953 -9.4068 0.8327
44 0 Car 0 0 0 0 0 0 0 1.7302 1.5887 4.5344 16.7002 3.2758 22.8843 -9.3807 0.9047
45 1 Car 0 0 0 0 0 0 0 1.5246 1.7830 4.5235 -17.3713 4.5599 31.4749 -9.4420 0.8761
45 4 Car 0 0 0 0 0 0 0 1.5422 1.7977 4.5413 -9.6097 4.2809 28.1334 -9.4017 0.8452
45 0 Car 0 0 0 0 0 0 0 1.7359 1.6133 4.4836 16.3230 3.3211 22.9137 -9.4050 0.9169
46 1 Car 0 0 0 0 0 0 0 1.5550 1.7631 4.5536 -18.0092 4.6236 31.4820 -9.4193 0.8523
46 4 Car 0 0 0 0 0 0 0 1.5460 1.8887 4.8234 -10.5688 4.3411 28.1539 -9.4117 0.8694
46 0 Car 0 0 0 0 0 0 0 1.6742 1.5895 4.4311 15.9608 3.2819 22.8765 -9.4009 0.9116
47 1 Car 0 0 0 0 0 0 0 1.5831 1.7481 4.6233 -18.7843 4.6689 31.5227 -9.4308 0.8727
47 4 Car 0 0 0 0 0 0 0 1.5355 1.8402 4.8342 -11.6087 4.3801 28.1712 -9.4186 0.8422
47 0 Car 0 0 0 0 0 0 0 1.6919 1.5826 4.4540 15.5208 3.2769 22.9061 -9.4030 0.8889
48 1 Car 0 0 0 0 0 0 0 1.6063 1.7677 4.6540 -19.4312 4.7133 31.5058 -9.4409 0.8656
48 4 Car 0 0 0 0 0 0 0 1.5215 1.7882 4.6908 -12.4496 4.4024 28.1376 -9.4303 0.8496
48 0 Car 0 0 0 0 0 0 0 1.6937 1.6081 4.5572 15.1444 3.2969 22.9514 -9.3957 0.8818
49 1 Car 0 0 0 0 0 0 0 1.6009 1.8322 4.7106 -20.2182 4.7474 31.5063 -9.4553 0.7951
49 4 Car 0 0 0 0 0 0 0 1.5515 1.7967 4.5868 -13.2380 4.4158 28.1467 -9.4281 0.8604
49 0 Car 0 0 0 0 0 0 0 1.6660 1.5938 4.4328 14.7028 3.2848 22.9363 -9.4002 0.9063
50 1 Car 0 0 0 0 0 0 0 1.6333 1.8282 4.6338 -20.8634 4.7340 31.5018 -9.4446 0.8195
50 4 Car 0 0 0 0 0 0 0 1.5516 1.8479 4.7388 -14.2226 4.4617 28.1578 -9.4525 0.8145
50 0 Car 0 0 0 0 0 0 0 1.7001 1.6050 4.4491 14.2434 3.3107 22.9750 -9.3918 0.8990
51 1 Car 0 0 0 0 0 0 0 1.5318 1.8288 4.6579 -21.7222 4.6840 31.4771 -9.4308 0.8705
51 4 Car 0 0 0 0 0 0 0 1.5439 1.8768 4.8490 -15.2240 4.4894 28.0924 -9.4716 0.8227
51 0 Car 0 0 0 0 0 0 0 1.6672 1.5874 4.6420 13.7631 3.2953 23.0176 -9.3769 0.8865
52 1 Car 0 0 0 0 0 0 0 1.5612 1.8579 4.6215 -22.5077 4.7306 31.5065 -9.4501 0.8957
52 4 Car 0 0 0 0 0 0 0 1.5035 1.7550 4.7020 -16.1526 4.5126 28.0310 -9.4689 0.8633
52 0 Car 0 0 0 0 0 0 0 1.6844 1.6725 4.5658 13.2662 3.3579 23.0586 -9.3830 0.9141
53 1 Car 0 0 0 0 0 0 0 1.5972 1.7905 4.6292 -23.1673 4.7917 31.4466 -9.4789 0.8437
53 4 Car 0 0 0 0 0 0 0 1.5585 1.8937 4.8362 -17.1905 4.5419 28.0636 -9.4561 0.8827
53 0 Car 0 0 0 0 0 0 0 1.6814 1.6530 4.5283 12.7894 3.3269 23.0814 -9.3937 0.9056
54 1 Car 0 0 0 0 0 0 0 1.6070 1.7990 4.7649 -24.0235 4.8402 31.4755 -9.4523 0.8271
54 4 Car 0 0 0 0 0 0 0 1.5200 1.7937 4.7732 -18.1199 4.5538 27.9258 -9.4851 0.8224
54 0 Car 0 0 0 0 0 0 0 1.6972 1.6723 4.5772 12.3682 3.3524 23.1267 -9.3932 0.9019
55 1 Car 0 0 0 0 0 0 0 1.6049 1.7680 4.6283 -24.7760 4.8120 31.4461 -9.4295 0.8189
55 4 Car 0 0 0 0 0 0 0 1.5092 1.7846 4.7967 -19.1544 4.5895 27.9039 -9.4862 0.8273
55 0 Car 0 0 0 0 0 0 0 1.7394 1.7041 4.6191 11.8821 3.4278 23.1663 -9.3854 0.8837
56 1 Car 0 0 0 0 0 0 0 1.6128 1.7793 4.6371 -25.5839 4.8413 31.4662 -9.4041 0.8359
56 4 Car 0 0 0 0 0 0 0 1.5209 1.7970 4.8921 -20.1959 4.6240 27.8405 -9.4863 0.8111
56 0 Car 0 0 0 0 0 0 0 1.7583 1.7254 4.6939 11.3109 3.4696 23.2134 -9.3897 0.9148
57 1 Car 0 0 0 0 0 0 0 1.6244 1.7891 4.5354 -26.4161 4.8815 31.4973 -9.4222 0.8012
57 4 Car 0 0 0 0 0 0 0 1.5268 1.8035 4.7655 -21.2061 4.6602 27.7827 -9.4767 0.8324
57 0 Car 0 0 0 0 0 0 0 1.7569 1.7197 4.6520 10.7661 3.4761 23.2298 -9.4041 0.8685
58 1 Car 0 0 0 0 0 0 0 1.6301 1.7872 4.5863 -27.2151 4.8943 31.4921 -9.4264 0.8329
58 4 Car 0 0 0 0 0 0 0 1.5376 1.7823 4.7066 -22.1862 4.6599 27.7431 -9.4878 0.8611
58 0 Car 0 0 0 0 0 0 0 1.7976 1.7490 4.8803 10.1291 3.5205 23.2641 -9.3896 0.9041
59 1 Car 0 0 0 0 0 0 0 1.6437 1.7324 4.4393 -28.1035 4.9092 31.5181 -9.3859 0.7685
59 4 Car 0 0 0 0 0 0 0 1.5003 1.8032 4.7795 -23.2682 4.6859 27.6933 -9.4834 0.8340
59 0 Car 0 0 0 0 0 0 0 1.7646 1.7509 4.9508 9.4806 3.5160 23.2806 -9.4003 0.8867
60 1 Car 0 0 0 0 0 0 0 1.6392 1.7053 4.4899 -28.9050 4.9286 31.5070 -9.4205 0.7449
60 4 Car 0 0 0 0 0 0 0 1.5163 1.7828 4.7404 -24.3638 4.7142 27.5962 -9.4941 0.7952
60 0 Car 0 0 0 0 0 0 0 1.7607 1.7632 4.9971 8.9085 3.5485 23.3323 -9.3721 0.8821
61 1 Car 0 0 0 0 0 0 0 1.6480 1.7337 4.5628 -29.7248 4.9424 31.5097 -9.4102 0.7839
61 4 Car 0 0 0 0 0 0 0 1.5028 1.7545 4.6651 -25.4713 4.7179 27.5380 -9.4453 0.8214
61 0 Car 0 0 0 0 0 0 0 1.7114 1.7130 5.0098 8.4291 3.4805 23.3375 -9.3844 0.8463
62 1 Car 0 0 0 0 0 0 0 1.6648 1.7835 4.5797 -30.5479 5.0014 31.5488 -9.3980 0.7232
62 4 Car 0 0 0 0 0 0 0 1.5124 1.7889 4.6630 -26.6048 4.7203 27.5327 -9.4439 0.8091
62 0 Car 0 0 0 0 0 0 0 1.6734 1.6923 5.1344 7.7702 3.4428 23.3859 -9.3884 0.8989
63 1 Car 0 0 0 0 0 0 0 1.6406 1.7959 4.6092 -31.3678 5.0124 31.5526 -9.4118 0.7421
63 4 Car 0 0 0 0 0 0 0 1.4962 1.7214 4.6629 -27.7582 4.7329 27.4722 -9.4543 0.8382
63 0 Car 0 0 0 0 0 0 0 1.7115 1.6922 5.0899 7.3135 3.4781 23.3732 -9.3743 0.9121
64 1 Car 0 0 0 0 0 0 0 1.6614 1.7330 4.6500 -32.2017 5.0361 31.5316 -9.4487 0.7987
64 4 Car 0 0 0 0 0 0 0 1.5019 1.6976 4.5856 -28.7295 4.7228 27.3679 -9.4648 0.8259
64 0 Car 0 0 0 0 0 0 0 1.8253 1.6893 4.9375 6.6572 3.5989 23.4351 -9.3881 0.8872
65 1 Car 0 0 0 0 0 0 0 1.6059 1.7178 4.5130 -32.9744 5.0494 31.5742 -9.4129 0.7746
65 4 Car 0 0 0 0 0 0 0 1.4719 1.6649 4.5487 -29.8857 4.7522 27.3464 -9.4770 0.7579
65 0 Car 0 0 0 0 0 0 0 1.8855 1.7082 4.9584 6.0932 3.6725 23.4644 -9.3746 0.9051
66 1 Car 0 0 0 0 0 0 0 1.6143 1.7465 4.4528 -33.9590 5.0829 31.5529 -9.4009 0.8156
66 4 Car 0 0 0 0 0 0 0 1.4600 1.7110 4.5052 -31.0458 4.7572 27.3388 -9.4311 0.7317
66 0 Car 0 0 0 0 0 0 0 1.9480 1.8045 4.9052 5.4653 3.7207 23.5453 -9.3744 0.8736
67 1 Car 0 0 0 0 0 0 0 1.6491 1.8702 4.5029 -34.7185 5.1043 31.5830 -9.4255 0.7519
67 4 Car 0 0 0 0 0 0 0 1.4188 1.6569 4.4806 -32.1380 4.7873 27.2843 -9.4165 0.7409
67 0 Car 0 0 0 0 0 0 0 1.9449 1.7623 5.0610 4.9030 3.7321 23.5757 -9.3648 0.9000
68 1 Car 0 0 0 0 0 0 0 1.6029 1.7330 4.1763 -35.4785 5.1450 31.5520 -9.3885 0.7839
68 4 Car 0 0 0 0 0 0 0 1.4416 1.6185 4.4105 -33.3365 4.8114 27.2442 -9.4172 0.6831
68 0 Car 0 0 0 0 0 0 0 2.0074 1.8461 4.8505 4.4241 3.7940 23.6643 -9.3714 0.8343
69 1 Car 0 0 0 0 0 0 0 1.5865 1.8117 4.6918 -36.6331 5.1656 31.5760 -9.4713 0.5294
69 4 Car 0 0 0 0 0 0 0 1.5042 1.6762 4.6739 -34.5584 4.9425 27.2762 -9.4350 0.6310
69 0 Car 0 0 0 0 0 0 0 1.9172 1.8305 4.9284 3.7560 3.7670 23.7024 -9.3730 0.8050
70 1 Car 0 0 0 0 0 0 0 1.6393 1.7431 4.4648 -37.5366 5.1956 31.6045 -9.3811 0.5321
70 0 Car 0 0 0 0 0 0 0 1.9720 1.8104 4.7438 3.2301 3.8111 23.7052 -9.3610 0.8065
71 1 Car 0 0 0 0 0 0 0 1.6585 1.7705 4.2000 -38.1370 5.1809 31.6837 -9.4340 0.5967
71 0 Car 0 0 0 0 0 0 0 1.8982 1.7249 4.7208 2.7758 3.7476 23.6810 -9.3499 0.7830
72 1 Car 0 0 0 0 0 0 0 1.6068 1.7097 4.1487 -39.0971 5.1591 31.5891 -9.4129 0.5814
72 4 Car 0 0 0 0 0 0 0 1.5624 1.7073 4.4382 -38.1159 5.0663 27.2996 -9.4297 0.5443
72 0 Car 0 0 0 0 0 0 0 1.8488 1.7139 4.6044 2.1396 3.7689 23.7551 -9.3625 0.8092
73 1 Car 0 0 0 0 0 0 0 1.6775 1.8220 4.4657 -40.2083 5.2165 31.6481 -9.4180 0.5476
73 4 Car 0 0 0 0 0 0 0 1.5653 1.6761 4.5239 -39.4406 5.0904 27.2902 -9.4321 0.5860
73 0 Car 0 0 0 0 0 0 0 1.8444 1.6478 4.5947 1.5373 3.7422 23.7066 -9.3617 0.7868
74 1 Car 0 0 0 0 0 0 0 1.6112 1.7486 4.2888 -41.0941 5.2823 31.6325 -9.4278 0.5774
74 4 Car 0 0 0 0 0 0 0 1.6040 1.6709 4.4923 -40.6253 5.1425 27.2642 -9.4271 0.5348
74 0 Car 0 0 0 0 0 0 0 1.8032 1.6088 4.3914 0.7809 3.7307 23.7681 -9.3589 0.8265
75 0 Car 0 0 0 0 0 0 0 1.8762 1.8237 4.5249 0.1283 3.8177 23.9021 -9.3490 0.8341
76 1 Car 0 0 0 0 0 0 0 1.5863 1.7531 4.5590 -43.0262 5.3124 31.6182 -9.4181 0.5012
76 4 Car 0 0 0 0 0 0 0 1.5034 1.7068 4.3658 -43.1918 5.2362 27.3238 -9.4181 0.5013
76 0 Car 0 0 0 0 0 0 0 1.8346 1.6694 4.4901 -0.3500 3.8318 23.8459 -9.3572 0.8899
77 0 Car 0 0 0 0 0 0 0 1.8944 1.6625 4.4543 -0.8652 3.8289 23.9092 -9.3662 0.8828
78 0 Car 0 0 0 0 0 0 0 1.8802 1.6446 4.5256 -1.4773 3.8325 23.9086 -9.3632 0.9119
79 0 Car 0 0 0 0 0 0 0 1.8691 1.6508 4.5251 -2.0451 3.8620 23.9616 -9.3694 0.8988
80 4 Car 0 0 0 0 0 0 0 1.7062 1.7546 4.5656 -48.5687 5.3647 27.3354 -9.4264 0.5189
80 0 Car 0 0 0 0 0 0 0 1.9129 1.6371 4.5106 -2.7129 3.9134 23.9962 -9.3537 0.8967
81 0 Car 0 0 0 0 0 0 0 1.8477 1.6192 4.6033 -3.1238 3.9258 23.9675 -9.3658 0.9057
82 0 Car 0 0 0 0 0 0 0 1.8477 1.5702 4.5524 -3.6312 3.9158 24.0039 -9.3586 0.9198
83 0 Car 0 0 0 0 0 0 0 1.8666 1.5896 4.5348 -4.1345 3.9378 24.0751 -9.3684 0.9222
84 0 Car 0 0 0 0 0 0 0 1.8791 1.6010 4.5554 -4.8090 3.9794 24.1409 -9.3720 0.9262
85 0 Car 0 0 0 0 0 0 0 1.9027 1.6571 4.7856 -5.3720 4.0296 24.2230 -9.3546 0.9154
86 0 Car 0 0 0 0 0 0 0 1.8681 1.6238 4.5638 -5.9304 4.0473 24.2123 -9.3814 0.9050
87 0 Car 0 0 0 0 0 0 0 1.9246 1.6458 4.5863 -6.4851 4.0480 24.2820 -9.3767 0.8954
88 0 Car 0 0 0 0 0 0 0 1.8869 1.6367 4.5793 -7.0684 4.0942 24.2838 -9.3783 0.9012
89 0 Car 0 0 0 0 0 0 0 1.9737 1.6817 4.8339 -7.7419 4.1180 24.3732 -9.3669 0.8907
90 0 Car 0 0 0 0 0 0 0 1.9389 1.6183 4.6493 -8.2756 4.1279 24.3356 -9.3864 0.9114
91 0 Car 0 0 0 0 0 0 0 1.9878 1.6572 4.7290 -8.9495 4.1927 24.4038 -9.3772 0.9082
92 0 Car 0 0 0 0 0 0 0 1.9580 1.6211 4.4216 -9.4693 4.1970 24.4104 -9.3760 0.9246
93 0 Car 0 0 0 0 0 0 0 1.9701 1.6449 4.6751 -10.2269 4.2265 24.4871 -9.3688 0.9142
94 0 Car 0 0 0 0 0 0 0 1.9533 1.6135 4.5143 -10.7989 4.2243 24.5195 -9.3695 0.9007
95 0 Car 0 0 0 0 0 0 0 2.0000 1.6086 4.6838 -11.6086 4.2596 24.5742 -9.3638 0.8924
96 0 Car 0 0 0 0 0 0 0 1.9561 1.6215 4.5653 -12.3074 4.2567 24.6267 -9.3644 0.9013
97 0 Car 0 0 0 0 0 0 0 1.9289 1.6494 4.6379 -13.0845 4.2876 24.6685 -9.3537 0.9164
98 0 Car 0 0 0 0 0 0 0 1.9794 1.6805 4.5821 -13.7018 4.3560 24.7241 -9.3570 0.9174
99 0 Car 0 0 0 0 0 0 0 2.0225 1.6965 4.7696 -14.4491 4.3941 24.7486 -9.3640 0.9130
100 0 Car 0 0 0 0 0 0 0 1.9693 1.6909 4.6714 -15.1980 4.3967 24.8101 -9.3791 0.9248
101 0 Car 0 0 0 0 0 0 0 1.9390 1.6438 4.6643 -15.9325 4.4025 24.8131 -9.3718 0.9294
102 0 Car 0 0 0 0 0 0 0 2.0061 1.6930 4.6981 -16.7232 4.4319 24.8994 -9.3716 0.9166
103 0 Car 0 0 0 0 0 0 0 1.9940 1.6914 4.7501 -17.4996 4.4791 24.9452 -9.3733 0.8892
104 0 Car 0 0 0 0 0 0 0 2.0186 1.6752 4.8227 -18.2839 4.5180 24.9910 -9.3554 0.9158
105 0 Car 0 0 0 0 0 0 0 1.9843 1.6614 4.6527 -19.1250 4.5283 25.0440 -9.3673 0.8869
106 0 Car 0 0 0 0 0 0 0 1.9627 1.6681 4.7554 -19.9723 4.5245 25.1102 -9.3654 0.8905
107 0 Car 0 0 0 0 0 0 0 1.9805 1.7809 4.7528 -20.7374 4.5762 25.1817 -9.3813 0.9089
108 0 Car 0 0 0 0 0 0 0 2.0205 1.6993 4.6987 -21.5526 4.5645 25.2120 -9.3604 0.8950
109 0 Car 0 0 0 0 0 0 0 1.9565 1.6546 4.7471 -22.3839 4.5637 25.2099 -9.3692 0.9126
110 0 Car 0 0 0 0 0 0 0 1.9750 1.6540 4.5640 -23.2184 4.6118 25.2645 -9.3767 0.8935
111 0 Car 0 0 0 0 0 0 0 1.9721 1.6806 4.5795 -24.0937 4.6434 25.3193 -9.3640 0.9016
112 0 Car 0 0 0 0 0 0 0 1.9685 1.6248 4.5737 -24.8415 4.6722 25.3011 -9.3636 0.8909
113 0 Car 0 0 0 0 0 0 0 1.9802 1.6697 4.6733 -25.7707 4.6657 25.3970 -9.3477 0.8852
114 0 Car 0 0 0 0 0 0 0 1.9512 1.6561 4.5580 -26.6530 4.6572 25.4449 -9.3662 0.8772
115 0 Car 0 0 0 0 0 0 0 1.9460 1.6522 4.5121 -27.4386 4.6796 25.4950 -9.3687 0.8582
116 0 Car 0 0 0 0 0 0 0 1.9558 1.6913 4.6881 -28.4088 4.6994 25.5875 -9.3697 0.8199
117 0 Car 0 0 0 0 0 0 0 2.0129 1.7347 4.5557 -29.1910 4.7540 25.6792 -9.3446 0.8075
118 0 Car 0 0 0 0 0 0 0 1.9737 1.7112 4.4034 -30.1438 4.7693 25.7171 -9.3563 0.8429
119 0 Car 0 0 0 0 0 0 0 1.9235 1.7392 4.3868 -30.9101 4.7423 25.7669 -9.3548 0.7767
120 0 Car 0 0 0 0 0 0 0 1.9486 1.7232 4.5924 -31.8598 4.7492 25.8168 -9.3587 0.7530
121 0 Car 0 0 0 0 0 0 0 1.8485 1.7914 4.5227 -32.8050 4.7811 25.9169 -9.3846 0.7604
122 0 Car 0 0 0 0 0 0 0 1.9287 1.7288 4.5612 -33.8115 4.8226 25.8923 -9.3840 0.8286
123 0 Car 0 0 0 0 0 0 0 1.8743 1.7447 4.4316 -34.6579 4.8326 25.9747 -9.3686 0.7678
124 0 Car 0 0 0 0 0 0 0 2.0320 1.6767 4.5608 -35.7293 4.9103 26.0209 -9.3684 0.8004
125 0 Car 0 0 0 0 0 0 0 2.0219 1.6504 4.3815 -36.6123 4.9025 26.0580 -9.3761 0.8268
126 0 Car 0 0 0 0 0 0 0 1.9506 1.6265 4.4201 -37.5024 4.8944 26.1115 -9.3635 0.6523
127 0 Car 0 0 0 0 0 0 0 1.9677 1.7128 4.5715 -38.5702 4.9756 26.1741 -9.3861 0.5352
128 0 Car 0 0 0 0 0 0 0 1.9741 1.7204 4.2424 -39.3299 4.9689 26.2137 -9.3813 0.5577
129 0 Car 0 0 0 0 0 0 0 2.0087 1.8019 4.7265 -40.5725 5.0674 26.3397 -9.3738 0.6076
130 0 Car 0 0 0 0 0 0 0 2.0260 1.7793 4.6792 -41.4233 5.0680 26.3833 -9.3574 0.6124
131 0 Car 0 0 0 0 0 0 0 1.9875 1.6927 4.2877 -42.2758 5.0148 26.3888 -9.3975 0.6097
132 0 Car 0 0 0 0 0 0 0 2.0218 1.6901 4.5895 -43.4038 5.1025 26.4444 -9.3878 0.6071
133 0 Car 0 0 0 0 0 0 0 2.0472 1.7195 4.5294 -44.2867 5.0983 26.4721 -9.3918 0.6190
136 0 Car 0 0 0 0 0 0 0 2.0851 1.7460 4.6553 -47.2986 5.2933 26.5758 -9.4055 0.6015
137 0 Car 0 0 0 0 0 0 0 2.1091 1.7203 4.7396 -48.2388 5.2859 26.5979 -9.3935 0.6139
138 0 Car 0 0 0 0 0 0 0 2.0117 1.6508 4.3688 -49.1040 5.2768 26.5743 -9.4246 0.5524
140 0 Car 0 0 0 0 0 0 0 2.0755 1.6659 4.5426 -51.2202 5.2957 26.6163 -9.4287 0.5254
141 54 Car 0 0 0 0 0 0 0 1.6723 1.9651 4.3783 -52.7137 5.5044 9.4720 -12.5766 0.5669
142 54 Car 0 0 0 0 0 0 0 1.6689 1.8734 4.2947 -52.0732 5.4741 9.4300 -12.5889 0.5662
144 54 Car 0 0 0 0 0 0 0 1.5751 1.9610 4.4184 -50.8511 5.4210 9.4606 -12.5666 0.6464
145 54 Car 0 0 0 0 0 0 0 1.5374 1.9608 4.5065 -50.4306 5.4390 9.4927 -12.5585 0.5557
146 54 Car 0 0 0 0 0 0 0 1.5962 1.9254 4.3044 -49.7100 5.3673 9.4803 -12.5533 0.6296
147 54 Car 0 0 0 0 0 0 0 1.5691 1.8920 4.2771 -49.1446 5.3599 9.4789 -12.5304 0.6612
148 54 Car 0 0 0 0 0 0 0 1.5790 2.0062 4.4137 -48.7876 5.3897 9.4501 -12.5488 0.7035
149 54 Car 0 0 0 0 0 0 0 1.6152 2.0192 4.5082 -48.3790 5.3706 9.4856 -12.5258 0.6802
150 54 Car 0 0 0 0 0 0 0 1.5916 2.0304 4.5204 -48.0140 5.3451 9.4279 -12.5419 0.6601
151 54 Car 0 0 0 0 0 0 0 1.5687 1.9765 4.5124 -47.5326 5.3625 9.3863 -12.5578 0.6720
152 54 Car 0 0 0 0 0 0 0 1.5379 1.9520 4.4409 -47.0730 5.3671 9.4098 -12.5453 0.7110
153 54 Car 0 0 0 0 0 0 0 1.5781 1.9778 4.4715 -46.7881 5.3685 9.4178 -12.4999 0.6951
154 54 Car 0 0 0 0 0 0 0 1.5656 1.9407 4.4010 -46.3923 5.3622 9.3884 -12.5237 0.6717
155 54 Car 0 0 0 0 0 0 0 1.5956 1.9193 4.4765 -46.1891 5.3093 9.3280 -12.5191 0.6948
156 54 Car 0 0 0 0 0 0 0 1.5659 1.9784 4.2604 -45.8118 5.3259 9.3697 -12.5024 0.7043
157 54 Car 0 0 0 0 0 0 0 1.6354 1.9935 4.3223 -45.5834 5.3123 9.3348 -12.5153 0.6506
158 54 Car 0 0 0 0 0 0 0 1.6146 1.9061 4.1067 -45.3656 5.2862 9.3134 -12.5218 0.6701
159 54 Car 0 0 0 0 0 0 0 1.6322 1.9545 4.3607 -45.2079 5.2874 9.3380 -12.5213 0.6371
