0 0 Car 0 0 0 0 0 0 0 1.5199 1.8430 3.9672 -18.5406 4.7396 41.2861 -10.9473 0.8798
0 1 Car 0 0 0 0 0 0 0 1.6048 1.9353 4.2570 -44.2554 5.2448 9.3172 -12.5000 0.6281
1 0 Car 0 0 0 0 0 0 0 1.5385 1.8737 4.2482 -18.5866 4.7854 40.9414 -10.9375 0.8743
1 1 Car 0 0 0 0 0 0 0 1.6050 1.9305 4.2902 -44.2697 5.2297 9.3195 -12.5091 0.6323
2 0 Car 0 0 0 0 0 0 0 1.5414 1.9098 4.1049 -18.5585 4.7847 40.5521 -10.9751 0.8836
2 1 Car 0 0 0 0 0 0 0 1.5970 1.9194 4.2727 -44.2531 5.2211 9.3121 -12.5027 0.6338
3 0 Car 0 0 0 0 0 0 0 1.4868 1.8725 4.1602 -18.5673 4.7482 40.1565 -10.9944 0.8751
3 1 Car 0 0 0 0 0 0 0 1.6262 1.8936 4.1141 -44.1697 5.2482 9.3157 -12.5253 0.6500
4 0 Car 0 0 0 0 0 0 0 1.5212 1.8712 4.1551 -18.5658 4.7627 39.6487 -10.9810 0.8982
4 1 Car 0 0 0 0 0 0 0 1.6061 1.8904 4.0960 -44.1534 5.2580 9.3262 -12.5230 0.6405
5 0 Car 0 0 0 0 0 0 0 1.4930 1.8543 4.1843 -18.5006 4.7398 39.2423 -11.0175 0.8821
5 1 Car 0 0 0 0 0 0 0 1.5893 1.9161 4.3042 -44.2470 5.2382 9.3097 -12.5014 0.6266
6 0 Car 0 0 0 0 0 0 0 1.4937 1.8925 4.2423 -18.5168 4.7357 38.8415 -11.0434 0.8994
6 1 Car 0 0 0 0 0 0 0 1.6154 1.8821 4.1324 -44.1587 5.2600 9.3229 -12.5179 0.6426
7 0 Car 0 0 0 0 0 0 0 1.5627 1.9376 4.3035 -18.4554 4.7752 38.3731 -11.0299 0.9012
7 1 Car 0 0 0 0 0 0 0 1.6159 1.8804 4.1048 -44.1650 5.2625 9.3265 -12.5208 0.6232
8 0 Car 0 0 0 0 0 0 0 1.5522 1.9084 4.2545 -18.4579 4.7562 37.9463 -11.0272 0.9053
8 1 Car 0 0 0 0 0 0 0 1.6166 1.9137 4.3087 -44.2591 5.2356 9.3056 -12.5059 0.6527
9 0 Car 0 0 0 0 0 0 0 1.5944 1.9017 4.3065 -18.3614 4.7460 37.4653 -11.0355 0.9153
9 1 Car 0 0 0 0 0 0 0 1.6008 1.9523 4.2788 -44.2696 5.2381 9.3160 -12.5062 0.6228
10 0 Car 0 0 0 0 0 0 0 1.5599 1.9241 4.2557 -18.3503 4.7307 36.9454 -11.0500 0.9299
10 1 Car 0 0 0 0 0 0 0 1.6107 1.8943 4.1201 -44.1472 5.2700 9.3260 -12.5215 0.6475
11 0 Car 0 0 0 0 0 0 0 1.5258 1.9073 4.3938 -18.3093 4.7355 36.5690 -11.0752 0.9144
11 1 Car 0 0 0 0 0 0 0 1.5987 1.9181 4.0631 -44.1237 5.2724 9.3410 -12.5158 0.6369
12 0 Car 0 0 0 0 0 0 0 1.5662 1.8974 4.3382 -18.2130 4.7227 36.0079 -11.0987 0.8959
12 1 Car 0 0 0 0 0 0 0 1.6203 1.9256 4.2891 -44.2850 5.2416 9.3099 -12.5037 0.6385
13 0 Car 0 0 0 0 0 0 0 1.5577 1.9074 4.3029 -18.1390 4.6988 35.5236 -11.1035 0.8771
13 1 Car 0 0 0 0 0 0 0 1.5980 1.8882 4.1033 -44.1484 5.2683 9.3187 -12.5169 0.6364
14 0 Car 0 0 0 0 0 0 0 1.5627 1.9030 4.2479 -18.0783 4.6678 34.9494 -11.1371 0.8598
14 1 Car 0 0 0 0 0 0 0 1.6085 1.9214 4.2794 -44.2545 5.2348 9.3059 -12.5063 0.6300
15 0 Car 0 0 0 0 0 0 0 1.6094 1.8973 4.1529 -17.9589 4.6761 34.4097 -11.1408 0.8906
15 1 Car 0 0 0 0 0 0 0 1.6044 1.8893 4.1283 -44.1616 5.2516 9.3251 -12.5220 0.6333
16 39 Car 0 0 0 0 0 0 0 1.5578 1.7986 4.4291 44.0688 3.0804 31.2741 -9.3537 0.5271
16 0 Car 0 0 0 0 0 0 0 1.6299 1.9804 4.4114 -17.9131 4.6639 33.9188 -11.1452 0.8832
16 1 Car 0 0 0 0 0 0 0 1.6149 1.9222 4.2654 -44.2475 5.2355 9.3175 -12.5005 0.6386
17 0 Car 0 0 0 0 0 0 0 1.5476 1.9485 4.3629 -17.8586 4.6162 33.3097 -11.1422 0.9084
17 1 Car 0 0 0 0 0 0 0 1.5973 1.9197 4.3113 -44.2589 5.2382 9.3073 -12.5037 0.6266
18 45 Car 0 0 0 0 0 0 0 1.5770 1.7240 4.5289 41.3932 3.1817 31.4448 -9.3546 0.7079
18 0 Car 0 0 0 0 0 0 0 1.5219 1.8881 4.3275 -17.7177 4.6089 32.6835 -11.1678 0.9278
18 1 Car 0 0 0 0 0 0 0 1.5918 1.8807 4.1032 -44.1476 5.2597 9.3130 -12.5272 0.6527
19 45 Car 0 0 0 0 0 0 0 1.5612 1.6548 4.2788 40.1054 3.1705 31.4682 -9.3631 0.6894
19 0 Car 0 0 0 0 0 0 0 1.5188 1.8542 4.2972 -17.5686 4.5827 32.0818 -11.1598 0.9402
19 1 Car 0 0 0 0 0 0 0 1.6173 1.9502 4.2266 -44.2863 5.2404 9.3252 -12.5025 0.6224
20 45 Car 0 0 0 0 0 0 0 1.5710 1.6554 4.4724 38.8522 3.2244 31.5934 -9.3490 0.6703
20 0 Car 0 0 0 0 0 0 0 1.5275 1.8494 4.4418 -17.3956 4.6156 31.5837 -11.1536 0.9134
20 1 Car 0 0 0 0 0 0 0 1.6110 1.8850 4.1048 -44.1462 5.2509 9.3268 -12.5273 0.6100
21 45 Car 0 0 0 0 0 0 0 1.5570 1.6187 4.4947 37.5867 3.2576 31.6772 -9.3351 0.6679
21 0 Car 0 0 0 0 0 0 0 1.4981 1.8674 4.4742 -17.2952 4.5466 30.9998 -11.1801 0.8979
21 1 Car 0 0 0 0 0 0 0 1.6307 1.9264 4.2457 -44.2950 5.2344 9.3093 -12.5052 0.6311
22 45 Car 0 0 0 0 0 0 0 1.5767 1.7529 4.4382 36.4075 3.2662 31.8562 -9.3608 0.7005
22 0 Car 0 0 0 0 0 0 0 1.5240 1.9184 4.4896 -17.2706 4.5411 30.4230 -11.2080 0.9086
22 1 Car 0 0 0 0 0 0 0 1.6289 1.8955 4.1022 -44.1625 5.2548 9.3238 -12.5241 0.6478
23 45 Car 0 0 0 0 0 0 0 1.5325 1.6407 4.4390 35.0689 3.2696 31.9411 -9.3458 0.6820
23 0 Car 0 0 0 0 0 0 0 1.5213 1.9262 4.6846 -17.0666 4.5335 29.7927 -11.2113 0.8951
23 1 Car 0 0 0 0 0 0 0 1.5935 1.9313 4.2840 -44.2568 5.2342 9.3160 -12.5043 0.6494
23 61 Car 0 0 0 0 0 0 0 1.4744 1.7983 4.2905 53.0126 2.4157 21.0322 -9.3560 0.5196
24 45 Car 0 0 0 0 0 0 0 1.5794 1.6722 4.5341 33.9230 3.3695 32.0529 -9.3349 0.6707
24 0 Car 0 0 0 0 0 0 0 1.4977 1.9068 4.6310 -16.8489 4.5157 29.2187 -11.2430 0.8926
24 1 Car 0 0 0 0 0 0 0 1.6209 1.9288 4.2384 -44.2751 5.2219 9.3122 -12.5089 0.6385
24 61 Car 0 0 0 0 0 0 0 1.4299 1.9206 4.3126 51.9022 2.4073 21.1662 -9.3288 0.5131
25 45 Car 0 0 0 0 0 0 0 1.5805 1.6747 4.5322 32.7687 3.3864 32.1346 -9.3347 0.5902
25 0 Car 0 0 0 0 0 0 0 1.5252 1.9156 4.5183 -16.7081 4.4992 28.6157 -11.2876 0.8915
25 1 Car 0 0 0 0 0 0 0 1.6179 1.9276 4.2706 -44.2642 5.2294 9.3171 -12.5124 0.6297
25 61 Car 0 0 0 0 0 0 0 1.4696 1.8333 4.1962 50.5618 2.5316 21.2808 -9.3235 0.5434
26 45 Car 0 0 0 0 0 0 0 1.5654 1.7204 4.4601 31.4862 3.4417 32.2667 -9.3425 0.7221
26 0 Car 0 0 0 0 0 0 0 1.5085 1.9379 4.5570 -16.4679 4.4751 28.0040 -11.2988 0.9237
26 1 Car 0 0 0 0 0 0 0 1.6105 1.9405 4.2379 -44.2802 5.2300 9.3193 -12.5112 0.6150
26 61 Car 0 0 0 0 0 0 0 1.4499 1.8532 4.1806 49.4182 2.5508 21.3104 -9.3650 0.6083
27 71 Car 0 0 0 0 0 0 0 1.3753 1.7366 4.1680 -24.7056 5.1987 58.0177 -10.5773 0.5015
27 45 Car 0 0 0 0 0 0 0 1.5481 1.6392 4.5259 30.4322 3.4289 32.3678 -9.3233 0.8531
27 0 Car 0 0 0 0 0 0 0 1.5305 1.9341 4.5149 -16.1582 4.4617 27.2898 -11.3469 0.9297
27 1 Car 0 0 0 0 0 0 0 1.6354 1.9219 4.0527 -44.1178 5.2493 9.3394 -12.5132 0.6144
27 61 Car 0 0 0 0 0 0 0 1.4376 1.7646 4.3086 48.2822 2.5375 21.3448 -9.3481 0.6050
28 45 Car 0 0 0 0 0 0 0 1.5456 1.7532 4.4917 29.2255 3.5322 32.5915 -9.3043 0.7859
28 0 Car 0 0 0 0 0 0 0 1.4897 1.9238 4.4521 -15.9930 4.4505 26.6968 -11.3273 0.9167
28 1 Car 0 0 0 0 0 0 0 1.6293 1.8934 4.0855 -44.1619 5.2516 9.3160 -12.5229 0.6483
28 61 Car 0 0 0 0 0 0 0 1.3661 1.6678 3.9447 47.0051 2.4835 21.4502 -9.3709 0.5698
29 45 Car 0 0 0 0 0 0 0 1.5848 1.7318 4.5025 28.0888 3.5139 32.7498 -9.3007 0.8348
29 0 Car 0 0 0 0 0 0 0 1.5046 1.8646 4.4296 -15.6513 4.3922 26.0905 -11.3690 0.8930
29 1 Car 0 0 0 0 0 0 0 1.6110 1.9405 4.2246 -44.2810 5.2455 9.3210 -12.5012 0.6062
29 61 Car 0 0 0 0 0 0 0 1.3778 1.7054 4.0251 46.0799 2.6104 21.5020 -9.3633 0.6677
30 45 Car 0 0 0 0 0 0 0 1.5946 1.6754 4.5829 27.0142 3.5377 32.8577 -9.3076 0.7901
30 0 Car 0 0 0 0 0 0 0 1.5315 1.8917 4.3686 -15.3948 4.4094 25.4223 -11.4171 0.8976
30 1 Car 0 0 0 0 0 0 0 1.6198 1.8936 4.0792 -44.1619 5.2508 9.3176 -12.5302 0.6500
30 61 Car 0 0 0 0 0 0 0 1.3468 1.6683 4.0198 44.8757 2.6025 21.5703 -9.3565 0.6078
31 79 Car 0 0 0 0 0 0 0 1.1582 1.4015 4.2705 -26.6180 5.2580 54.0599 -10.4589 0.6484
31 45 Car 0 0 0 0 0 0 0 1.5828 1.7214 4.5704 25.8950 3.5650 33.0386 -9.2634 0.7849
31 0 Car 0 0 0 0 0 0 0 1.5004 1.8938 4.5073 -15.0717 4.3889 24.8262 -11.4685 0.9232
31 1 Car 0 0 0 0 0 0 0 1.6001 1.9381 4.2292 -44.2644 5.2296 9.3103 -12.5060 0.6453
31 61 Car 0 0 0 0 0 0 0 1.3396 1.6737 4.0568 43.7276 2.6068 21.6355 -9.3629 0.5888
32 79 Car 0 0 0 0 0 0 0 1.2534 1.4330 4.1977 -27.1511 5.2214 53.3046 -10.4392 0.5611
32 45 Car 0 0 0 0 0 0 0 1.5400 1.6610 4.6219 24.8503 3.5914 33.2184 -9.2732 0.7339
32 0 Car 0 0 0 0 0 0 0 1.5384 1.9010 4.3849 -14.6621 4.3428 24.1749 -11.5062 0.8961
32 1 Car 0 0 0 0 0 0 0 1.6140 1.9441 4.2167 -44.2958 5.2441 9.3184 -12.4993 0.6007
32 61 Car 0 0 0 0 0 0 0 1.3648 1.7552 4.0763 42.7778 2.6592 21.7375 -9.3530 0.5987
33 45 Car 0 0 0 0 0 0 0 1.5616 1.7411 4.7033 23.7188 3.6402 33.3930 -9.2704 0.7282
33 0 Car 0 0 0 0 0 0 0 1.4826 1.7827 4.5086 -14.3181 4.3095 23.5270 -11.4726 0.8607
33 1 Car 0 0 0 0 0 0 0 1.6407 1.8973 4.0758 -44.1476 5.2407 9.3154 -12.5211 0.6514
33 61 Car 0 0 0 0 0 0 0 1.5158 1.8041 4.6203 41.3815 2.6982 21.8570 -9.3424 0.5939
34 45 Car 0 0 0 0 0 0 0 1.5291 1.7243 4.7143 22.7537 3.6748 33.6113 -9.2452 0.6919
34 0 Car 0 0 0 0 0 0 0 1.5626 1.8663 4.3142 -13.9626 4.3209 22.9012 -11.5106 0.8700
34 1 Car 0 0 0 0 0 0 0 1.6238 1.9303 4.2647 -44.2569 5.2221 9.3113 -12.5112 0.6352
34 61 Car 0 0 0 0 0 0 0 1.2962 1.6651 4.0929 40.5513 2.6593 21.8712 -9.3679 0.5782
35 45 Car 0 0 0 0 0 0 0 1.5770 1.7348 4.9346 21.5627 3.6978 33.9025 -9.2317 0.7721
35 0 Car 0 0 0 0 0 0 0 1.5516 1.8943 4.3379 -13.3944 4.3140 22.2295 -11.5892 0.8411
35 1 Car 0 0 0 0 0 0 0 1.5996 1.8949 4.1144 -44.1647 5.2602 9.3218 -12.5218 0.6594
35 61 Car 0 0 0 0 0 0 0 1.3615 1.7109 4.3291 39.4526 2.7932 21.9430 -9.3958 0.6749
36 45 Car 0 0 0 0 0 0 0 1.5676 1.8050 4.8163 20.6836 3.7759 34.0876 -9.1930 0.7444
36 0 Car 0 0 0 0 0 0 0 1.5365 1.8699 4.5739 -13.0620 4.2818 21.7371 -11.6231 0.8603
36 1 Car 0 0 0 0 0 0 0 1.6026 1.8849 4.0863 -44.1513 5.2521 9.3188 -12.5256 0.6505
36 61 Car 0 0 0 0 0 0 0 1.3409 1.6985 4.2171 38.2901 2.7043 22.0144 -9.3672 0.6138
37 45 Car 0 0 0 0 0 0 0 1.5486 1.9755 4.7943 19.6367 3.8866 34.4594 -9.1580 0.6627
37 0 Car 0 0 0 0 0 0 0 1.5989 1.9504 4.9968 -12.7353 4.3461 21.4223 -11.6287 0.7123
37 1 Car 0 0 0 0 0 0 0 1.6187 1.8907 4.0770 -44.1579 5.2420 9.3204 -12.5258 0.6218
37 61 Car 0 0 0 0 0 0 0 1.4026 1.7182 4.2329 37.5224 2.7672 21.9984 -9.2882 0.5885
38 45 Car 0 0 0 0 0 0 0 1.5621 1.7023 4.4805 18.9548 3.7737 34.5063 -9.1733 0.7391
38 0 Car 0 0 0 0 0 0 0 1.5332 1.8109 4.9344 -12.1122 4.2786 20.7196 -11.7118 0.6289
38 1 Car 0 0 0 0 0 0 0 1.6177 1.8899 4.1101 -44.1670 5.2617 9.3243 -12.5218 0.6399
38 61 Car 0 0 0 0 0 0 0 1.3666 1.6851 3.9770 36.4275 2.7613 22.1679 -9.3491 0.7199
39 45 Car 0 0 0 0 0 0 0 1.5830 1.7031 4.4802 18.0361 3.8799 34.7839 -9.1406 0.7501
39 0 Car 0 0 0 0 0 0 0 1.4956 1.8552 5.1922 -11.6994 4.2526 20.1850 -11.7016 0.6429
39 1 Car 0 0 0 0 0 0 0 1.6340 1.9023 4.0957 -44.1465 5.2509 9.3264 -12.5292 0.6399
39 61 Car 0 0 0 0 0 0 0 1.3541 1.7037 3.9423 35.4031 2.8443 22.2104 -9.3528 0.8206
40 45 Car 0 0 0 0 0 0 0 1.5869 1.6527 4.4510 17.0466 3.8712 35.1118 -9.1160 0.7523
40 0 Car 0 0 0 0 0 0 0 1.4954 1.8672 5.0008 -11.0630 4.2045 19.5108 -11.7362 0.5907
40 1 Car 0 0 0 0 0 0 0 1.6148 1.8964 4.0654 -44.1590 5.2660 9.3190 -12.5282 0.6366
40 61 Car 0 0 0 0 0 0 0 1.3679 1.7060 4.0302 34.4130 2.8563 22.3250 -9.3699 0.7013
41 45 Car 0 0 0 0 0 0 0 1.6351 1.7139 4.7260 16.2044 3.9713 35.3874 -9.0806 0.5832
41 1 Car 0 0 0 0 0 0 0 1.6094 1.8917 4.0812 -44.1408 5.2604 9.3225 -12.5318 0.6373
41 61 Car 0 0 0 0 0 0 0 1.3822 1.6530 3.4496 33.2984 2.8326 22.3918 -9.3876 0.7267
42 45 Car 0 0 0 0 0 0 0 1.6388 1.7115 4.7768 15.3435 3.9265 35.7648 -9.0789 0.6262
42 0 Car 0 0 0 0 0 0 0 1.5667 1.8684 5.0456 -9.7970 4.2292 18.3429 -11.8367 0.6734
42 1 Car 0 0 0 0 0 0 0 1.6017 1.9356 4.2282 -44.2492 5.2338 9.3196 -12.5110 0.6414
42 61 Car 0 0 0 0 0 0 0 1.4213 1.7045 3.9583 32.5328 2.9230 22.4316 -9.3690 0.7974
43 45 Car 0 0 0 0 0 0 0 1.6518 1.7819 5.1617 14.3436 3.9758 36.2406 -9.0443 0.6251
43 0 Car 0 0 0 0 0 0 0 1.5361 1.8605 4.9600 -9.1033 4.1894 17.8551 -11.9098 0.7650
43 1 Car 0 0 0 0 0 0 0 1.5955 1.9292 4.2570 -44.2704 5.2299 9.3089 -12.5018 0.6233
43 61 Car 0 0 0 0 0 0 0 1.3846 1.6945 4.0180 31.5513 2.9126 22.4786 -9.3766 0.7454
44 45 Car 0 0 0 0 0 0 0 1.6520 1.7950 5.3995 13.5256 3.9782 36.6349 -8.9954 0.6810
44 0 Car 0 0 0 0 0 0 0 1.5197 1.7981 4.7742 -8.3646 4.1593 17.3224 -11.9393 0.7092
44 1 Car 0 0 0 0 0 0 0 1.6079 1.9297 4.2225 -44.2360 5.2303 9.3149 -12.5040 0.6487
44 61 Car 0 0 0 0 0 0 0 1.4009 1.7090 4.0360 30.6271 2.9134 22.5492 -9.3615 0.7838
45 45 Car 0 0 0 0 0 0 0 1.6318 1.7440 5.0281 12.8218 4.0162 36.9651 -8.9635 0.6614
45 0 Car 0 0 0 0 0 0 0 1.5138 1.8513 4.8214 -7.6227 4.1806 16.8495 -11.9820 0.7623
45 1 Car 0 0 0 0 0 0 0 1.6246 1.9344 4.3158 -44.2552 5.2386 9.3120 -12.5091 0.6433
45 61 Car 0 0 0 0 0 0 0 1.3768 1.7048 4.0321 29.7615 2.9163 22.6079 -9.3431 0.8406
46 79 Car 0 0 0 0 0 0 0 1.1753 1.3368 4.0874 -38.6794 5.1114 42.1757 -10.0709 0.5051
46 45 Car 0 0 0 0 0 0 0 1.6136 1.7752 5.4152 11.9873 4.0346 37.4600 -8.9213 0.7267
46 0 Car 0 0 0 0 0 0 0 1.6131 1.9008 5.1178 -6.8371 4.1728 16.3813 -12.0162 0.7993
46 1 Car 0 0 0 0 0 0 0 1.6250 1.8771 4.1149 -44.1544 5.2607 9.3147 -12.5207 0.6428
46 61 Car 0 0 0 0 0 0 0 1.3599 1.7366 3.8749 28.8511 2.9187 22.6351 -9.3649 0.8064
47 45 Car 0 0 0 0 0 0 0 1.6407 1.7874 5.3858 11.2818 4.0813 37.9282 -8.8906 0.7139
47 0 Car 0 0 0 0 0 0 0 1.5262 1.8585 5.1136 -6.0398 4.1569 15.9853 -12.0627 0.8568
47 1 Car 0 0 0 0 0 0 0 1.6172 1.8958 4.1030 -44.1393 5.2559 9.3161 -12.5211 0.6657
47 61 Car 0 0 0 0 0 0 0 1.4664 1.7539 4.0322 27.9289 2.9660 22.7351 -9.3559 0.8399
48 45 Car 0 0 0 0 0 0 0 1.6560 1.7605 5.1470 10.6524 4.1118 38.2831 -8.8697 0.6397
48 0 Car 0 0 0 0 0 0 0 1.5324 1.7925 4.9506 -5.2382 4.1143 15.4820 -12.1092 0.7780
48 1 Car 0 0 0 0 0 0 0 1.6110 1.9302 4.2285 -44.2797 5.2251 9.3112 -12.5085 0.6444
48 61 Car 0 0 0 0 0 0 0 1.4313 1.6910 4.2479 27.1414 3.0464 22.7868 -9.3599 0.8432
49 45 Car 0 0 0 0 0 0 0 1.6796 1.7527 5.3876 9.8491 4.1110 38.8480 -8.8321 0.6679
49 0 Car 0 0 0 0 0 0 0 1.5665 1.8038 4.7839 -4.3526 4.0997 15.1125 -12.1504 0.7254
49 1 Car 0 0 0 0 0 0 0 1.6008 1.8975 4.0895 -44.1190 5.2592 9.3327 -12.5184 0.6408
49 61 Car 0 0 0 0 0 0 0 1.3952 1.6933 4.1846 26.3250 3.0185 22.7999 -9.3524 0.8171
50 45 Car 0 0 0 0 0 0 0 1.6501 1.7684 5.2731 9.2079 4.1280 39.3301 -8.8176 0.6915
50 0 Car 0 0 0 0 0 0 0 1.5426 1.8211 4.9371 -3.4336 4.0883 14.7221 -12.1847 0.7802
50 1 Car 0 0 0 0 0 0 0 1.6048 1.9243 4.2735 -44.2538 5.2353 9.3112 -12.4971 0.6045
50 61 Car 0 0 0 0 0 0 0 1.4225 1.6898 4.0744 25.4907 3.0300 22.8460 -9.3735 0.8662
51 45 Car 0 0 0 0 0 0 0 1.6064 1.7760 5.0341 8.5468 4.1192 39.8627 -8.7598 0.6840
51 0 Car 0 0 0 0 0 0 0 1.5253 1.8395 5.1026 -2.4723 4.0632 14.4679 -12.2346 0.8449
51 1 Car 0 0 0 0 0 0 0 1.5967 1.9280 4.2416 -44.2491 5.2355 9.3108 -12.5067 0.6288
51 61 Car 0 0 0 0 0 0 0 1.4145 1.6957 4.3232 24.7624 3.0964 22.9173 -9.3652 0.7888
52 45 Car 0 0 0 0 0 0 0 1.6009 1.7149 5.0806 7.8468 4.2025 40.4501 -8.7171 0.7326
52 0 Car 0 0 0 0 0 0 0 1.5931 1.8911 5.1420 -1.5686 4.0627 14.1618 -12.2487 0.8539
52 1 Car 0 0 0 0 0 0 0 1.6163 1.9244 4.2921 -44.2633 5.2191 9.3032 -12.5088 0.6624
52 61 Car 0 0 0 0 0 0 0 1.3986 1.6353 4.0465 24.0160 3.0507 22.9261 -9.3608 0.8101
53 45 Car 0 0 0 0 0 0 0 1.6211 1.7156 4.7795 7.1690 4.2119 41.0894 -8.7001 0.6424
53 0 Car 0 0 0 0 0 0 0 1.6031 1.8724 4.9985 -0.6044 4.0224 13.8935 -12.2719 0.7795
53 1 Car 0 0 0 0 0 0 0 1.6363 1.8962 4.0695 -44.1544 5.2415 9.3201 -12.5218 0.6396
53 61 Car 0 0 0 0 0 0 0 1.4455 1.6539 3.9875 23.1306 3.1087 23.0198 -9.3485 0.8747
54 45 Car 0 0 0 0 0 0 0 1.6311 1.6443 4.7121 6.4793 4.3137 41.6892 -8.6882 0.5502
54 0 Car 0 0 0 0 0 0 0 1.5698 1.7997 4.7898 0.4998 3.9864 13.5378 -12.3253 0.8303
54 1 Car 0 0 0 0 0 0 0 1.5831 1.9137 4.2668 -44.2604 5.2388 9.3084 -12.5011 0.6353
54 61 Car 0 0 0 0 0 0 0 1.3714 1.6336 4.1302 22.3902 3.1082 23.0836 -9.3541 0.8896
55 0 Car 0 0 0 0 0 0 0 1.5698 1.8201 4.8832 1.4207 3.9808 13.3430 -12.3117 0.7601
55 1 Car 0 0 0 0 0 0 0 1.6228 1.9443 4.1978 -44.2743 5.2274 9.3187 -12.5127 0.6439
55 61 Car 0 0 0 0 0 0 0 1.4805 1.7180 4.0586 21.6659 3.2017 23.1183 -9.3528 0.8805
56 45 Car 0 0 0 0 0 0 0 1.6229 1.8087 4.6518 5.3499 4.3342 43.0847 -14.8731 0.5619
56 0 Car 0 0 0 0 0 0 0 1.5563 1.8456 4.9392 2.2832 3.9504 13.1490 -12.3108 0.7735
56 1 Car 0 0 0 0 0 0 0 1.5941 1.9300 4.2526 -44.2541 5.2435 9.3193 -12.4986 0.5963
56 61 Car 0 0 0 0 0 0 0 1.3313 1.6201 4.0591 20.9824 3.1347 23.1337 -9.3579 0.9203
57 45 Car 0 0 0 0 0 0 0 1.5464 1.6638 4.5112 4.8271 4.3094 43.6152 -14.8342 0.7235
57 0 Car 0 0 0 0 0 0 0 1.5485 1.7480 4.4465 2.8095 3.9042 12.9581 -12.3337 0.8028
57 1 Car 0 0 0 0 0 0 0 1.6028 1.9341 4.2483 -44.2620 5.2363 9.3172 -12.5039 0.6078
57 61 Car 0 0 0 0 0 0 0 1.3812 1.6184 4.2393 20.2393 3.1830 23.2100 -9.3501 0.8225
58 45 Car 0 0 0 0 0 0 0 1.6898 1.8615 4.8258 4.2680 4.4669 44.4408 -14.8210 0.7498
58 0 Car 0 0 0 0 0 0 0 1.5607 1.8319 4.5028 3.8353 3.9045 12.8358 -12.3145 0.8489
58 1 Car 0 0 0 0 0 0 0 1.5986 1.9325 4.2326 -44.2375 5.2407 9.3226 -12.5041 0.6084
58 61 Car 0 0 0 0 0 0 0 1.3429 1.6504 4.0535 19.5256 3.1871 23.2360 -9.3571 0.8878
59 45 Car 0 0 0 0 0 0 0 1.6541 1.8384 4.7207 3.7183 4.4476 45.0520 -14.7988 0.7574
59 0 Car 0 0 0 0 0 0 0 1.5506 1.7981 4.4598 4.8351 3.8679 12.5860 -12.3422 0.7845
59 1 Car 0 0 0 0 0 0 0 1.6025 1.8811 4.1194 -44.1408 5.2601 9.3226 -12.5144 0.6176
59 61 Car 0 0 0 0 0 0 0 1.3885 1.6173 3.9422 18.8214 3.1941 23.2361 -9.3790 0.8670
60 45 Car 0 0 0 0 0 0 0 1.6209 1.8284 4.6918 3.3992 4.4700 45.6576 -14.7946 0.7338
60 0 Car 0 0 0 0 0 0 0 1.5884 1.8189 4.4215 5.9525 3.8134 12.3391 -12.3341 0.8378
60 1 Car 0 0 0 0 0 0 0 1.5958 1.9409 4.1986 -44.2859 5.2367 9.3178 -12.5044 0.6067
60 61 Car 0 0 0 0 0 0 0 1.4178 1.6350 3.8403 18.2308 3.2146 23.3758 -9.3492 0.8650
61 45 Car 0 0 0 0 0 0 0 1.6331 1.8027 4.5470 2.8325 4.5608 46.4183 -14.7478 0.7594
61 0 Car 0 0 0 0 0 0 0 1.5493 1.7105 4.3974 6.9422 3.7597 12.1270 -12.3808 0.8164
61 1 Car 0 0 0 0 0 0 0 1.6218 1.9240 4.2206 -44.2788 5.2306 9.3148 -12.5081 0.6336
61 61 Car 0 0 0 0 0 0 0 1.4600 1.5624 3.8969 17.5739 3.2282 23.3560 -9.3449 0.8713
62 45 Car 0 0 0 0 0 0 0 1.6143 1.8315 4.4549 2.4430 4.4777 46.9090 -14.7426 0.7578
62 0 Car 0 0 0 0 0 0 0 1.5428 1.7787 4.3969 7.8320 3.7572 11.9925 -12.3655 0.7723
62 1 Car 0 0 0 0 0 0 0 1.5937 1.9308 4.2238 -44.2628 5.2454 9.3177 -12.5031 0.6192
62 61 Car 0 0 0 0 0 0 0 1.3964 1.6982 3.8678 16.9625 3.2707 23.4638 -9.3680 0.8780
63 45 Car 0 0 0 0 0 0 0 1.6780 1.8477 4.6184 1.9546 4.5007 47.7085 -14.7484 0.6347
63 0 Car 0 0 0 0 0 0 0 1.5412 1.8493 4.5554 9.0882 3.7173 11.8457 -12.3761 0.8299
63 1 Car 0 0 0 0 0 0 0 1.6031 1.9198 4.2392 -44.2403 5.2385 9.3168 -12.5076 0.6435
63 61 Car 0 0 0 0 0 0 0 1.4873 1.6632 3.9769 16.3394 3.2882 23.5277 -9.3782 0.8545
64 45 Car 0 0 0 0 0 0 0 1.6946 1.8420 4.4405 1.5767 4.6323 48.4850 -14.6787 0.7622
64 0 Car 0 0 0 0 0 0 0 1.5105 1.6931 4.4245 10.1861 3.6667 11.6425 -12.4129 0.8709
64 1 Car 0 0 0 0 0 0 0 1.5907 1.9290 4.2239 -44.2338 5.2490 9.3171 -12.4973 0.6113
64 61 Car 0 0 0 0 0 0 0 1.4313 1.6686 4.0076 15.6643 3.3164 23.5576 -9.3568 0.8542
65 45 Car 0 0 0 0 0 0 0 1.6882 1.8577 4.4129 1.1452 4.5894 49.2158 -14.5966 0.6352
65 0 Car 0 0 0 0 0 0 0 1.5467 1.7664 4.2407 11.2031 3.6522 11.4791 -12.4223 0.8798
65 1 Car 0 0 0 0 0 0 0 1.6284 1.9200 4.2258 -44.2655 5.2273 9.3133 -12.5058 0.6380
65 61 Car 0 0 0 0 0 0 0 1.4421 1.7065 3.8628 15.1346 3.3105 23.6398 -9.3366 0.8116
66 45 Car 0 0 0 0 0 0 0 1.6372 1.7243 4.2762 0.9824 4.6970 49.8005 -14.6403 0.6803
66 0 Car 0 0 0 0 0 0 0 1.5291 1.7565 4.5013 12.3760 3.6206 11.3422 -12.4189 0.8304
66 1 Car 0 0 0 0 0 0 0 1.6234 1.9225 4.2440 -44.2666 5.2349 9.3064 -12.5051 0.6417
66 61 Car 0 0 0 0 0 0 0 1.4088 1.6206 3.9893 14.5451 3.2928 23.6398 -9.3362 0.8420
67 45 Car 0 0 0 0 0 0 0 1.7009 1.8361 4.4473 0.5508 4.8117 50.6596 -14.5870 0.5346
67 0 Car 0 0 0 0 0 0 0 1.5502 1.8039 4.4837 13.3840 3.5906 11.2283 -12.4238 0.8144
67 1 Car 0 0 0 0 0 0 0 1.6052 1.8836 4.0829 -44.1373 5.2502 9.3193 -12.5234 0.6409
67 61 Car 0 0 0 0 0 0 0 1.3707 1.6116 3.8220 13.9707 3.2894 23.6391 -9.3293 0.8636
68 45 Car 0 0 0 0 0 0 0 1.7006 1.7923 4.5476 0.1803 4.8993 51.5260 -14.6026 0.6771
68 0 Car 0 0 0 0 0 0 0 1.5348 1.7330 4.3456 14.5230 3.5625 11.0132 -12.4258 0.8385
68 1 Car 0 0 0 0 0 0 0 1.6143 1.8930 4.1204 -44.1463 5.2628 9.3267 -12.5194 0.6500
68 61 Car 0 0 0 0 0 0 0 1.3761 1.6094 3.9404 13.5349 3.2940 23.7270 -9.3596 0.8449
69 45 Car 0 0 0 0 0 0 0 1.6172 1.7103 4.3226 -0.1675 4.8973 52.0662 -14.6421 0.6039
69 0 Car 0 0 0 0 0 0 0 1.5370 1.7567 4.3160 15.6357 3.5549 10.8413 -12.4199 0.8742
69 1 Car 0 0 0 0 0 0 0 1.6130 1.9064 4.0660 -44.1544 5.2503 9.3243 -12.5347 0.6435
69 61 Car 0 0 0 0 0 0 0 1.3138 1.6428 4.0722 12.9767 3.3061 23.7237 -9.3438 0.8494
70 45 Car 0 0 0 0 0 0 0 1.5987 1.7353 4.3019 -0.5054 4.8575 52.8034 -14.5881 0.5016
70 0 Car 0 0 0 0 0 0 0 1.5382 1.7328 4.2613 16.7200 3.5200 10.6799 -12.4250 0.8481
70 1 Car 0 0 0 0 0 0 0 1.5897 1.9414 4.2246 -44.2817 5.2384 9.3230 -12.4981 0.6329
70 61 Car 0 0 0 0 0 0 0 1.3450 1.6172 3.9744 12.5768 3.3613 23.7547 -9.3641 0.8791
71 45 Car 0 0 0 0 0 0 0 1.6479 1.8318 4.6056 -0.8787 4.8401 53.7722 -14.4731 0.5997
71 0 Car 0 0 0 0 0 0 0 1.5388 1.7713 4.3087 17.9751 3.4783 10.5504 -12.4321 0.8422
71 1 Car 0 0 0 0 0 0 0 1.5960 1.9133 4.0490 -44.1316 5.2684 9.3358 -12.5197 0.6156
71 61 Car 0 0 0 0 0 0 0 1.3625 1.6141 4.0308 12.0343 3.3559 23.7562 -9.3559 0.8260
72 45 Car 0 0 0 0 0 0 0 1.5957 1.8743 4.6719 -1.0743 4.9713 54.5201 -14.5055 0.5759
72 0 Car 0 0 0 0 0 0 0 1.5268 1.6844 4.3329 19.1166 3.4564 10.3760 -12.4441 0.8498
72 1 Car 0 0 0 0 0 0 0 1.6156 1.9187 4.2590 -44.2757 5.2377 9.3131 -12.5107 0.6332
72 61 Car 0 0 0 0 0 0 0 1.3704 1.6412 4.0935 11.5647 3.3787 23.8020 -9.3536 0.8407
73 0 Car 0 0 0 0 0 0 0 1.5402 1.7534 4.3446 20.3549 3.4204 10.2467 -12.4277 0.8617
73 1 Car 0 0 0 0 0 0 0 1.6096 1.8897 4.0822 -44.1558 5.2572 9.3239 -12.5268 0.6428
73 61 Car 0 0 0 0 0 0 0 1.4104 1.6490 4.0756 10.9812 3.3785 23.8639 -9.3407 0.7996
74 0 Car 0 0 0 0 0 0 0 1.5259 1.7270 4.3281 21.4804 3.3661 10.0705 -12.4455 0.8810
74 1 Car 0 0 0 0 0 0 0 1.5989 1.9441 4.2450 -44.2528 5.2388 9.3255 -12.5082 0.6166
74 61 Car 0 0 0 0 0 0 0 1.4433 1.6955 4.2541 10.5202 3.4607 23.9223 -9.3385 0.7506
75 0 Car 0 0 0 0 0 0 0 1.5375 1.7252 4.2342 22.6181 3.3293 9.9600 -12.4430 0.8711
75 1 Car 0 0 0 0 0 0 0 1.6339 1.9248 4.2073 -44.2797 5.2152 9.3107 -12.5095 0.6284
75 61 Car 0 0 0 0 0 0 0 1.4099 1.6751 4.3530 10.0994 3.4161 23.9508 -9.3240 0.8024
76 0 Car 0 0 0 0 0 0 0 1.5732 1.8270 4.2294 23.7703 3.3062 9.8674 -12.4343 0.8746
76 1 Car 0 0 0 0 0 0 0 1.6292 1.9000 4.0959 -44.1583 5.2715 9.3257 -12.5157 0.6486
76 61 Car 0 0 0 0 0 0 0 1.3078 1.6565 4.2180 9.7834 3.3599 23.9468 -9.3445 0.7674
77 0 Car 0 0 0 0 0 0 0 1.5529 1.8444 4.3809 25.1811 3.2776 9.7618 -12.4542 0.8710
77 1 Car 0 0 0 0 0 0 0 1.5984 1.9529 4.2450 -44.3065 5.2436 9.3200 -12.5000 0.6222
77 61 Car 0 0 0 0 0 0 0 1.2639 1.6713 4.1734 9.4529 3.3510 23.9883 -9.3462 0.8087
78 0 Car 0 0 0 0 0 0 0 1.5615 1.8088 4.2710 26.3165 3.2554 9.6286 -12.4803 0.8608
78 1 Car 0 0 0 0 0 0 0 1.6144 1.9090 4.1086 -44.1585 5.2494 9.3278 -12.5280 0.6516
78 61 Car 0 0 0 0 0 0 0 1.2700 1.6736 4.1633 9.1007 3.3587 24.0368 -9.3246 0.8489
79 0 Car 0 0 0 0 0 0 0 1.5522 1.8410 4.5350 27.6158 3.2433 9.4968 -12.4778 0.8217
79 1 Car 0 0 0 0 0 0 0 1.5972 1.9338 4.2047 -44.2696 5.2388 9.3217 -12.4961 0.6200
79 61 Car 0 0 0 0 0 0 0 1.1980 1.6166 4.1779 8.8528 3.3166 24.0134 -9.3383 0.8540
80 0 Car 0 0 0 0 0 0 0 1.5252 1.8079 4.5227 28.8660 3.2222 9.3711 -12.4739 0.8146
80 1 Car 0 0 0 0 0 0 0 1.6217 1.9264 4.2499 -44.2457 5.2314 9.3058 -12.4963 0.6179
80 61 Car 0 0 0 0 0 0 0 1.3324 1.6849 4.0837 8.5095 3.4018 24.0553 -9.3378 0.8108
81 0 Car 0 0 0 0 0 0 0 1.5347 1.8059 4.5291 29.9862 3.1995 9.2916 -12.4812 0.8126
81 1 Car 0 0 0 0 0 0 0 1.6062 1.9326 4.2386 -44.2385 5.2381 9.3183 -12.4977 0.6163
81 61 Car 0 0 0 0 0 0 0 1.4656 1.7015 4.1343 8.2156 3.5242 24.0801 -9.3505 0.7825
82 0 Car 0 0 0 0 0 0 0 1.5627 1.7913 4.3931 31.2156 3.1654 9.1270 -12.4723 0.7466
82 1 Car 0 0 0 0 0 0 0 1.6001 1.9372 4.2765 -44.2427 5.2470 9.3182 -12.4981 0.6414
82 61 Car 0 0 0 0 0 0 0 1.3669 1.6470 4.0876 7.9262 3.4630 24.0891 -9.3420 0.8231
83 0 Car 0 0 0 0 0 0 0 1.5439 1.7054 4.3477 32.4347 3.1363 9.0744 -12.4923 0.7782
83 1 Car 0 0 0 0 0 0 0 1.6178 1.9404 4.2576 -44.2688 5.2309 9.3203 -12.5062 0.5879
83 61 Car 0 0 0 0 0 0 0 1.5487 1.7166 4.0793 7.6615 3.6092 24.1393 -9.3389 0.8177
84 0 Car 0 0 0 0 0 0 0 1.5445 1.7375 4.4445 33.6389 3.1218 9.0247 -12.4852 0.7671
84 1 Car 0 0 0 0 0 0 0 1.6002 1.9589 4.2494 -44.2461 5.2304 9.3238 -12.4997 0.6262
84 61 Car 0 0 0 0 0 0 0 1.5653 1.7446 4.0829 7.4545 3.6308 24.1330 -9.3357 0.8312
85 0 Car 0 0 0 0 0 0 0 1.5555 1.7282 4.4332 34.9248 3.0630 8.9473 -12.4690 0.7192
85 1 Car 0 0 0 0 0 0 0 1.6071 1.8863 4.1324 -44.1639 5.2605 9.3264 -12.5203 0.6160
85 61 Car 0 0 0 0 0 0 0 1.4587 1.6536 3.9024 7.2619 3.5797 24.1391 -9.3296 0.8540
86 0 Car 0 0 0 0 0 0 0 1.5591 1.7525 4.5676 36.3436 3.0494 8.8610 -12.4909 0.6875
86 1 Car 0 0 0 0 0 0 0 1.6122 1.9418 4.2497 -44.2520 5.2400 9.3202 -12.5047 0.6100
86 61 Car 0 0 0 0 0 0 0 1.4560 1.6987 3.9880 7.1311 3.5961 24.1406 -9.3528 0.8445
87 0 Car 0 0 0 0 0 0 0 1.5660 1.7591 4.3783 37.4909 3.0147 8.8240 -12.5117 0.6746
87 1 Car 0 0 0 0 0 0 0 1.6238 1.9031 4.0613 -44.1318 5.2562 9.3359 -12.5189 0.6154
87 61 Car 0 0 0 0 0 0 0 1.5165 1.7569 4.0127 6.9323 3.6772 24.2313 -9.3549 0.8597
88 0 Car 0 0 0 0 0 0 0 1.5381 1.7508 4.3390 38.6508 2.9774 8.8095 -12.5096 0.6689
88 1 Car 0 0 0 0 0 0 0 1.6060 1.9356 4.2426 -44.3032 5.2402 9.3136 -12.5025 0.5923
88 61 Car 0 0 0 0 0 0 0 1.4931 1.7516 3.9969 6.7198 3.6699 24.1978 -9.3807 0.8577
89 0 Car 0 0 0 0 0 0 0 1.5517 1.7605 4.3749 39.9928 2.9483 8.7442 -12.4865 0.7283
89 1 Car 0 0 0 0 0 0 0 1.6276 1.9024 4.1000 -44.1463 5.2596 9.3233 -12.5221 0.6598
89 61 Car 0 0 0 0 0 0 0 1.5101 1.7584 4.0597 6.5938 3.7123 24.2214 -9.3976 0.8786
90 0 Car 0 0 0 0 0 0 0 1.5496 1.8277 4.5961 41.4971 2.8947 8.7242 -12.5097 0.7706
90 1 Car 0 0 0 0 0 0 0 1.6210 1.8845 4.0706 -44.1528 5.2661 9.3206 -12.5241 0.6390
90 61 Car 0 0 0 0 0 0 0 1.5200 1.7505 4.0020 6.4100 3.7060 24.2448 -9.3650 0.8727
91 0 Car 0 0 0 0 0 0 0 1.5689 1.7784 4.2557 42.6660 2.8998 8.6596 -12.5146 0.7540
91 1 Car 0 0 0 0 0 0 0 1.6230 1.8920 4.1098 -44.1694 5.2497 9.3209 -12.5213 0.6340
91 61 Car 0 0 0 0 0 0 0 1.5178 1.7629 3.9379 6.2460 3.6950 24.2705 -9.3648 0.8621
92 0 Car 0 0 0 0 0 0 0 1.5485 1.7454 4.2876 43.9869 2.8279 8.6427 -12.5201 0.7365
92 1 Car 0 0 0 0 0 0 0 1.5943 1.9188 4.2720 -44.2546 5.2379 9.3121 -12.5021 0.6497
92 61 Car 0 0 0 0 0 0 0 1.4993 1.7303 3.9115 6.1546 3.6866 24.2556 -9.3520 0.8569
93 0 Car 0 0 0 0 0 0 0 1.5668 1.8102 4.5388 45.4604 2.8184 8.6436 -12.5506 0.6673
93 1 Car 0 0 0 0 0 0 0 1.6017 1.9331 4.2643 -44.2718 5.2336 9.3147 -12.5036 0.6230
93 61 Car 0 0 0 0 0 0 0 1.4886 1.7532 4.0615 6.0708 3.6883 24.2843 -9.3472 0.8440
94 0 Car 0 0 0 0 0 0 0 1.5663 1.8425 4.6581 46.8371 2.8318 8.6341 -12.5574 0.5857
94 1 Car 0 0 0 0 0 0 0 1.6129 1.8961 4.1251 -44.1466 5.2620 9.3193 -12.5155 0.6414
94 61 Car 0 0 0 0 0 0 0 1.4696 1.7156 4.0316 5.9245 3.6589 24.2377 -9.3483 0.8361
95 0 Car 0 0 0 0 0 0 0 1.5646 1.7542 4.4868 48.1296 2.8251 8.5431 -12.5551 0.5838
95 1 Car 0 0 0 0 0 0 0 1.6112 1.9342 4.2518 -44.2783 5.2352 9.3165 -12.5075 0.6491
95 61 Car 0 0 0 0 0 0 0 1.4810 1.7317 4.0477 5.8483 3.6490 24.2578 -9.3590 0.8239
96 0 Car 0 0 0 0 0 0 0 1.5629 1.7739 4.4692 49.3793 2.7863 8.5216 -12.5669 0.5727
96 1 Car 0 0 0 0 0 0 0 1.6010 1.9312 4.2208 -44.3077 5.2343 9.3140 -12.5095 0.6435
96 61 Car 0 0 0 0 0 0 0 1.5113 1.7593 4.0752 5.7499 3.6841 24.2964 -9.3629 0.8371
97 0 Car 0 0 0 0 0 0 0 1.5655 1.7809 4.6027 50.8322 2.7058 8.5658 -12.5522 0.6498
97 1 Car 0 0 0 0 0 0 0 1.6316 1.8942 4.0914 -44.1641 5.2483 9.3173 -12.5220 0.6423
97 61 Car 0 0 0 0 0 0 0 1.5343 1.7812 4.1020 5.7085 3.6899 24.3121 -9.3681 0.8414
98 0 Car 0 0 0 0 0 0 0 1.5420 1.6877 4.4293 52.0085 2.6648 8.5690 -12.5752 0.5875
98 1 Car 0 0 0 0 0 0 0 1.5844 1.9302 4.2295 -44.2598 5.2431 9.3191 -12.5103 0.6289
98 61 Car 0 0 0 0 0 0 0 1.5190 1.7747 4.0324 5.6774 3.6719 24.3108 -9.3582 0.8275
99 0 Car 0 0 0 0 0 0 0 1.5573 1.6801 4.4282 53.3994 2.6067 8.4581 -12.5579 0.5618
99 1 Car 0 0 0 0 0 0 0 1.6417 1.9227 4.0259 -44.1256 5.2404 9.3368 -12.5220 0.6409
99 61 Car 0 0 0 0 0 0 0 1.5337 1.7793 4.0674 5.6310 3.6851 24.3121 -9.3615 0.8323
100 0 Car 0 0 0 0 0 0 0 1.5269 1.7800 4.3726 54.7437 2.5929 8.4964 -12.5683 0.5352
100 1 Car 0 0 0 0 0 0 0 1.6149 1.9572 4.1807 -44.2782 5.2374 9.3251 -12.5022 0.6198
100 61 Car 0 0 0 0 0 0 0 1.5333 1.7717 4.1124 5.6087 3.6807 24.3297 -9.3530 0.8176
101 0 Car 0 0 0 0 0 0 0 1.5276 1.7260 4.4531 56.3169 2.5338 8.4887 -12.5789 0.5560
101 1 Car 0 0 0 0 0 0 0 1.5969 1.9251 4.2785 -44.2462 5.2370 9.3138 -12.5062 0.6462
101 61 Car 0 0 0 0 0 0 0 1.5242 1.7708 4.0365 5.5575 3.6765 24.3152 -9.3628 0.8034
102 1 Car 0 0 0 0 0 0 0 1.6177 1.9275 4.3000 -44.2507 5.2295 9.3157 -12.5118 0.6449
102 61 Car 0 0 0 0 0 0 0 1.5861 1.8033 4.0604 5.5209 3.6952 24.3377 -9.3597 0.8326
103 0 Car 0 0 0 0 0 0 0 1.5081 1.6840 4.5014 59.0250 2.3777 8.4487 -12.5571 0.5272
103 1 Car 0 0 0 0 0 0 0 1.6000 1.9435 4.2388 -44.2576 5.2392 9.3263 -12.5056 0.6198
103 61 Car 0 0 0 0 0 0 0 1.5336 1.7665 4.0204 5.4753 3.6753 24.3235 -9.3676 0.8119
104 1 Car 0 0 0 0 0 0 0 1.6109 1.9351 4.2301 -44.2917 5.2305 9.3091 -12.5034 0.6351
104 61 Car 0 0 0 0 0 0 0 1.4968 1.6632 4.0337 5.3998 3.6782 24.2914 -9.3444 0.8386
104 188 Car 0 0 0 0 0 0 0 1.7572 2.0435 4.2418 -15.1434 4.9876 59.3893 -10.7877 0.6495
105 1 Car 0 0 0 0 0 0 0 1.6092 1.9298 4.2443 -44.2790 5.2311 9.3096 -12.5050 0.6344
105 61 Car 0 0 0 0 0 0 0 1.4959 1.7396 3.9381 5.3753 3.6678 24.3046 -9.3590 0.8191
105 188 Car 0 0 0 0 0 0 0 1.6331 2.0066 4.0770 -15.2657 4.8904 58.3400 -10.7770 0.5605
106 1 Car 0 0 0 0 0 0 0 1.6142 1.9520 4.2763 -44.2460 5.2433 9.3235 -12.5040 0.6219
106 61 Car 0 0 0 0 0 0 0 1.4690 1.7311 3.9117 5.3522 3.6618 24.3048 -9.3501 0.8322
106 188 Car 0 0 0 0 0 0 0 1.5988 1.9854 4.1432 -15.5635 4.8999 57.2385 -10.7411 0.5124
107 1 Car 0 0 0 0 0 0 0 1.5752 1.9249 4.2201 -44.2427 5.2473 9.3171 -12.5007 0.6077
107 61 Car 0 0 0 0 0 0 0 1.5147 1.7599 4.0469 5.3428 3.6951 24.3223 -9.3576 0.8425
107 188 Car 0 0 0 0 0 0 0 1.6200 1.9678 4.1155 -15.6373 4.8740 56.4657 -10.7626 0.5221
108 1 Car 0 0 0 0 0 0 0 1.6082 1.8904 4.1146 -44.1669 5.2712 9.3243 -12.5290 0.6439
108 61 Car 0 0 0 0 0 0 0 1.4725 1.7456 4.0170 5.3344 3.6665 24.3399 -9.3457 0.8316
108 188 Car 0 0 0 0 0 0 0 1.7075 1.8803 4.0323 -15.8099 4.9094 55.3253 -10.7726 0.6018
109 1 Car 0 0 0 0 0 0 0 1.5948 1.9178 4.2764 -44.2784 5.2408 9.3080 -12.5011 0.6242
109 61 Car 0 0 0 0 0 0 0 1.5238 1.7816 4.0245 5.2585 3.6810 24.3427 -9.3484 0.8392
109 188 Car 0 0 0 0 0 0 0 1.7843 2.0067 4.2811 -16.0484 4.9417 54.5262 -10.7802 0.6414
110 1 Car 0 0 0 0 0 0 0 1.6040 1.9373 4.2223 -44.2437 5.2372 9.3244 -12.5020 0.6083
110 61 Car 0 0 0 0 0 0 0 1.4834 1.7039 3.9398 5.2583 3.6734 24.3124 -9.3428 0.8301
110 188 Car 0 0 0 0 0 0 0 1.5586 2.0109 4.1387 -16.1839 4.8846 53.5142 -10.8046 0.6816
111 1 Car 0 0 0 0 0 0 0 1.5923 1.9215 4.2688 -44.2672 5.2394 9.3125 -12.5037 0.6335
111 61 Car 0 0 0 0 0 0 0 1.5262 1.7682 4.0262 5.2500 3.6947 24.3324 -9.3548 0.8261
111 188 Car 0 0 0 0 0 0 0 1.7477 1.9287 4.0875 -16.3694 4.8429 52.5698 -10.7772 0.7823
112 1 Car 0 0 0 0 0 0 0 1.6113 1.8779 4.1051 -44.1458 5.2490 9.3224 -12.5212 0.6376
112 61 Car 0 0 0 0 0 0 0 1.4856 1.7225 3.9996 5.2626 3.6925 24.3152 -9.3412 0.8352
113 1 Car 0 0 0 0 0 0 0 1.6043 1.9457 4.2314 -44.2527 5.2362 9.3207 -12.4980 0.6262
113 61 Car 0 0 0 0 0 0 0 1.5016 1.7465 3.9854 5.2370 3.6817 24.3239 -9.3495 0.8220
113 188 Car 0 0 0 0 0 0 0 1.5750 1.9517 4.1239 -16.7686 4.8005 50.7541 -10.7895 0.5461
114 1 Car 0 0 0 0 0 0 0 1.6247 1.9305 4.2607 -44.2797 5.2239 9.3133 -12.5051 0.6236
114 61 Car 0 0 0 0 0 0 0 1.4876 1.7127 3.9662 5.2391 3.6793 24.3150 -9.3457 0.8381
114 188 Car 0 0 0 0 0 0 0 1.5971 1.9722 4.2430 -16.8569 4.8344 49.9696 -10.8224 0.5757
115 1 Car 0 0 0 0 0 0 0 1.6220 1.9049 4.0728 -44.1395 5.2534 9.3355 -12.5153 0.6359
115 61 Car 0 0 0 0 0 0 0 1.4988 1.7587 3.9853 5.2595 3.6867 24.3289 -9.3518 0.8314
115 188 Car 0 0 0 0 0 0 0 1.7323 1.9947 4.2937 -16.9609 4.9489 49.1613 -10.8094 0.6375
116 1 Car 0 0 0 0 0 0 0 1.5972 1.9451 4.2641 -44.2685 5.2449 9.3122 -12.5040 0.6455
116 61 Car 0 0 0 0 0 0 0 1.4911 1.7125 3.9373 5.2613 3.6807 24.3005 -9.3525 0.8261
116 188 Car 0 0 0 0 0 0 0 1.6784 1.9938 4.2165 -17.0400 4.8739 48.2839 -10.8059 0.7482
117 1 Car 0 0 0 0 0 0 0 1.6091 1.9234 4.2488 -44.2934 5.2277 9.3098 -12.5039 0.6228
117 61 Car 0 0 0 0 0 0 0 1.4898 1.7693 4.0012 5.2492 3.6901 24.3352 -9.3463 0.8411
117 188 Car 0 0 0 0 0 0 0 1.6973 1.9599 4.2203 -17.2088 4.8416 47.4235 -10.8239 0.8363
118 1 Car 0 0 0 0 0 0 0 1.6082 1.9310 4.2634 -44.2689 5.2365 9.3184 -12.5056 0.6567
118 61 Car 0 0 0 0 0 0 0 1.4936 1.7589 4.0426 5.3098 3.6800 24.3230 -9.3569 0.8198
118 188 Car 0 0 0 0 0 0 0 1.7456 1.9569 4.2520 -17.3088 4.8638 46.5482 -10.8226 0.8372
119 1 Car 0 0 0 0 0 0 0 1.6010 1.8952 4.1425 -44.1531 5.2651 9.3286 -12.5232 0.6415
119 61 Car 0 0 0 0 0 0 0 1.4845 1.7146 3.9519 5.2753 3.6738 24.2975 -9.3483 0.8283
119 188 Car 0 0 0 0 0 0 0 1.8230 2.0078 4.4230 -17.3896 4.8750 45.9481 -10.8589 0.7899
120 1 Car 0 0 0 0 0 0 0 1.6070 1.9291 4.2771 -44.2822 5.2450 9.3142 -12.4970 0.6136
120 61 Car 0 0 0 0 0 0 0 1.4986 1.7721 4.0395 5.2495 3.6911 24.3416 -9.3583 0.8249
120 188 Car 0 0 0 0 0 0 0 1.7969 2.0293 4.2688 -17.4927 4.8334 45.0113 -10.8555 0.8581
121 1 Car 0 0 0 0 0 0 0 1.5937 1.9204 4.3113 -44.2557 5.2411 9.3165 -12.4977 0.6269
121 61 Car 0 0 0 0 0 0 0 1.4981 1.7428 3.9872 5.2717 3.6716 24.3374 -9.3435 0.8415
121 188 Car 0 0 0 0 0 0 0 1.7609 2.0364 4.3787 -17.5531 4.8036 44.2826 -10.8921 0.8519
122 1 Car 0 0 0 0 0 0 0 1.6086 1.9196 4.2415 -44.2580 5.2400 9.3152 -12.5077 0.6411
122 61 Car 0 0 0 0 0 0 0 1.5065 1.7973 4.0578 5.3002 3.6813 24.3450 -9.3620 0.8309
122 188 Car 0 0 0 0 0 0 0 1.8650 2.0284 4.4345 -17.5935 4.8211 43.6228 -10.8718 0.9070
123 1 Car 0 0 0 0 0 0 0 1.6107 1.9287 4.2426 -44.2568 5.2438 9.3161 -12.5017 0.6070
123 61 Car 0 0 0 0 0 0 0 1.4887 1.7151 3.9641 5.2599 3.6882 24.3086 -9.3466 0.8411
123 188 Car 0 0 0 0 0 0 0 1.8471 2.0157 4.5186 -17.6405 4.8152 42.9004 -10.8647 0.8835
124 1 Car 0 0 0 0 0 0 0 1.6314 1.9035 4.0733 -44.1394 5.2589 9.3266 -12.5208 0.6697
124 61 Car 0 0 0 0 0 0 0 1.4985 1.7924 4.0848 5.3112 3.6824 24.3394 -9.3645 0.8253
124 188 Car 0 0 0 0 0 0 0 1.8172 2.0581 4.4750 -17.6894 4.8109 42.2311 -10.8780 0.8909
125 1 Car 0 0 0 0 0 0 0 1.5989 1.9171 4.2664 -44.2551 5.2318 9.3109 -12.5080 0.6377
125 61 Car 0 0 0 0 0 0 0 1.5029 1.8179 4.0565 5.2473 3.6816 24.3573 -9.3573 0.8401
125 188 Car 0 0 0 0 0 0 0 1.7926 2.0334 4.4164 -17.7192 4.7995 41.5528 -10.8971 0.8532
126 1 Car 0 0 0 0 0 0 0 1.6206 1.9342 4.2843 -44.2780 5.2230 9.3164 -12.5089 0.6584
126 61 Car 0 0 0 0 0 0 0 1.4707 1.7532 4.0524 5.2932 3.6713 24.3148 -9.3605 0.8256
126 188 Car 0 0 0 0 0 0 0 1.7708 2.0271 4.4259 -17.7612 4.7723 40.9095 -10.9195 0.8918
127 1 Car 0 0 0 0 0 0 0 1.6170 1.9175 4.2597 -44.2513 5.2324 9.3110 -12.5014 0.6347
127 61 Car 0 0 0 0 0 0 0 1.4705 1.7296 3.9641 5.2735 3.6648 24.3141 -9.3515 0.8276
127 188 Car 0 0 0 0 0 0 0 1.8064 2.0339 4.4395 -17.7669 4.7839 40.2444 -10.9437 0.8791
128 1 Car 0 0 0 0 0 0 0 1.6110 1.9180 4.2764 -44.2631 5.2339 9.3097 -12.5046 0.6345
128 61 Car 0 0 0 0 0 0 0 1.5028 1.7550 4.0242 5.3272 3.6778 24.3142 -9.3611 0.8327
128 188 Car 0 0 0 0 0 0 0 1.7727 2.0583 4.4853 -17.8024 4.7656 39.5504 -10.9417 0.8957
129 1 Car 0 0 0 0 0 0 0 1.6081 1.8847 4.1281 -44.1683 5.2467 9.3239 -12.5228 0.6346
129 61 Car 0 0 0 0 0 0 0 1.5184 1.7627 4.0446 5.2676 3.6812 24.3245 -9.3537 0.8334
129 188 Car 0 0 0 0 0 0 0 1.7795 2.0381 4.4311 -17.8095 4.7510 38.9019 -10.9660 0.9023
130 1 Car 0 0 0 0 0 0 0 1.6021 1.9378 4.2180 -44.2591 5.2251 9.3222 -12.5123 0.6366
130 61 Car 0 0 0 0 0 0 0 1.5057 1.7838 4.0376 5.2752 3.6790 24.3366 -9.3611 0.8090
130 188 Car 0 0 0 0 0 0 0 1.7791 2.0436 4.4810 -17.8247 4.7467 38.2542 -10.9758 0.9073
131 1 Car 0 0 0 0 0 0 0 1.6205 1.9312 4.2823 -44.2965 5.2274 9.3148 -12.5103 0.6194
131 61 Car 0 0 0 0 0 0 0 1.4756 1.7703 4.0016 5.2724 3.6692 24.3248 -9.3550 0.8165
131 188 Car 0 0 0 0 0 0 0 1.8210 2.0053 4.5115 -17.7854 4.7467 37.5757 -10.9877 0.8959
132 1 Car 0 0 0 0 0 0 0 1.6086 1.8882 4.0943 -44.1495 5.2556 9.3196 -12.5193 0.6588
132 61 Car 0 0 0 0 0 0 0 1.4921 1.7094 3.9930 5.3250 3.6738 24.3025 -9.3456 0.8335
132 188 Car 0 0 0 0 0 0 0 1.7184 2.0206 4.4716 -17.7936 4.7276 36.9432 -10.9877 0.9257
133 1 Car 0 0 0 0 0 0 0 1.6095 1.9418 4.2503 -44.3003 5.2395 9.3204 -12.5057 0.6200
133 61 Car 0 0 0 0 0 0 0 1.4990 1.6881 3.9905 5.2753 3.6836 24.3190 -9.3352 0.8468
133 188 Car 0 0 0 0 0 0 0 1.7746 2.0240 4.4815 -17.7767 4.7222 36.3454 -10.9933 0.9247
134 1 Car 0 0 0 0 0 0 0 1.6290 1.9214 4.3039 -44.2598 5.2266 9.3093 -12.5074 0.6386
134 61 Car 0 0 0 0 0 0 0 1.5075 1.6995 3.9744 5.2448 3.6948 24.3194 -9.3437 0.8449
134 188 Car 0 0 0 0 0 0 0 1.8112 2.0567 4.6049 -17.7361 4.7352 35.7900 -11.0186 0.9148
135 1 Car 0 0 0 0 0 0 0 1.6206 1.8900 4.0753 -44.1566 5.2667 9.3246 -12.5200 0.6393
135 61 Car 0 0 0 0 0 0 0 1.5210 1.7838 4.0081 5.2650 3.6800 24.3373 -9.3531 0.8261
135 188 Car 0 0 0 0 0 0 0 1.8556 2.0642 4.5992 -17.6762 4.7454 35.1471 -11.0443 0.9323
136 1 Car 0 0 0 0 0 0 0 1.6011 1.9479 4.2367 -44.2631 5.2375 9.3243 -12.5112 0.6130
136 61 Car 0 0 0 0 0 0 0 1.5309 1.8047 4.0576 5.2425 3.6876 24.3542 -9.3555 0.8196
136 188 Car 0 0 0 0 0 0 0 1.7697 2.0130 4.5405 -17.6084 4.6818 34.4760 -11.0473 0.9428
137 1 Car 0 0 0 0 0 0 0 1.6054 1.9349 4.2119 -44.2667 5.2384 9.3201 -12.5004 0.6240
137 61 Car 0 0 0 0 0 0 0 1.4757 1.7353 4.0192 5.2959 3.6714 24.3212 -9.3500 0.8364
137 188 Car 0 0 0 0 0 0 0 1.8120 2.0048 4.5188 -17.5416 4.6889 33.9018 -11.0381 0.9332
138 1 Car 0 0 0 0 0 0 0 1.6162 1.9136 4.1063 -44.1213 5.2529 9.3413 -12.5126 0.5950
138 61 Car 0 0 0 0 0 0 0 1.5043 1.7603 4.0835 5.2983 3.6835 24.3280 -9.3474 0.8319
138 188 Car 0 0 0 0 0 0 0 1.8205 2.0027 4.6214 -17.4890 4.6650 33.2426 -11.0514 0.9258
139 1 Car 0 0 0 0 0 0 0 1.6140 1.9443 4.2277 -44.2199 5.2234 9.3261 -12.4986 0.6295
139 61 Car 0 0 0 0 0 0 0 1.4848 1.7489 3.9981 5.2796 3.6724 24.3378 -9.3469 0.8493
139 188 Car 0 0 0 0 0 0 0 1.8243 2.0182 4.5162 -17.4274 4.6641 32.6689 -11.0667 0.9175
140 1 Car 0 0 0 0 0 0 0 1.6129 1.8825 4.1807 -44.1371 5.2547 9.3204 -12.5281 0.6287
140 61 Car 0 0 0 0 0 0 0 1.5166 1.7639 4.0377 5.2426 3.6915 24.3429 -9.3416 0.8372
140 188 Car 0 0 0 0 0 0 0 1.8447 2.0137 4.4732 -17.3355 4.6290 32.0296 -11.0721 0.9221
141 1 Car 0 0 0 0 0 0 0 1.6384 1.9005 4.1801 -44.1029 5.2325 9.3270 -12.5354 0.6562
141 61 Car 0 0 0 0 0 0 0 1.4920 1.7139 3.9717 5.2834 3.6847 24.3066 -9.3461 0.8289
141 188 Car 0 0 0 0 0 0 0 1.8426 2.0035 4.5292 -17.3437 4.6269 31.4566 -11.0831 0.8941
142 1 Car 0 0 0 0 0 0 0 1.6307 1.9305 4.1649 -44.1446 5.2269 9.3384 -12.5531 0.6352
142 61 Car 0 0 0 0 0 0 0 1.4969 1.7026 3.9555 5.2790 3.6911 24.3116 -9.3407 0.8347
142 188 Car 0 0 0 0 0 0 0 1.7901 1.9927 4.6310 -17.1792 4.5921 30.8916 -11.1130 0.8992
143 1 Car 0 0 0 0 0 0 0 1.6341 1.8995 4.1701 -44.1147 5.2489 9.3223 -12.5393 0.6172
143 61 Car 0 0 0 0 0 0 0 1.4913 1.7112 3.9754 5.2638 3.6835 24.3168 -9.3491 0.8213
143 188 Car 0 0 0 0 0 0 0 1.7857 1.9834 4.5122 -17.0593 4.5917 30.3034 -11.1297 0.9068
144 1 Car 0 0 0 0 0 0 0 1.6205 1.9293 4.2025 -44.0907 5.2549 9.3368 -12.5266 0.6695
144 61 Car 0 0 0 0 0 0 0 1.4970 1.7327 3.9801 5.2611 3.6827 24.3275 -9.3438 0.8353
144 188 Car 0 0 0 0 0 0 0 1.7838 2.0452 4.4953 -17.0229 4.5831 29.7649 -11.1637 0.9209
145 1 Car 0 0 0 0 0 0 0 1.5796 1.9237 4.3120 -44.1321 5.2470 9.3216 -12.5125 0.5888
145 61 Car 0 0 0 0 0 0 0 1.5399 1.7843 4.0434 5.2750 3.6943 24.3438 -9.3490 0.8346
145 188 Car 0 0 0 0 0 0 0 1.8027 2.0344 4.7154 -16.8631 4.5523 29.2409 -11.1613 0.9168
146 1 Car 0 0 0 0 0 0 0 1.5742 1.9444 4.3927 -44.0519 5.2383 9.3255 -12.5115 0.5553
146 61 Car 0 0 0 0 0 0 0 1.5135 1.7622 4.0643 5.3000 3.6943 24.3174 -9.3620 0.8382
146 188 Car 0 0 0 0 0 0 0 1.7316 1.9862 4.6575 -16.7257 4.5380 28.6162 -11.1754 0.8961
147 1 Car 0 0 0 0 0 0 0 1.6021 1.8939 4.3583 -43.9172 5.1946 9.3491 -12.5110 0.5403
147 61 Car 0 0 0 0 0 0 0 1.5034 1.7800 4.0572 5.3021 3.6739 24.3417 -9.3555 0.8143
147 188 Car 0 0 0 0 0 0 0 1.7286 1.9571 4.4610 -16.5885 4.4907 28.0357 -11.2086 0.8953
148 1 Car 0 0 0 0 0 0 0 1.6110 1.8875 4.3411 -43.8426 5.1888 9.3405 -12.5275 0.5470
148 61 Car 0 0 0 0 0 0 0 1.5288 1.7375 4.0070 5.2542 3.6969 24.3230 -9.3474 0.8428
148 188 Car 0 0 0 0 0 0 0 1.8087 1.9631 4.3930 -16.4411 4.5180 27.4321 -11.2232 0.9256
149 1 Car 0 0 0 0 0 0 0 1.6921 1.9963 4.3050 -43.7598 5.1964 9.3986 -12.5390 0.5629
149 61 Car 0 0 0 0 0 0 0 1.5245 1.7510 4.0316 5.2563 3.6914 24.3260 -9.3522 0.8387
149 188 Car 0 0 0 0 0 0 0 1.8149 2.0100 4.6737 -16.2644 4.4835 26.9534 -11.2366 0.9309
150 1 Car 0 0 0 0 0 0 0 1.6896 1.9734 4.2797 -43.6567 5.1921 9.3561 -12.5215 0.5713
150 61 Car 0 0 0 0 0 0 0 1.5026 1.7770 4.0394 5.2559 3.6883 24.3479 -9.3496 0.8361
150 188 Car 0 0 0 0 0 0 0 1.7520 1.9650 4.6430 -16.0603 4.4844 26.4227 -11.2615 0.9226
151 1 Car 0 0 0 0 0 0 0 1.6633 1.9906 4.2610 -43.5527 5.1925 9.3491 -12.5116 0.6287
151 61 Car 0 0 0 0 0 0 0 1.5180 1.7594 3.9855 5.2698 3.6820 24.3330 -9.3482 0.8318
151 188 Car 0 0 0 0 0 0 0 1.7599 2.0208 4.5792 -15.9505 4.4494 25.9034 -11.2944 0.8887
152 1 Car 0 0 0 0 0 0 0 1.6385 1.9310 4.2823 -43.3830 5.2047 9.3348 -12.5140 0.6009
152 61 Car 0 0 0 0 0 0 0 1.5017 1.7041 3.9643 5.2678 3.6814 24.3145 -9.3346 0.8390
152 188 Car 0 0 0 0 0 0 0 1.7573 1.9975 4.5685 -15.7526 4.4516 25.4253 -11.3060 0.9045
153 1 Car 0 0 0 0 0 0 0 1.6051 1.9475 4.2936 -43.2329 5.2103 9.3189 -12.5065 0.6027
153 61 Car 0 0 0 0 0 0 0 1.4832 1.7092 3.9893 5.2471 3.6742 24.3224 -9.3415 0.8281
153 188 Car 0 0 0 0 0 0 0 1.7637 1.9971 4.6223 -15.4996 4.4353 24.9241 -11.2994 0.9093
154 1 Car 0 0 0 0 0 0 0 1.5721 1.9434 4.3968 -43.1540 5.2381 9.3009 -12.5228 0.6965
154 61 Car 0 0 0 0 0 0 0 1.4897 1.7191 4.0515 5.3316 3.6862 24.3119 -9.3467 0.8385
154 188 Car 0 0 0 0 0 0 0 1.8229 2.0508 4.4933 -15.3254 4.4405 24.4080 -11.3201 0.9168
155 1 Car 0 0 0 0 0 0 0 1.5699 1.9505 4.3923 -43.0377 5.2404 9.2834 -12.5078 0.7602
155 61 Car 0 0 0 0 0 0 0 1.4951 1.7344 4.0510 5.2925 3.6838 24.3205 -9.3497 0.8344
155 188 Car 0 0 0 0 0 0 0 1.8750 2.1081 4.6971 -15.0939 4.4705 23.9599 -11.4093 0.9333
156 1 Car 0 0 0 0 0 0 0 1.5539 1.9935 4.3850 -42.9296 5.2358 9.2858 -12.5170 0.7412
156 61 Car 0 0 0 0 0 0 0 1.5302 1.8098 4.0779 5.2490 3.6967 24.3527 -9.3561 0.8304
156 188 Car 0 0 0 0 0 0 0 1.9233 2.1325 4.8321 -14.8548 4.4687 23.4137 -11.4385 0.9182
157 1 Car 0 0 0 0 0 0 0 1.5545 1.9418 4.3546 -42.6861 5.2024 9.3251 -12.4945 0.6797
157 61 Car 0 0 0 0 0 0 0 1.4838 1.7368 3.9835 5.2515 3.6785 24.3175 -9.3478 0.8417
157 188 Car 0 0 0 0 0 0 0 1.8140 2.0967 4.5854 -14.6180 4.4135 22.9033 -11.4498 0.9213
158 1 Car 0 0 0 0 0 0 0 1.5121 1.9742 4.4562 -42.5297 5.2226 9.3386 -12.4979 0.6640
158 61 Car 0 0 0 0 0 0 0 1.5006 1.7034 3.9742 5.2813 3.6756 24.3085 -9.3452 0.8436
158 188 Car 0 0 0 0 0 0 0 1.8271 2.0494 4.4102 -14.3453 4.4135 22.4936 -11.4779 0.9232
159 1 Car 0 0 0 0 0 0 0 1.5445 1.9767 4.3783 -42.3778 5.1986 9.2966 -12.4895 0.7340
159 61 Car 0 0 0 0 0 0 0 1.5198 1.7780 4.0328 5.2461 3.6894 24.3530 -9.3482 0.8372
159 188 Car 0 0 0 0 0 0 0 1.8648 2.0449 4.3807 -14.1076 4.4030 22.0347 -11.4973 0.8800
160 1 Car 0 0 0 0 0 0 0 1.5443 1.9703 4.3211 -42.1249 5.2018 9.3048 -12.4856 0.7407
160 61 Car 0 0 0 0 0 0 0 1.4919 1.7279 4.0234 5.2552 3.6884 24.3382 -9.3391 0.8399
160 188 Car 0 0 0 0 0 0 0 1.8666 2.0205 4.6164 -13.7987 4.3806 21.6024 -11.5414 0.8827
160 248 Car 0 0 0 0 0 0 0 2.1124 1.7627 4.7333 -50.3883 5.4563 9.6443 -12.5336 0.5138
161 1 Car 0 0 0 0 0 0 0 1.5417 1.9812 4.3783 -41.9288 5.2105 9.2774 -12.5029 0.7950
161 61 Car 0 0 0 0 0 0 0 1.4819 1.7268 3.9776 5.2772 3.6598 24.3265 -9.3450 0.8311
161 188 Car 0 0 0 0 0 0 0 1.8771 2.0448 4.7868 -13.6280 4.3748 21.2688 -11.5951 0.8569
