10 2 Car 0 0 0 0 0 0 0 1.5753 1.6706 3.8920 7.8006 3.8024 27.0094 -9.3717 0.7622
10 0 Car 0 0 0 0 0 0 0 1.3901 1.7109 4.0558 8.5572 3.3556 23.5394 -9.3663 0.8598
10 1 Car 0 0 0 0 0 0 0 1.4712 1.7963 4.4534 16.0403 3.5952 26.6037 -9.3518 0.8522
11 2 Car 0 0 0 0 0 0 0 1.5652 1.6794 3.8092 7.7729 3.7949 27.0115 -9.3732 0.7657
11 0 Car 0 0 0 0 0 0 0 1.3845 1.7208 4.0651 8.4774 3.3411 23.6184 -9.3618 0.8517
11 1 Car 0 0 0 0 0 0 0 1.4693 1.6779 4.3594 16.0605 3.5920 26.5309 -9.3487 0.8593
12 2 Car 0 0 0 0 0 0 0 1.5656 1.6765 3.9151 7.7876 3.7964 27.0026 -9.3511 0.7772
12 0 Car 0 0 0 0 0 0 0 1.3747 1.6871 3.9574 8.5559 3.3159 23.5307 -9.3653 0.8652
12 1 Car 0 0 0 0 0 0 0 1.4864 1.7469 4.4325 16.0491 3.6199 26.5698 -9.3520 0.8462
13 2 Car 0 0 0 0 0 0 0 1.5732 1.6780 3.8827 7.7846 3.7961 27.0133 -9.3795 0.7978
13 0 Car 0 0 0 0 0 0 0 1.3826 1.7365 4.1220 8.5074 3.3358 23.5579 -9.3708 0.8565
13 1 Car 0 0 0 0 0 0 0 1.4797 1.7355 4.3732 16.0946 3.6012 26.5627 -9.3562 0.8421
14 2 Car 0 0 0 0 0 0 0 1.5949 1.6053 3.7023 7.7556 3.8281 27.0535 -9.3602 0.7899
14 0 Car 0 0 0 0 0 0 0 1.4007 1.7624 4.1492 8.5126 3.3508 23.6289 -9.3722 0.8451
14 1 Car 0 0 0 0 0 0 0 1.4817 1.7398 4.4068 16.0391 3.6071 26.5754 -9.3552 0.8594
15 2 Car 0 0 0 0 0 0 0 1.5682 1.6844 3.8625 7.7703 3.7946 27.0278 -9.3703 0.7938
15 0 Car 0 0 0 0 0 0 0 1.4029 1.7481 4.1282 8.4880 3.3626 23.6203 -9.3698 0.8472
15 1 Car 0 0 0 0 0 0 0 1.4848 1.7877 4.4614 16.0450 3.6205 26.5937 -9.3542 0.8555
16 2 Car 0 0 0 0 0 0 0 1.5669 1.6744 3.8389 7.7903 3.7954 27.0237 -9.3763 0.7871
16 0 Car 0 0 0 0 0 0 0 1.3998 1.7568 4.1263 8.5234 3.3596 23.5823 -9.3452 0.8682
16 1 Car 0 0 0 0 0 0 0 1.4707 1.7812 4.4645 16.0576 3.6054 26.5910 -9.3528 0.8587
17 2 Car 0 0 0 0 0 0 0 1.5731 1.6767 3.8897 7.7764 3.8043 27.0333 -9.3642 0.7980
17 0 Car 0 0 0 0 0 0 0 1.4180 1.7310 4.0902 8.4554 3.3671 23.6346 -9.3521 0.8459
17 1 Car 0 0 0 0 0 0 0 1.4737 1.7997 4.4626 16.0584 3.6127 26.5930 -9.3628 0.8560
18 2 Car 0 0 0 0 0 0 0 1.5840 1.6679 3.8785 7.7349 3.8132 27.0243 -9.3667 0.7895
18 0 Car 0 0 0 0 0 0 0 1.3912 1.7242 4.0121 8.4949 3.3417 23.5798 -9.3607 0.8612
18 1 Car 0 0 0 0 0 0 0 1.4756 1.7444 4.4514 16.1180 3.6143 26.5636 -9.3553 0.8421
19 2 Car 0 0 0 0 0 0 0 1.5828 1.6828 3.9205 7.7775 3.8149 27.0218 -9.3705 0.7919
19 0 Car 0 0 0 0 0 0 0 1.4228 1.7510 4.1131 8.4689 3.3729 23.6388 -9.3650 0.8574
19 1 Car 0 0 0 0 0 0 0 1.4949 1.6454 4.3468 16.0667 3.6004 26.5093 -9.3628 0.8548
20 2 Car 0 0 0 0 0 0 0 1.5943 1.6826 3.9210 7.8674 3.8244 27.0112 -9.3519 0.8097
20 0 Car 0 0 0 0 0 0 0 1.4321 1.7504 4.0678 8.4545 3.3835 23.6257 -9.3841 0.8444
20 1 Car 0 0 0 0 0 0 0 1.4795 1.7968 4.4678 16.0395 3.6088 26.5868 -9.3566 0.8554
21 2 Car 0 0 0 0 0 0 0 1.5800 1.6954 3.8746 7.8561 3.8029 27.0052 -9.3598 0.8095
21 0 Car 0 0 0 0 0 0 0 1.4097 1.7327 4.1104 8.5280 3.3511 23.5717 -9.3694 0.8485
21 1 Car 0 0 0 0 0 0 0 1.4783 1.7856 4.4710 16.0573 3.6113 26.5938 -9.3532 0.8535
22 2 Car 0 0 0 0 0 0 0 1.6242 1.6323 3.7451 7.8115 3.8501 27.0302 -9.3508 0.7970
22 0 Car 0 0 0 0 0 0 0 1.4073 1.7440 4.0695 8.4562 3.3549 23.6282 -9.3588 0.8590
22 1 Car 0 0 0 0 0 0 0 1.4742 1.7629 4.4922 16.1663 3.6179 26.5506 -9.3528 0.8318
23 2 Car 0 0 0 0 0 0 0 1.6255 1.5958 3.7178 7.7458 3.8411 27.0467 -9.3764 0.8158
23 0 Car 0 0 0 0 0 0 0 1.3819 1.7373 4.1120 8.5188 3.3289 23.5961 -9.3567 0.8512
23 1 Car 0 0 0 0 0 0 0 1.4760 1.7933 4.4765 16.0399 3.5951 26.5867 -9.3539 0.8570
24 2 Car 0 0 0 0 0 0 0 1.5846 1.6782 3.9167 7.7816 3.7971 27.0094 -9.3578 0.8023
24 0 Car 0 0 0 0 0 0 0 1.3478 1.7247 4.0243 8.5333 3.3153 23.5652 -9.3681 0.8602
24 1 Car 0 0 0 0 0 0 0 1.4687 1.8060 4.4790 16.0321 3.6093 26.6042 -9.3467 0.8573
25 2 Car 0 0 0 0 0 0 0 1.6145 1.6152 3.7034 7.7646 3.8437 27.0508 -9.3603 0.7925
25 0 Car 0 0 0 0 0 0 0 1.4086 1.6980 3.9116 8.5194 3.3456 23.5441 -9.3798 0.8800
25 1 Car 0 0 0 0 0 0 0 1.4662 1.8020 4.4746 16.0321 3.5986 26.5942 -9.3567 0.8548
26 2 Car 0 0 0 0 0 0 0 1.5871 1.6877 3.8620 7.8481 3.8100 27.0165 -9.3649 0.8130
26 0 Car 0 0 0 0 0 0 0 1.4068 1.7561 4.1011 8.4848 3.3460 23.6355 -9.3830 0.8540
26 1 Car 0 0 0 0 0 0 0 1.4692 1.7281 4.4384 16.1898 3.6206 26.5362 -9.3644 0.8541
27 2 Car 0 0 0 0 0 0 0 1.5965 1.7055 3.8977 7.8440 3.8163 27.0044 -9.3574 0.7929
27 0 Car 0 0 0 0 0 0 0 1.4493 1.7631 4.0636 8.4348 3.3999 23.6339 -9.3770 0.8679
27 1 Car 0 0 0 0 0 0 0 1.4780 1.7890 4.4638 16.0590 3.5830 26.5840 -9.3543 0.8553
28 2 Car 0 0 0 0 0 0 0 1.6180 1.6338 3.6988 7.8126 3.8485 27.0431 -9.3593 0.8043
28 0 Car 0 0 0 0 0 0 0 1.4425 1.7637 4.1487 8.4803 3.3913 23.6254 -9.3618 0.8353
28 1 Car 0 0 0 0 0 0 0 1.4768 1.7682 4.4817 16.1684 3.6181 26.5628 -9.3508 0.8432
29 2 Car 0 0 0 0 0 0 0 1.6139 1.6219 3.6665 7.7691 3.8446 27.0207 -9.3667 0.8052
29 0 Car 0 0 0 0 0 0 0 1.3806 1.7497 4.0810 8.4874 3.3411 23.6338 -9.3614 0.8464
29 1 Car 0 0 0 0 0 0 0 1.4790 1.7727 4.4324 16.0824 3.6032 26.5829 -9.3518 0.8481
30 2 Car 0 0 0 0 0 0 0 1.6098 1.6190 3.6563 7.7514 3.8414 27.0562 -9.3690 0.8095
30 0 Car 0 0 0 0 0 0 0 1.3874 1.7467 4.0762 8.4906 3.3341 23.6260 -9.3646 0.8649
30 1 Car 0 0 0 0 0 0 0 1.4878 1.7263 4.4487 16.1531 3.6164 26.5377 -9.3544 0.8435
31 2 Car 0 0 0 0 0 0 0 1.5778 1.6895 3.8527 7.7963 3.8036 27.0119 -9.3714 0.8119
31 0 Car 0 0 0 0 0 0 0 1.3815 1.7512 4.1071 8.4810 3.3437 23.6151 -9.3764 0.8477
31 1 Car 0 0 0 0 0 0 0 1.4811 1.7917 4.5097 16.0998 3.6104 26.5785 -9.3514 0.8384
32 2 Car 0 0 0 0 0 0 0 1.6033 1.6407 3.6512 7.7550 3.8343 27.0623 -9.3748 0.7850
32 0 Car 0 0 0 0 0 0 0 1.3498 1.7190 4.0664 8.5488 3.3045 23.5489 -9.3641 0.8722
32 1 Car 0 0 0 0 0 0 0 1.4728 1.6801 4.3978 16.1169 3.6128 26.5259 -9.3499 0.8495
33 2 Car 0 0 0 0 0 0 0 1.5721 1.6839 3.8806 7.7555 3.7925 27.0187 -9.3615 0.7908
33 0 Car 0 0 0 0 0 0 0 1.4318 1.7345 4.1285 8.4790 3.3833 23.6208 -9.3596 0.8474
33 1 Car 0 0 0 0 0 0 0 1.4719 1.7926 4.4472 16.0490 3.5881 26.5864 -9.3539 0.8479
34 2 Car 0 0 0 0 0 0 0 1.5636 1.6859 3.8291 7.7533 3.7936 27.0089 -9.3576 0.7705
34 0 Car 0 0 0 0 0 0 0 1.4432 1.7348 4.1112 8.4898 3.3915 23.6252 -9.3628 0.8409
34 1 Car 0 0 0 0 0 0 0 1.4699 1.7964 4.4595 16.0454 3.5838 26.6004 -9.3604 0.8476
35 2 Car 0 0 0 0 0 0 0 1.6094 1.6112 3.7114 7.7421 3.8410 27.0666 -9.3766 0.8070
35 0 Car 0 0 0 0 0 0 0 1.3865 1.7382 4.0728 8.4918 3.3398 23.6217 -9.3540 0.8491
35 1 Car 0 0 0 0 0 0 0 1.4642 1.7834 4.5126 16.1674 3.6277 26.5558 -9.3543 0.8559
36 2 Car 0 0 0 0 0 0 0 1.5982 1.6130 3.7014 7.7506 3.8368 27.0514 -9.3677 0.7951
36 0 Car 0 0 0 0 0 0 0 1.3753 1.7379 4.0584 8.4467 3.3370 23.6362 -9.3676 0.8504
36 1 Car 0 0 0 0 0 0 0 1.4829 1.7221 4.4396 16.1719 3.6240 26.5370 -9.3541 0.8495
37 2 Car 0 0 0 0 0 0 0 1.5745 1.6697 3.8256 7.7638 3.7868 27.0252 -9.3801 0.7915
37 0 Car 0 0 0 0 0 0 0 1.3658 1.7641 4.0875 8.4824 3.3204 23.6435 -9.3684 0.8696
37 1 Car 0 0 0 0 0 0 0 1.4764 1.7483 4.4885 16.1610 3.6231 26.5539 -9.3505 0.8423
38 2 Car 0 0 0 0 0 0 0 1.5971 1.6431 3.7181 7.7834 3.8326 27.0564 -9.3596 0.7981
38 0 Car 0 0 0 0 0 0 0 1.3604 1.6923 3.9768 8.5715 3.3173 23.5438 -9.3806 0.8757
38 1 Car 0 0 0 0 0 0 0 1.4723 1.8032 4.4598 16.0416 3.5930 26.5974 -9.3493 0.8598
39 2 Car 0 0 0 0 0 0 0 1.6048 1.5854 3.6755 7.7260 3.8389 27.0506 -9.3687 0.8067
39 0 Car 0 0 0 0 0 0 0 1.3840 1.7299 4.0810 8.4808 3.3300 23.6354 -9.3581 0.8600
39 1 Car 0 0 0 0 0 0 0 1.4789 1.7980 4.4512 16.0498 3.5997 26.5999 -9.3552 0.8525
40 2 Car 0 0 0 0 0 0 0 1.5692 1.6691 3.8732 7.7878 3.7943 27.0104 -9.3679 0.7788
40 0 Car 0 0 0 0 0 0 0 1.3793 1.7383 4.0972 8.5659 3.3383 23.5554 -9.3599 0.8706
40 1 Car 0 0 0 0 0 0 0 1.4755 1.8026 4.4764 16.0436 3.6101 26.5984 -9.3529 0.8646
41 2 Car 0 0 0 0 0 0 0 1.6106 1.6075 3.7105 7.7605 3.8427 27.0656 -9.3777 0.8070
41 0 Car 0 0 0 0 0 0 0 1.3970 1.7251 4.0570 8.4643 3.3518 23.5731 -9.3544 0.8564
41 1 Car 0 0 0 0 0 0 0 1.4788 1.7110 4.4098 16.0490 3.6089 26.5682 -9.3561 0.8485
42 2 Car 0 0 0 0 0 0 0 1.5785 1.6715 3.8938 7.7825 3.8025 27.0116 -9.3641 0.7998
42 0 Car 0 0 0 0 0 0 0 1.4419 1.7509 4.1582 8.4506 3.3998 23.6260 -9.3541 0.8407
42 1 Car 0 0 0 0 0 0 0 1.4811 1.7931 4.5008 16.1586 3.6088 26.5737 -9.3492 0.8543
43 2 Car 0 0 0 0 0 0 0 1.5842 1.6769 3.9164 7.8003 3.8115 27.0220 -9.3679 0.7977
43 0 Car 0 0 0 0 0 0 0 1.3706 1.7548 4.0778 8.4980 3.3337 23.6302 -9.3686 0.8600
43 1 Car 0 0 0 0 0 0 0 1.4785 1.7931 4.4677 16.0524 3.5920 26.6038 -9.3439 0.8427
44 2 Car 0 0 0 0 0 0 0 1.5833 1.6744 3.8959 7.7951 3.7943 27.0361 -9.3886 0.7982
44 0 Car 0 0 0 0 0 0 0 1.3898 1.6891 4.0223 8.5034 3.3239 23.5406 -9.3809 0.8524
44 1 Car 0 0 0 0 0 0 0 1.4729 1.7661 4.4134 16.0387 3.5964 26.5805 -9.3599 0.8521
44 17 Car 0 0 0 0 0 0 0 1.4944 1.7276 4.2989 -35.9193 4.9669 12.6115 -12.5368 0.5478
45 2 Car 0 0 0 0 0 0 0 1.5656 1.6621 3.8795 7.7759 3.7941 27.0060 -9.3688 0.7986
45 0 Car 0 0 0 0 0 0 0 1.3987 1.7585 4.1662 8.5081 3.3619 23.5964 -9.3517 0.8455
45 1 Car 0 0 0 0 0 0 0 1.4830 1.7925 4.4497 16.0093 3.6090 26.6048 -9.3473 0.8468
45 17 Car 0 0 0 0 0 0 0 1.5132 1.7779 4.4140 -35.2931 5.0025 12.5477 -12.5350 0.6204
46 20 Car 0 0 0 0 0 0 0 1.8510 1.8964 4.3179 -46.2330 5.3481 12.5177 -12.5362 0.5003
46 2 Car 0 0 0 0 0 0 0 1.5680 1.6465 3.8224 7.7766 3.7902 26.9960 -9.3795 0.7941
46 0 Car 0 0 0 0 0 0 0 1.3927 1.7290 4.0951 8.4619 3.3384 23.6232 -9.3618 0.8552
46 1 Car 0 0 0 0 0 0 0 1.4641 1.7342 4.3791 16.0662 3.5967 26.5550 -9.3491 0.8471
46 17 Car 0 0 0 0 0 0 0 1.5004 1.7721 4.3169 -34.8375 4.9770 12.5581 -12.5564 0.5521
47 2 Car 0 0 0 0 0 0 0 1.5920 1.5968 3.6810 7.7237 3.8387 27.0269 -9.3669 0.8042
47 0 Car 0 0 0 0 0 0 0 1.3966 1.7284 4.0196 8.4595 3.3441 23.6355 -9.3587 0.8568
47 1 Car 0 0 0 0 0 0 0 1.4816 1.7186 4.4429 16.1753 3.6157 26.5428 -9.3514 0.8302
47 17 Car 0 0 0 0 0 0 0 1.5049 1.7203 4.3041 -34.2218 4.9512 12.4370 -12.5525 0.5757
48 2 Car 0 0 0 0 0 0 0 1.6024 1.6183 3.7274 7.7416 3.8358 27.0679 -9.3708 0.7976
48 0 Car 0 0 0 0 0 0 0 1.3856 1.7732 4.1216 8.5108 3.3474 23.6408 -9.3449 0.8687
48 1 Car 0 0 0 0 0 0 0 1.4929 1.6609 4.3728 16.0567 3.6122 26.5210 -9.3624 0.8501
48 17 Car 0 0 0 0 0 0 0 1.5108 1.7771 4.3466 -33.7195 4.9083 12.4787 -12.6089 0.5559
48 21 Car 0 0 0 0 0 0 0 1.7994 1.7766 4.2317 -45.1367 5.2870 12.3739 -12.4957 0.5412
49 2 Car 0 0 0 0 0 0 0 1.6105 1.5965 3.7064 7.7405 3.8317 27.0342 -9.3719 0.8140
49 0 Car 0 0 0 0 0 0 0 1.3774 1.7255 4.0161 8.4644 3.3200 23.6309 -9.3699 0.8553
49 1 Car 0 0 0 0 0 0 0 1.4868 1.6590 4.3848 16.1376 3.6075 26.5260 -9.3547 0.8505
49 17 Car 0 0 0 0 0 0 0 1.5598 1.8573 4.6587 -33.2016 4.9079 12.4037 -12.5908 0.6454
49 21 Car 0 0 0 0 0 0 0 1.8066 1.8501 4.3478 -44.7741 5.2889 12.3557 -12.4968 0.5875
50 2 Car 0 0 0 0 0 0 0 1.5931 1.5933 3.6967 7.7407 3.8332 27.0410 -9.3565 0.7910
50 0 Car 0 0 0 0 0 0 0 1.4005 1.7374 4.0740 8.4799 3.3591 23.6266 -9.3677 0.8508
50 1 Car 0 0 0 0 0 0 0 1.4747 1.8058 4.4746 16.0527 3.5973 26.6013 -9.3521 0.8474
50 17 Car 0 0 0 0 0 0 0 1.5884 1.8698 4.5298 -32.6762 4.8831 12.3744 -12.5702 0.5879
50 21 Car 0 0 0 0 0 0 0 1.7515 1.7438 4.2686 -44.0801 5.2337 12.3197 -12.5026 0.6293
51 2 Car 0 0 0 0 0 0 0 1.5761 1.6806 3.9195 7.7867 3.7768 27.0276 -9.3645 0.7959
51 0 Car 0 0 0 0 0 0 0 1.3653 1.7214 4.0864 8.5225 3.3309 23.5685 -9.3564 0.8561
51 1 Car 0 0 0 0 0 0 0 1.4702 1.7815 4.4418 16.0587 3.5801 26.5907 -9.3528 0.8529
51 17 Car 0 0 0 0 0 0 0 1.5256 1.7937 4.3601 -31.9850 4.8544 12.3934 -12.5370 0.6882
51 21 Car 0 0 0 0 0 0 0 1.7738 1.6871 4.1878 -43.6060 5.2252 12.2438 -12.4936 0.6888
52 2 Car 0 0 0 0 0 0 0 1.5906 1.6555 3.7156 7.7719 3.8278 27.0659 -9.3577 0.7478
52 0 Car 0 0 0 0 0 0 0 1.4257 1.6914 3.9929 8.5368 3.3825 23.5420 -9.3497 0.8630
52 1 Car 0 0 0 0 0 0 0 1.4738 1.7593 4.4091 16.0266 3.5803 26.5769 -9.3516 0.8404
52 17 Car 0 0 0 0 0 0 0 1.5271 1.7474 4.2150 -31.4121 4.8528 12.4572 -12.5166 0.5399
52 21 Car 0 0 0 0 0 0 0 1.7011 1.7592 4.3591 -42.8583 5.2230 12.2873 -12.5293 0.6210
53 2 Car 0 0 0 0 0 0 0 1.5835 1.6913 3.9274 7.8180 3.7911 27.0360 -9.3584 0.7886
53 0 Car 0 0 0 0 0 0 0 1.4105 1.7623 4.1533 8.4969 3.3688 23.6355 -9.3618 0.8512
53 1 Car 0 0 0 0 0 0 0 1.4849 1.6669 4.3601 16.0636 3.6062 26.5225 -9.3522 0.8540
53 17 Car 0 0 0 0 0 0 0 1.4886 1.7693 4.4033 -30.8518 4.8521 12.3784 -12.5556 0.6620
53 21 Car 0 0 0 0 0 0 0 1.7537 1.6680 4.1484 -42.3179 5.2043 12.2006 -12.4923 0.7106
54 2 Car 0 0 0 0 0 0 0 1.5895 1.6160 3.7173 7.8043 3.8234 27.0380 -9.3584 0.7716
54 0 Car 0 0 0 0 0 0 0 1.3900 1.7532 4.0966 8.5014 3.3525 23.6292 -9.3578 0.8500
54 1 Car 0 0 0 0 0 0 0 1.4822 1.7990 4.4739 16.0499 3.6043 26.5963 -9.3601 0.8578
54 17 Car 0 0 0 0 0 0 0 1.4696 1.7493 4.3400 -30.3212 4.8341 12.3713 -12.5602 0.6206
54 21 Car 0 0 0 0 0 0 0 1.7107 1.6633 4.2934 -41.6951 5.1510 12.1959 -12.5388 0.7702
55 2 Car 0 0 0 0 0 0 0 1.5843 1.7047 3.9846 7.8159 3.8011 27.0349 -9.3592 0.7795
55 0 Car 0 0 0 0 0 0 0 1.4052 1.7269 4.0491 8.5679 3.3655 23.5469 -9.3656 0.8611
55 1 Car 0 0 0 0 0 0 0 1.4784 1.8220 4.4721 16.0472 3.6023 26.6004 -9.3474 0.8488
55 17 Car 0 0 0 0 0 0 0 1.5079 1.7419 4.4101 -29.7777 4.7726 12.2924 -12.5431 0.6390
55 21 Car 0 0 0 0 0 0 0 1.6891 1.6982 4.2088 -41.2404 5.1279 12.2232 -12.5420 0.7290
56 2 Car 0 0 0 0 0 0 0 1.6004 1.6518 3.7910 7.8293 3.8372 27.0604 -9.3555 0.7735
56 0 Car 0 0 0 0 0 0 0 1.4163 1.6938 4.0590 8.5253 3.3765 23.5478 -9.3868 0.8560
56 1 Car 0 0 0 0 0 0 0 1.5053 1.6291 4.3866 16.1494 3.6088 26.5091 -9.3530 0.8424
56 17 Car 0 0 0 0 0 0 0 1.5024 1.6866 4.3742 -29.1514 4.7761 12.2943 -12.5294 0.6547
56 21 Car 0 0 0 0 0 0 0 1.6556 1.7548 4.3257 -40.5926 5.1094 12.2116 -12.5231 0.6819
57 2 Car 0 0 0 0 0 0 0 1.5931 1.6902 3.8794 7.8453 3.7981 27.0318 -9.3738 0.8019
57 0 Car 0 0 0 0 0 0 0 1.4298 1.7347 4.1101 8.4577 3.3801 23.6233 -9.3656 0.8482
57 1 Car 0 0 0 0 0 0 0 1.4748 1.7961 4.4998 16.0797 3.6002 26.5951 -9.3565 0.8529
57 17 Car 0 0 0 0 0 0 0 1.5640 1.7989 4.6221 -28.6071 4.7586 12.2411 -12.5393 0.6321
57 21 Car 0 0 0 0 0 0 0 1.6822 1.7772 4.3954 -40.0371 5.1266 12.1825 -12.4871 0.6922
58 2 Car 0 0 0 0 0 0 0 1.5724 1.6659 3.8690 7.7618 3.7738 27.0163 -9.3456 0.7686
58 0 Car 0 0 0 0 0 0 0 1.3493 1.7249 4.0297 8.5538 3.3057 23.5447 -9.3772 0.8641
58 1 Car 0 0 0 0 0 0 0 1.4748 1.8086 4.4600 16.0657 3.6002 26.6054 -9.3473 0.8559
58 17 Car 0 0 0 0 0 0 0 1.5404 1.7401 4.4698 -28.0564 4.7964 12.2871 -12.5713 0.6685
58 21 Car 0 0 0 0 0 0 0 1.7188 1.8903 4.5262 -39.5595 5.0536 12.2363 -12.5092 0.7590
59 2 Car 0 0 0 0 0 0 0 1.5964 1.6537 3.7588 7.8325 3.8313 27.0683 -9.3682 0.7572
59 0 Car 0 0 0 0 0 0 0 1.4274 1.7451 4.1304 8.5054 3.3887 23.6207 -9.3799 0.8464
59 1 Car 0 0 0 0 0 0 0 1.4865 1.7556 4.4388 16.0368 3.6085 26.5760 -9.3481 0.8494
59 17 Car 0 0 0 0 0 0 0 1.5757 1.7637 4.5056 -27.5080 4.7721 12.2275 -12.5489 0.6567
59 21 Car 0 0 0 0 0 0 0 1.7044 1.8905 4.7801 -39.0287 5.0512 12.2448 -12.5083 0.7750
60 2 Car 0 0 0 0 0 0 0 1.5931 1.6423 3.7223 7.7984 3.8323 27.0609 -9.3526 0.7436
60 0 Car 0 0 0 0 0 0 0 1.4016 1.7464 4.0139 8.4636 3.3639 23.6356 -9.3684 0.8551
60 1 Car 0 0 0 0 0 0 0 1.4644 1.7426 4.4052 16.1000 3.6014 26.5761 -9.3491 0.8479
60 17 Car 0 0 0 0 0 0 0 1.5841 1.7716 4.2907 -26.9619 4.7538 12.2426 -12.5422 0.7023
60 21 Car 0 0 0 0 0 0 0 1.6212 1.9297 4.7289 -38.4386 5.0495 12.2173 -12.5109 0.8337
61 2 Car 0 0 0 0 0 0 0 1.5791 1.6868 3.9689 7.8316 3.7897 27.0223 -9.3541 0.7272
61 0 Car 0 0 0 0 0 0 0 1.3777 1.7145 4.0728 8.5126 3.3421 23.5662 -9.3759 0.8539
61 1 Car 0 0 0 0 0 0 0 1.4627 1.7878 4.4690 16.0976 3.6090 26.5800 -9.3558 0.8428
61 17 Car 0 0 0 0 0 0 0 1.6402 1.7443 4.2556 -26.2914 4.8021 12.2257 -12.5481 0.7374
61 21 Car 0 0 0 0 0 0 0 1.7385 1.9395 4.6667 -37.8228 5.0121 12.2054 -12.5321 0.8683
62 2 Car 0 0 0 0 0 0 0 1.5951 1.6236 3.7149 7.8436 3.8341 27.0451 -9.3709 0.7807
62 0 Car 0 0 0 0 0 0 0 1.4178 1.6595 3.9926 8.5365 3.3495 23.5372 -9.3634 0.8792
62 1 Car 0 0 0 0 0 0 0 1.4672 1.7267 4.4498 16.1272 3.6123 26.5524 -9.3561 0.8446
62 17 Car 0 0 0 0 0 0 0 1.5025 1.7680 4.3191 -25.7262 4.8212 12.1767 -12.5644 0.6929
62 21 Car 0 0 0 0 0 0 0 1.7655 1.9366 4.7777 -37.1982 5.0273 12.1901 -12.5267 0.8573
63 2 Car 0 0 0 0 0 0 0 1.5981 1.6269 3.6974 7.7737 3.8314 27.0491 -9.3630 0.8002
63 0 Car 0 0 0 0 0 0 0 1.3988 1.6996 4.0348 8.5292 3.3500 23.5568 -9.3761 0.8602
63 1 Car 0 0 0 0 0 0 0 1.4689 1.7300 4.3976 16.0772 3.6035 26.5448 -9.3600 0.8420
63 17 Car 0 0 0 0 0 0 0 1.4531 1.7343 4.3320 -25.0983 4.7861 12.1570 -12.5199 0.7058
63 21 Car 0 0 0 0 0 0 0 1.7305 1.8823 4.7769 -36.5902 5.0374 12.1565 -12.5301 0.8349
64 2 Car 0 0 0 0 0 0 0 1.5844 1.6356 3.7297 7.7929 3.8193 27.0621 -9.3514 0.7483
64 0 Car 0 0 0 0 0 0 0 1.3697 1.7008 3.9459 8.5440 3.3242 23.5305 -9.3762 0.8705
64 1 Car 0 0 0 0 0 0 0 1.4762 1.8048 4.4801 16.0470 3.6015 26.6069 -9.3468 0.8419
64 17 Car 0 0 0 0 0 0 0 1.4738 1.7675 4.4189 -24.3933 4.7228 12.0321 -12.4850 0.6595
64 21 Car 0 0 0 0 0 0 0 1.6862 1.9357 4.9012 -36.0210 5.0116 12.1248 -12.5216 0.8355
65 2 Car 0 0 0 0 0 0 0 1.5630 1.6831 3.6004 7.8264 3.7902 27.1174 -9.3572 0.6719
65 0 Car 0 0 0 0 0 0 0 1.3943 1.7054 4.0518 8.5420 3.3522 23.5593 -9.3645 0.8652
65 1 Car 0 0 0 0 0 0 0 1.4693 1.7684 4.4315 16.1135 3.6055 26.5627 -9.3494 0.8429
65 17 Car 0 0 0 0 0 0 0 1.5078 1.7810 4.2183 -23.7868 4.7271 12.0889 -12.5308 0.6006
65 21 Car 0 0 0 0 0 0 0 1.6715 1.9906 4.7746 -35.3856 4.9964 12.1036 -12.5167 0.8772
66 0 Car 0 0 0 0 0 0 0 1.3141 1.6936 4.1462 8.5027 3.2911 23.5768 -9.3472 0.7968
66 1 Car 0 0 0 0 0 0 0 1.4875 1.6705 4.3570 16.0357 3.5979 26.5312 -9.3500 0.8597
66 17 Car 0 0 0 0 0 0 0 1.5995 1.8993 4.3177 -23.1338 4.7859 11.9336 -12.5195 0.6630
66 21 Car 0 0 0 0 0 0 0 1.7334 1.9938 4.9401 -34.7793 4.9583 12.0805 -12.5334 0.8628
67 0 Car 0 0 0 0 0 0 0 1.3853 1.7217 4.3298 8.4776 3.3306 23.7261 -9.2811 0.5397
67 1 Car 0 0 0 0 0 0 0 1.4929 1.7758 4.4631 16.0305 3.6070 26.5992 -9.3438 0.8490
67 17 Car 0 0 0 0 0 0 0 1.5478 1.8437 4.2669 -22.7060 4.6679 11.9831 -12.5363 0.5729
67 21 Car 0 0 0 0 0 0 0 1.6600 1.9630 4.9069 -34.1682 4.9378 12.1036 -12.5452 0.9024
68 1 Car 0 0 0 0 0 0 0 1.4956 1.7635 4.4201 16.2612 3.6431 26.5363 -9.3449 0.8333
68 17 Car 0 0 0 0 0 0 0 1.6255 1.7526 4.2321 -21.9261 4.6712 11.9552 -12.5435 0.6489
68 21 Car 0 0 0 0 0 0 0 1.7501 1.9643 4.9700 -33.6372 4.9291 12.0752 -12.5460 0.8849
69 31 Car 0 0 0 0 0 0 0 1.8072 1.8105 4.3311 -54.2350 5.5343 13.3790 -12.4440 0.5514
69 2 Car 0 0 0 0 0 0 0 1.4978 1.6827 4.2380 8.2105 3.8283 26.9975 -9.4126 0.5846
69 1 Car 0 0 0 0 0 0 0 1.5847 1.7781 4.5950 16.1741 3.6444 26.5410 -9.3200 0.6319
69 17 Car 0 0 0 0 0 0 0 1.6560 1.7826 4.4819 -21.1510 4.6559 11.8973 -12.4687 0.7399
69 21 Car 0 0 0 0 0 0 0 1.7718 1.9334 5.1634 -33.0379 4.9294 12.0589 -12.5227 0.9084
70 2 Car 0 0 0 0 0 0 0 1.5846 1.7998 4.3396 8.1301 3.8713 27.0210 -9.3562 0.6279
70 17 Car 0 0 0 0 0 0 0 1.5688 1.8444 4.3525 -20.6541 4.6665 11.8608 -12.4450 0.7897
70 21 Car 0 0 0 0 0 0 0 1.6701 1.9269 5.0049 -32.2963 4.9117 12.0228 -12.5252 0.8876
71 0 Car 0 0 0 0 0 0 0 1.4026 1.5577 3.1797 8.2595 3.3993 23.6193 -9.3296 0.5291
71 17 Car 0 0 0 0 0 0 0 1.5364 1.7766 4.1904 -20.0361 4.6689 11.8730 -12.4737 0.7876
71 21 Car 0 0 0 0 0 0 0 1.6673 1.9660 4.9946 -31.5564 4.8804 12.0281 -12.5257 0.9021
72 17 Car 0 0 0 0 0 0 0 1.4773 1.6609 4.3940 -19.2937 4.6360 11.8190 -12.4672 0.8198
72 21 Car 0 0 0 0 0 0 0 1.6420 1.9013 4.9554 -31.0033 4.8608 11.9785 -12.5108 0.9046
73 17 Car 0 0 0 0 0 0 0 1.5176 1.7523 4.4156 -18.5595 4.6077 11.7920 -12.5120 0.8666
73 21 Car 0 0 0 0 0 0 0 1.7026 1.9134 5.0686 -30.2655 4.8817 11.9883 -12.5137 0.9237
74 39 Car 0 0 0 0 0 0 0 1.8028 1.8032 4.6054 -52.0077 5.5859 13.1451 -12.6043 0.5623
74 17 Car 0 0 0 0 0 0 0 1.5815 1.9019 5.0785 -17.2786 4.5977 11.6952 -12.4661 0.8407
74 21 Car 0 0 0 0 0 0 0 1.7079 1.9473 5.0296 -29.7292 4.8582 11.9806 -12.4990 0.9094
75 17 Car 0 0 0 0 0 0 0 1.6220 1.8568 5.0677 -16.6696 4.5771 11.6574 -12.4440 0.8829
75 21 Car 0 0 0 0 0 0 0 1.7294 1.9370 5.1773 -29.0900 4.8499 11.9325 -12.5078 0.9094
76 40 Car 0 0 0 0 0 0 0 1.8109 1.8032 4.6669 -51.0809 5.5911 13.0793 -12.5560 0.5829
76 17 Car 0 0 0 0 0 0 0 1.6043 1.8134 5.2004 -15.6683 4.5354 11.5721 -12.4232 0.7994
76 21 Car 0 0 0 0 0 0 0 1.7538 1.9565 5.2455 -28.5046 4.8398 11.9272 -12.5346 0.9220
77 17 Car 0 0 0 0 0 0 0 1.5672 1.8295 5.3898 -14.7264 4.4741 11.4924 -12.4384 0.7247
77 21 Car 0 0 0 0 0 0 0 1.7366 1.9618 5.2600 -27.7119 4.7979 11.8747 -12.5208 0.9148
78 45 Car 0 0 0 0 0 0 0 1.7961 1.8059 4.6400 -50.0182 5.4829 13.1024 -12.5218 0.5695
78 17 Car 0 0 0 0 0 0 0 1.5540 1.8282 5.3811 -13.6693 4.4756 11.4074 -12.4531 0.7813
78 21 Car 0 0 0 0 0 0 0 1.7217 1.9262 5.1116 -27.0096 4.8093 11.8299 -12.5196 0.9115
79 17 Car 0 0 0 0 0 0 0 1.5671 1.8829 5.4510 -12.6976 4.4626 11.3525 -12.4712 0.8729
79 21 Car 0 0 0 0 0 0 0 1.7208 1.9349 5.3056 -26.3596 4.7692 11.8343 -12.5056 0.8991
80 17 Car 0 0 0 0 0 0 0 1.5913 1.8563 5.2683 -11.7277 4.4262 11.2754 -12.4910 0.8385
80 21 Car 0 0 0 0 0 0 0 1.7051 1.9348 5.3893 -25.6344 4.7687 11.7619 -12.5041 0.8931
80 50 Car 0 0 0 0 0 0 0 1.6428 1.8383 4.3675 -49.0206 5.4420 13.0677 -12.5515 0.5453
81 17 Car 0 0 0 0 0 0 0 1.5770 1.8937 5.4764 -11.0879 4.3971 11.2552 -12.4897 0.8307
81 21 Car 0 0 0 0 0 0 0 1.7008 1.8696 5.2891 -24.9567 4.7407 11.7224 -12.4890 0.9131
81 50 Car 0 0 0 0 0 0 0 1.7555 1.9235 4.3878 -48.3876 5.4054 13.1143 -12.5314 0.6918
82 17 Car 0 0 0 0 0 0 0 1.5391 1.8695 5.4175 -10.1536 4.3918 11.1376 -12.4643 0.7629
82 21 Car 0 0 0 0 0 0 0 1.6605 1.9234 5.4531 -24.3081 4.7260 11.7111 -12.4875 0.8960
82 50 Car 0 0 0 0 0 0 0 1.8214 1.9338 4.5699 -47.9103 5.3982 13.0628 -12.4853 0.6621
83 17 Car 0 0 0 0 0 0 0 1.5462 1.7846 5.3167 -9.1862 4.3714 11.0670 -12.4561 0.7258
83 21 Car 0 0 0 0 0 0 0 1.7101 1.9073 5.4069 -23.5115 4.7226 11.6573 -12.5031 0.8956
83 50 Car 0 0 0 0 0 0 0 1.7545 1.9213 4.5512 -47.3758 5.4156 13.0841 -12.5263 0.7099
84 1 Car 0 0 0 0 0 0 0 1.5699 1.8103 4.6330 8.4367 3.8328 27.0740 -9.3679 0.5010
84 17 Car 0 0 0 0 0 0 0 1.5521 1.8105 5.3614 -8.2138 4.3140 11.0226 -12.4678 0.7304
84 21 Car 0 0 0 0 0 0 0 1.7707 1.9147 5.3812 -22.8812 4.7023 11.6515 -12.4963 0.9100
84 50 Car 0 0 0 0 0 0 0 1.6965 1.8590 4.6039 -46.8142 5.3640 12.9985 -12.5506 0.6892
85 17 Car 0 0 0 0 0 0 0 1.5544 1.8168 5.3561 -7.3985 4.2796 10.9837 -12.4603 0.7620
85 21 Car 0 0 0 0 0 0 0 1.7316 1.9380 5.4847 -22.1574 4.6924 11.6214 -12.4838 0.9080
85 50 Car 0 0 0 0 0 0 0 1.7351 1.8513 4.4928 -46.3582 5.3459 12.9898 -12.5188 0.7822
86 17 Car 0 0 0 0 0 0 0 1.5424 1.8830 5.4520 -6.3332 4.2957 10.9288 -12.4847 0.7842
86 21 Car 0 0 0 0 0 0 0 1.7502 1.9524 5.5243 -21.4718 4.6957 11.5855 -12.4884 0.9124
86 50 Car 0 0 0 0 0 0 0 1.6253 1.9148 4.3535 -45.7428 5.3108 12.9991 -12.5312 0.7812
87 17 Car 0 0 0 0 0 0 0 1.5434 1.8536 5.3521 -5.5165 4.2745 10.8498 -12.4633 0.7297
87 21 Car 0 0 0 0 0 0 0 1.7163 1.9690 5.3741 -20.6489 4.6725 11.5093 -12.4810 0.9190
87 50 Car 0 0 0 0 0 0 0 1.5500 1.8764 4.3632 -45.1230 5.3028 12.9372 -12.5337 0.8150
88 17 Car 0 0 0 0 0 0 0 1.5553 1.7955 5.1704 -4.4305 4.2172 10.7819 -12.4594 0.7316
88 21 Car 0 0 0 0 0 0 0 1.7134 1.9161 5.5426 -19.8193 4.6370 11.4745 -12.4916 0.9200
88 50 Car 0 0 0 0 0 0 0 1.5270 1.7984 4.3242 -44.6061 5.2960 12.9123 -12.5342 0.7365
88 76 Car 0 0 0 0 0 0 0 1.5365 1.6576 4.0811 7.9271 3.8502 27.1004 -9.4170 0.6448
89 17 Car 0 0 0 0 0 0 0 1.5372 1.7927 5.2409 -3.4459 4.2010 10.6934 -12.4611 0.7149
89 21 Car 0 0 0 0 0 0 0 1.6672 1.9771 5.4951 -19.1886 4.6243 11.4181 -12.4920 0.9279
89 50 Car 0 0 0 0 0 0 0 1.7190 1.8840 4.6649 -44.1647 5.3479 12.8717 -12.5128 0.7413
89 76 Car 0 0 0 0 0 0 0 1.5799 1.7281 4.1160 7.9314 3.8643 27.0187 -9.3533 0.7834
90 17 Car 0 0 0 0 0 0 0 1.5441 1.8578 5.6470 -2.7187 4.1490 10.6185 -12.4576 0.7984
90 21 Car 0 0 0 0 0 0 0 1.6530 1.9576 5.4435 -18.4096 4.5909 11.4006 -12.5076 0.9080
90 50 Car 0 0 0 0 0 0 0 1.6180 1.8034 4.6847 -43.5115 5.2827 12.8279 -12.5271 0.7967
90 76 Car 0 0 0 0 0 0 0 1.5813 1.7354 3.8962 7.7818 3.8051 27.0444 -9.3668 0.7994
91 17 Car 0 0 0 0 0 0 0 1.5209 1.8308 5.4877 -1.5972 4.1042 10.5207 -12.4670 0.7482
91 21 Car 0 0 0 0 0 0 0 1.7025 1.9840 5.4296 -17.6721 4.5729 11.3674 -12.5005 0.9165
91 50 Car 0 0 0 0 0 0 0 1.6852 1.8965 4.6699 -42.9847 5.2764 12.8386 -12.5346 0.8039
91 76 Car 0 0 0 0 0 0 0 1.6165 1.6281 3.6868 7.7280 3.8525 27.0640 -9.3643 0.8006
91 87 Car 0 0 0 0 0 0 0 1.4472 1.7740 3.5573 8.2352 3.4560 23.6239 -9.3728 0.6959
92 17 Car 0 0 0 0 0 0 0 1.5294 1.8539 5.5122 -0.6320 4.0836 10.4875 -12.4413 0.7398
92 21 Car 0 0 0 0 0 0 0 1.6774 1.9124 5.3081 -16.9661 4.5781 11.3340 -12.4942 0.8687
92 50 Car 0 0 0 0 0 0 0 1.8009 1.9856 4.7693 -42.3609 5.2263 12.9210 -12.5104 0.7801
92 76 Car 0 0 0 0 0 0 0 1.5880 1.5646 3.6914 7.7637 3.8183 27.0340 -9.3735 0.7853
92 87 Car 0 0 0 0 0 0 0 1.3662 1.6835 4.0445 8.5469 3.2982 23.5450 -9.3627 0.8492
93 17 Car 0 0 0 0 0 0 0 1.5137 1.7792 5.0542 0.5269 4.0548 10.3743 -12.4444 0.6987
93 21 Car 0 0 0 0 0 0 0 1.7145 1.9363 5.4011 -16.1180 4.5535 11.2314 -12.4748 0.8712
93 50 Car 0 0 0 0 0 0 0 1.7981 1.8949 4.7293 -41.7663 5.1823 12.8494 -12.5285 0.7478
93 76 Car 0 0 0 0 0 0 0 1.5552 1.6552 3.7725 7.7307 3.7755 27.0037 -9.3401 0.7541
93 87 Car 0 0 0 0 0 0 0 1.3848 1.7304 4.0031 8.4618 3.3351 23.6246 -9.3791 0.8418
94 17 Car 0 0 0 0 0 0 0 1.5231 1.7787 4.7729 1.0851 4.0248 10.3270 -12.4809 0.7020
94 21 Car 0 0 0 0 0 0 0 1.7175 1.9260 5.5114 -15.3161 4.4980 11.1626 -12.4831 0.9010
94 50 Car 0 0 0 0 0 0 0 1.7643 1.9084 4.7605 -41.1191 5.2194 12.8038 -12.5394 0.8009
94 76 Car 0 0 0 0 0 0 0 1.5602 1.6602 3.7579 7.7910 3.7831 27.0101 -9.3709 0.7923
94 87 Car 0 0 0 0 0 0 0 1.3795 1.6983 3.9389 8.5137 3.3180 23.5373 -9.3839 0.8660
95 17 Car 0 0 0 0 0 0 0 1.5663 1.7658 4.7963 1.6422 4.0158 10.3008 -12.4404 0.7605
95 21 Car 0 0 0 0 0 0 0 1.6242 1.9506 5.5159 -14.5882 4.4868 11.1179 -12.4949 0.8902
95 50 Car 0 0 0 0 0 0 0 1.7263 1.9314 4.7366 -40.5436 5.1492 12.7820 -12.5166 0.7138
95 76 Car 0 0 0 0 0 0 0 1.5931 1.5926 3.5618 7.7865 3.8234 27.0399 -9.3765 0.8098
95 87 Car 0 0 0 0 0 0 0 1.3975 1.6920 4.0234 8.5015 3.3285 23.5531 -9.3702 0.8434
96 95 Car 0 0 0 0 0 0 0 1.4906 1.7813 4.0915 15.7586 3.6229 26.5945 -9.3470 0.8290
96 17 Car 0 0 0 0 0 0 0 1.5085 1.7938 5.0297 2.7539 3.9729 10.2621 -12.4604 0.7315
96 21 Car 0 0 0 0 0 0 0 1.6665 1.9428 5.3196 -13.7216 4.4599 11.0955 -12.4879 0.8637
96 50 Car 0 0 0 0 0 0 0 1.8174 1.8798 4.6905 -39.9248 5.1232 12.7296 -12.5424 0.7243
96 76 Car 0 0 0 0 0 0 0 1.6014 1.6013 3.6758 7.7506 3.8253 27.0704 -9.3720 0.8077
96 87 Car 0 0 0 0 0 0 0 1.3675 1.7342 4.0930 8.4890 3.3130 23.6318 -9.3759 0.8489
97 95 Car 0 0 0 0 0 0 0 1.4737 1.7452 4.5101 16.1412 3.6124 26.5759 -9.3554 0.8195
97 17 Car 0 0 0 0 0 0 0 1.5610 1.8542 5.3966 3.8034 3.9473 10.1999 -12.4602 0.7008
97 21 Car 0 0 0 0 0 0 0 1.7683 1.9221 5.3035 -13.0473 4.4472 11.0019 -12.4753 0.8553
97 50 Car 0 0 0 0 0 0 0 1.8625 1.9979 4.9033 -39.4654 5.1097 12.8045 -12.5315 0.6730
97 76 Car 0 0 0 0 0 0 0 1.5653 1.6456 3.7783 7.7763 3.7768 27.0200 -9.3683 0.7800
97 87 Car 0 0 0 0 0 0 0 1.4180 1.7405 4.1106 8.5054 3.3620 23.6287 -9.3628 0.8603
98 95 Car 0 0 0 0 0 0 0 1.4451 1.8010 4.4648 16.0180 3.5749 26.5956 -9.3561 0.8510
98 17 Car 0 0 0 0 0 0 0 1.5946 1.7844 4.9763 4.8065 3.9195 10.0715 -12.4782 0.7049
98 21 Car 0 0 0 0 0 0 0 1.7856 1.8884 5.4364 -12.0698 4.4525 10.9727 -12.4898 0.8187
98 50 Car 0 0 0 0 0 0 0 1.7341 1.9833 4.6649 -38.7137 5.0552 12.7043 -12.5507 0.8147
98 76 Car 0 0 0 0 0 0 0 1.5936 1.5866 3.6582 7.7417 3.8178 27.0587 -9.3735 0.7848
98 87 Car 0 0 0 0 0 0 0 1.3688 1.7076 4.0702 8.4976 3.3166 23.5731 -9.3644 0.8441
99 95 Car 0 0 0 0 0 0 0 1.4485 1.7689 4.4176 16.0936 3.5811 26.5771 -9.3466 0.8317
99 17 Car 0 0 0 0 0 0 0 1.5852 1.8453 4.8035 6.0481 3.9272 10.0017 -12.4735 0.6956
99 21 Car 0 0 0 0 0 0 0 1.7319 1.9637 5.4966 -11.4856 4.4113 10.9476 -12.4847 0.8717
99 50 Car 0 0 0 0 0 0 0 1.6269 1.9190 4.6218 -37.9468 5.0257 12.7283 -12.5239 0.7733
99 76 Car 0 0 0 0 0 0 0 1.5649 1.6695 3.8640 7.8015 3.7842 27.0112 -9.3670 0.7685
99 87 Car 0 0 0 0 0 0 0 1.3606 1.7237 4.0635 8.5545 3.3283 23.5442 -9.3729 0.8602
100 95 Car 0 0 0 0 0 0 0 1.4674 1.7769 4.4736 16.0420 3.6001 26.5816 -9.3545 0.8499
100 17 Car 0 0 0 0 0 0 0 1.5846 1.8484 4.7230 7.0521 3.8633 9.9502 -12.4541 0.6326
100 21 Car 0 0 0 0 0 0 0 1.6505 1.9342 5.3917 -10.5808 4.3841 10.9068 -12.5039 0.8204
100 50 Car 0 0 0 0 0 0 0 1.7314 2.0297 4.6564 -37.3150 5.0024 12.7247 -12.5355 0.8519
100 76 Car 0 0 0 0 0 0 0 1.5908 1.6230 3.6733 7.8235 3.8200 27.0393 -9.3614 0.7755
100 87 Car 0 0 0 0 0 0 0 1.3696 1.7141 4.1268 8.5335 3.3171 23.5639 -9.3759 0.8538
101 95 Car 0 0 0 0 0 0 0 1.4797 1.7290 4.4056 16.0376 3.6249 26.5670 -9.3481 0.8222
101 17 Car 0 0 0 0 0 0 0 1.5668 1.8876 4.8184 8.3151 3.8355 9.8264 -12.4768 0.8097
101 21 Car 0 0 0 0 0 0 0 1.6659 1.9241 5.5089 -9.7447 4.3391 10.8708 -12.4740 0.8171
101 50 Car 0 0 0 0 0 0 0 1.7443 2.0364 4.9921 -36.8224 5.0061 12.6833 -12.5260 0.8620
101 76 Car 0 0 0 0 0 0 0 1.5840 1.5899 3.6201 7.7587 3.8128 27.0276 -9.3773 0.8016
101 87 Car 0 0 0 0 0 0 0 1.3538 1.7376 4.1399 8.5130 3.2995 23.5656 -9.3695 0.8612
102 95 Car 0 0 0 0 0 0 0 1.4698 1.7872 4.5332 16.1547 3.6052 26.5811 -9.3492 0.8179
102 17 Car 0 0 0 0 0 0 0 1.5637 1.8304 4.9626 9.2164 3.7794 9.7798 -12.4755 0.7371
102 21 Car 0 0 0 0 0 0 0 1.7253 1.9401 5.5077 -8.8716 4.3469 10.7798 -12.4650 0.8666
102 50 Car 0 0 0 0 0 0 0 1.7233 2.0310 4.9297 -36.1400 5.0180 12.7006 -12.5181 0.8512
102 76 Car 0 0 0 0 0 0 0 1.5930 1.5978 3.6360 7.7223 3.8224 27.0505 -9.3664 0.7874
102 87 Car 0 0 0 0 0 0 0 1.3966 1.7533 4.1397 8.4671 3.3526 23.6180 -9.3677 0.8533
103 95 Car 0 0 0 0 0 0 0 1.4749 1.8139 4.5664 16.1616 3.6228 26.5760 -9.3399 0.8118
103 17 Car 0 0 0 0 0 0 0 1.5469 1.8404 4.8157 10.2855 3.7535 9.6548 -12.4781 0.7452
103 21 Car 0 0 0 0 0 0 0 1.8011 1.8951 5.6723 -8.1639 4.3347 10.7424 -12.4689 0.8574
103 50 Car 0 0 0 0 0 0 0 1.7300 2.0895 5.2617 -35.6345 4.9943 12.6579 -12.5223 0.8722
103 76 Car 0 0 0 0 0 0 0 1.6053 1.6081 3.6654 7.7708 3.8263 27.0544 -9.3629 0.7676
103 87 Car 0 0 0 0 0 0 0 1.3782 1.7586 4.1318 8.4695 3.3434 23.6178 -9.3772 0.8624
104 95 Car 0 0 0 0 0 0 0 1.4584 1.7918 4.4719 16.0800 3.5854 26.5939 -9.3504 0.8345
104 17 Car 0 0 0 0 0 0 0 1.5359 1.8665 5.1395 11.5050 3.7194 9.6271 -12.4794 0.7856
104 21 Car 0 0 0 0 0 0 0 1.8139 1.9678 5.6730 -7.3464 4.3183 10.6920 -12.4829 0.8841
104 50 Car 0 0 0 0 0 0 0 1.7907 2.0870 5.2881 -35.0170 4.9709 12.6850 -12.5170 0.8877
104 76 Car 0 0 0 0 0 0 0 1.6134 1.6024 3.7051 7.7732 3.8330 27.0439 -9.3815 0.8061
104 87 Car 0 0 0 0 0 0 0 1.3879 1.7403 4.0798 8.5182 3.3403 23.6172 -9.3619 0.8587
105 95 Car 0 0 0 0 0 0 0 1.4523 1.8021 4.4566 16.0226 3.5819 26.5991 -9.3510 0.8203
105 17 Car 0 0 0 0 0 0 0 1.5141 1.7431 4.6450 12.6325 3.6878 9.4583 -12.4546 0.7557
105 21 Car 0 0 0 0 0 0 0 1.7365 1.9834 5.6244 -6.3874 4.2787 10.6180 -12.4871 0.8114
105 50 Car 0 0 0 0 0 0 0 1.7240 2.0546 5.3608 -34.2878 4.9316 12.6690 -12.5318 0.9127
105 76 Car 0 0 0 0 0 0 0 1.6129 1.6161 3.7308 7.7766 3.8446 27.0532 -9.3881 0.8139
105 87 Car 0 0 0 0 0 0 0 1.3624 1.7419 4.0528 8.4874 3.3367 23.6253 -9.3605 0.8471
106 95 Car 0 0 0 0 0 0 0 1.4860 1.7257 4.3468 15.9578 3.6133 26.5803 -9.3482 0.8261
106 17 Car 0 0 0 0 0 0 0 1.5286 1.7879 4.9272 13.8768 3.6315 9.4349 -12.4602 0.8022
106 21 Car 0 0 0 0 0 0 0 1.6907 1.9478 5.4198 -5.5198 4.2737 10.5458 -12.4890 0.7605
106 50 Car 0 0 0 0 0 0 0 1.7657 2.1018 5.5001 -33.6921 4.9374 12.6594 -12.5529 0.9252
106 76 Car 0 0 0 0 0 0 0 1.5984 1.6108 3.6987 7.7751 3.8312 27.0597 -9.3740 0.7843
106 87 Car 0 0 0 0 0 0 0 1.3706 1.7300 4.0385 8.5410 3.3337 23.5474 -9.3850 0.8744
107 95 Car 0 0 0 0 0 0 0 1.4643 1.8014 4.3873 15.8922 3.6040 26.6299 -9.3452 0.8316
107 17 Car 0 0 0 0 0 0 0 1.5299 1.7090 4.5915 15.0632 3.5706 9.2896 -12.4761 0.8468
107 21 Car 0 0 0 0 0 0 0 1.5763 1.9018 5.6062 -4.7385 4.2492 10.4875 -12.4675 0.8477
107 50 Car 0 0 0 0 0 0 0 1.7963 2.0480 5.2885 -32.8455 4.9240 12.6341 -12.5264 0.9223
107 76 Car 0 0 0 0 0 0 0 1.5957 1.6005 3.6466 7.7942 3.8306 27.0275 -9.3533 0.7816
107 87 Car 0 0 0 0 0 0 0 1.3730 1.7698 4.1352 8.5096 3.3380 23.6310 -9.3631 0.8484
108 95 Car 0 0 0 0 0 0 0 1.4714 1.7920 4.3929 15.8826 3.5873 26.6198 -9.3502 0.8327
108 17 Car 0 0 0 0 0 0 0 1.5151 1.7372 4.5649 16.5213 3.5229 9.1458 -12.4747 0.8465
108 21 Car 0 0 0 0 0 0 0 1.6479 1.9968 5.8783 -3.8415 4.1943 10.4318 -12.4813 0.8823
108 50 Car 0 0 0 0 0 0 0 1.7235 2.1045 5.1897 -32.1578 4.8933 12.6367 -12.5311 0.9179
108 76 Car 0 0 0 0 0 0 0 1.5714 1.6735 3.8655 7.8263 3.8020 27.0075 -9.3522 0.7977
108 87 Car 0 0 0 0 0 0 0 1.4002 1.7236 4.0530 8.4724 3.3546 23.6185 -9.3551 0.8382
109 95 Car 0 0 0 0 0 0 0 1.4921 1.7371 4.3056 15.8401 3.6262 26.5804 -9.3470 0.8080
109 17 Car 0 0 0 0 0 0 0 1.5123 1.6705 4.5000 17.6471 3.4926 9.0486 -12.4824 0.8732
109 21 Car 0 0 0 0 0 0 0 1.7775 1.9302 5.7152 -2.8913 4.1579 10.3628 -12.4790 0.8486
109 50 Car 0 0 0 0 0 0 0 1.7340 2.0685 5.7712 -31.6319 4.8741 12.6103 -12.5210 0.9298
109 76 Car 0 0 0 0 0 0 0 1.5922 1.6044 3.6650 7.7500 3.8190 27.0613 -9.3653 0.7777
109 87 Car 0 0 0 0 0 0 0 1.3787 1.7274 4.1145 8.5201 3.3403 23.5628 -9.3560 0.8708
110 95 Car 0 0 0 0 0 0 0 1.4846 1.8416 4.2519 15.7972 3.6189 26.6194 -9.3475 0.8182
110 17 Car 0 0 0 0 0 0 0 1.5295 1.7729 4.6045 19.0535 3.4795 9.0169 -12.4709 0.9080
110 21 Car 0 0 0 0 0 0 0 1.7921 1.9578 5.9096 -2.0399 4.0951 10.3161 -12.4706 0.8308
110 50 Car 0 0 0 0 0 0 0 1.7158 2.0719 5.5609 -30.9207 4.8466 12.6146 -12.5197 0.9141
110 76 Car 0 0 0 0 0 0 0 1.5879 1.6026 3.6856 7.7834 3.8316 27.0455 -9.3702 0.7688
110 87 Car 0 0 0 0 0 0 0 1.3646 1.7301 3.9799 8.4642 3.3240 23.6287 -9.3628 0.8512
111 95 Car 0 0 0 0 0 0 0 1.4804 1.8435 4.2006 15.7381 3.6329 26.6124 -9.3279 0.8014
111 17 Car 0 0 0 0 0 0 0 1.5254 1.7631 4.7693 20.0567 3.4371 8.9253 -12.4583 0.8338
111 21 Car 0 0 0 0 0 0 0 1.6801 1.9463 5.5321 -1.0022 4.0644 10.2037 -12.4399 0.8071
111 50 Car 0 0 0 0 0 0 0 1.8032 2.1030 5.5852 -30.1795 4.8430 12.5484 -12.5108 0.8942
111 76 Car 0 0 0 0 0 0 0 1.5895 1.6173 3.6675 7.7706 3.8307 27.0650 -9.3702 0.7926
111 87 Car 0 0 0 0 0 0 0 1.3650 1.7375 4.0451 8.4954 3.3236 23.6225 -9.3547 0.8447
112 95 Car 0 0 0 0 0 0 0 1.4911 1.8129 4.0817 15.7484 3.6370 26.5922 -9.3271 0.7652
112 17 Car 0 0 0 0 0 0 0 1.5045 1.6757 4.4413 21.4158 3.4159 8.7824 -12.4907 0.8511
112 21 Car 0 0 0 0 0 0 0 1.7134 1.9263 5.5517 -0.0704 4.1063 10.1346 -12.4542 0.6833
112 50 Car 0 0 0 0 0 0 0 1.7302 2.0930 5.7308 -29.3407 4.8145 12.5293 -12.5327 0.9030
112 76 Car 0 0 0 0 0 0 0 1.5538 1.6586 3.8237 7.7802 3.7824 27.0187 -9.3742 0.7980
112 87 Car 0 0 0 0 0 0 0 1.3925 1.7683 4.1496 8.4656 3.3544 23.6393 -9.3556 0.8574
113 95 Car 0 0 0 0 0 0 0 1.4833 1.8524 4.1489 15.7149 3.6328 26.6241 -9.3166 0.7663
113 17 Car 0 0 0 0 0 0 0 1.5020 1.6599 4.4799 22.7706 3.3935 8.7266 -12.5006 0.8317
113 21 Car 0 0 0 0 0 0 0 1.6921 1.8904 5.0918 0.7798 4.0614 10.0514 -12.4516 0.6868
113 50 Car 0 0 0 0 0 0 0 1.7697 2.0144 5.5805 -28.6672 4.8083 12.5420 -12.5240 0.9073
113 76 Car 0 0 0 0 0 0 0 1.5602 1.6641 3.7708 7.8144 3.7754 27.0166 -9.3602 0.7639
113 87 Car 0 0 0 0 0 0 0 1.3838 1.7264 4.1224 8.5053 3.3291 23.5455 -9.3764 0.8529
114 95 Car 0 0 0 0 0 0 0 1.5101 1.7698 4.0664 15.5975 3.6631 26.5854 -9.3249 0.7610
114 17 Car 0 0 0 0 0 0 0 1.5036 1.6652 4.3625 24.1071 3.3327 8.6011 -12.5005 0.8544
114 21 Car 0 0 0 0 0 0 0 1.7592 1.9611 5.1381 1.1529 4.0525 10.0355 -12.4638 0.8309
114 50 Car 0 0 0 0 0 0 0 1.7387 1.9960 5.8693 -28.0291 4.8032 12.4337 -12.5249 0.8857
114 76 Car 0 0 0 0 0 0 0 1.5914 1.6067 3.6061 7.7412 3.8260 27.0418 -9.3555 0.7655
114 87 Car 0 0 0 0 0 0 0 1.3806 1.7511 4.1338 8.4575 3.3406 23.6307 -9.3536 0.8423
115 95 Car 0 0 0 0 0 0 0 1.5095 1.8400 4.2786 15.5501 3.6609 26.6116 -9.3018 0.7223
115 17 Car 0 0 0 0 0 0 0 1.5221 1.6105 4.4158 25.4544 3.3021 8.5086 -12.5097 0.8305
115 21 Car 0 0 0 0 0 0 0 1.7607 1.9779 5.2816 2.1403 4.0555 10.0182 -12.4815 0.8127
115 50 Car 0 0 0 0 0 0 0 1.6690 2.0450 5.7567 -27.2215 4.7551 12.4248 -12.5212 0.9117
115 76 Car 0 0 0 0 0 0 0 1.5673 1.6758 3.7897 7.7614 3.7934 27.0180 -9.3635 0.7856
115 87 Car 0 0 0 0 0 0 0 1.3652 1.7585 4.1285 8.4864 3.3316 23.6267 -9.3613 0.8311
116 95 Car 0 0 0 0 0 0 0 1.5038 1.8069 4.2992 15.5464 3.6438 26.6064 -9.3210 0.7046
116 17 Car 0 0 0 0 0 0 0 1.5058 1.6523 4.4612 26.7754 3.2659 8.4713 -12.4852 0.8060
116 21 Car 0 0 0 0 0 0 0 1.6566 1.9746 5.0054 3.0244 4.0325 9.8841 -12.4644 0.7822
116 50 Car 0 0 0 0 0 0 0 1.8071 2.0474 5.9459 -26.5199 4.7778 12.4366 -12.5157 0.9192
116 76 Car 0 0 0 0 0 0 0 1.5858 1.6034 3.6278 7.7622 3.8289 27.0565 -9.3639 0.7798
116 87 Car 0 0 0 0 0 0 0 1.3731 1.7437 4.0819 8.4972 3.3257 23.6225 -9.3735 0.8389
117 95 Car 0 0 0 0 0 0 0 1.5096 1.7897 4.3284 15.5609 3.6415 26.5842 -9.3153 0.6605
117 17 Car 0 0 0 0 0 0 0 1.5168 1.7183 4.5519 28.1598 3.2757 8.4144 -12.5178 0.7722
117 21 Car 0 0 0 0 0 0 0 1.6855 1.9676 5.1353 3.9577 3.9665 9.7807 -12.4578 0.7636
117 50 Car 0 0 0 0 0 0 0 1.7819 2.0291 5.9206 -25.7517 4.7305 12.3716 -12.5017 0.8825
117 76 Car 0 0 0 0 0 0 0 1.5926 1.5994 3.6838 7.7481 3.8314 27.0562 -9.3628 0.7998
117 87 Car 0 0 0 0 0 0 0 1.3888 1.7350 4.0526 8.4558 3.3452 23.6274 -9.3582 0.8533
118 95 Car 0 0 0 0 0 0 0 1.5065 1.7092 4.1250 15.5077 3.6580 26.5633 -9.3059 0.6407
118 17 Car 0 0 0 0 0 0 0 1.5421 1.7070 4.4533 29.5330 3.2654 8.2749 -12.5075 0.7699
118 21 Car 0 0 0 0 0 0 0 1.7473 1.9823 4.9248 4.8869 3.9555 9.7510 -12.4592 0.7951
118 50 Car 0 0 0 0 0 0 0 1.7739 1.9787 5.8291 -24.9128 4.7381 12.3347 -12.4859 0.9220
118 76 Car 0 0 0 0 0 0 0 1.5925 1.6138 3.7152 7.8183 3.8272 27.0363 -9.3777 0.7994
118 87 Car 0 0 0 0 0 0 0 1.3212 1.6973 4.0013 8.5623 3.2732 23.5392 -9.3764 0.8739
119 95 Car 0 0 0 0 0 0 0 1.5113 1.7869 4.1612 15.3983 3.6651 26.6201 -9.3015 0.6195
119 17 Car 0 0 0 0 0 0 0 1.5337 1.6661 4.3419 30.7868 3.2400 8.2358 -12.4748 0.7392
119 21 Car 0 0 0 0 0 0 0 1.7230 1.9476 4.7172 5.9808 3.8966 9.6415 -12.4524 0.7927
119 50 Car 0 0 0 0 0 0 0 1.7447 1.9884 5.9408 -24.1621 4.7186 12.3215 -12.5097 0.9141
119 76 Car 0 0 0 0 0 0 0 1.5878 1.6068 3.6619 7.7899 3.8235 27.0198 -9.3671 0.8020
119 87 Car 0 0 0 0 0 0 0 1.3715 1.7093 4.1033 8.4899 3.3066 23.5538 -9.3875 0.8530
120 95 Car 0 0 0 0 0 0 0 1.5136 1.7804 4.1511 15.3681 3.6672 26.6227 -9.3290 0.6399
120 17 Car 0 0 0 0 0 0 0 1.5357 1.7309 4.7058 32.4250 3.1986 8.1638 -12.5000 0.6623
120 21 Car 0 0 0 0 0 0 0 1.7270 1.9022 4.6474 6.7958 3.8681 9.5326 -12.4546 0.7205
120 50 Car 0 0 0 0 0 0 0 1.7808 2.0264 5.9028 -23.3640 4.7048 12.2777 -12.4897 0.9263
120 76 Car 0 0 0 0 0 0 0 1.5933 1.6051 3.6433 7.7364 3.8240 27.0521 -9.3632 0.7865
120 87 Car 0 0 0 0 0 0 0 1.3548 1.7378 4.0905 8.4983 3.3137 23.5845 -9.3444 0.8495
121 114 Car 0 0 0 0 0 0 0 1.5346 1.9103 3.9592 -20.2117 5.1333 54.0896 -10.9264 0.5348
121 95 Car 0 0 0 0 0 0 0 1.5133 1.7955 4.4363 15.7539 3.6358 26.6410 -9.3487 0.5847
121 17 Car 0 0 0 0 0 0 0 1.5563 1.6845 4.4015 33.5775 3.1642 8.1057 -12.4771 0.6545
121 21 Car 0 0 0 0 0 0 0 1.6790 1.9954 5.0332 7.8203 3.8393 9.5320 -12.4233 0.7677
121 50 Car 0 0 0 0 0 0 0 1.7435 1.9931 5.9503 -22.4638 4.6651 12.2669 -12.4924 0.8949
121 76 Car 0 0 0 0 0 0 0 1.5839 1.5807 3.5874 7.7423 3.8146 27.0451 -9.3807 0.7972
121 87 Car 0 0 0 0 0 0 0 1.3512 1.7499 4.0855 8.5102 3.3035 23.6291 -9.3523 0.8484
122 95 Car 0 0 0 0 0 0 0 1.5096 1.7870 4.4931 15.6824 3.6302 26.6146 -9.3241 0.5529
122 17 Car 0 0 0 0 0 0 0 1.5486 1.6918 4.1661 34.7482 3.1093 8.0444 -12.4798 0.6925
122 21 Car 0 0 0 0 0 0 0 1.7072 1.9274 4.9956 8.7898 3.8124 9.4360 -12.4531 0.7634
122 50 Car 0 0 0 0 0 0 0 1.7289 2.0184 5.8958 -21.7469 4.6458 12.2262 -12.4971 0.8972
122 76 Car 0 0 0 0 0 0 0 1.5850 1.5752 3.5769 7.6944 3.8191 27.0673 -9.3742 0.8247
122 87 Car 0 0 0 0 0 0 0 1.3509 1.7167 4.0372 8.4787 3.2922 23.5860 -9.3570 0.8433
123 17 Car 0 0 0 0 0 0 0 1.5771 1.7207 4.2084 36.1824 3.1101 7.9316 -12.4946 0.6537
123 21 Car 0 0 0 0 0 0 0 1.6404 1.8621 4.9373 9.8297 3.7663 9.2455 -12.4913 0.7975
123 50 Car 0 0 0 0 0 0 0 1.7829 2.0413 5.8047 -20.8919 4.6514 12.1792 -12.4816 0.9001
123 76 Car 0 0 0 0 0 0 0 1.5742 1.5961 3.6236 7.7747 3.8172 27.0441 -9.3621 0.7576
123 87 Car 0 0 0 0 0 0 0 1.3503 1.7553 4.1012 8.5033 3.3001 23.6211 -9.3609 0.8500
124 17 Car 0 0 0 0 0 0 0 1.5800 1.6902 4.0361 37.5642 3.0489 7.8627 -12.5197 0.5694
124 21 Car 0 0 0 0 0 0 0 1.7241 1.9444 4.8414 10.8077 3.7455 9.2316 -12.4631 0.7599
124 50 Car 0 0 0 0 0 0 0 1.7971 1.9826 5.9826 -20.1055 4.6215 12.1453 -12.4577 0.9106
124 76 Car 0 0 0 0 0 0 0 1.5598 1.6417 3.8715 7.7826 3.7862 27.0074 -9.3633 0.7979
124 87 Car 0 0 0 0 0 0 0 1.3571 1.7361 4.1293 8.5168 3.3076 23.5766 -9.3606 0.8271
125 17 Car 0 0 0 0 0 0 0 1.5202 1.6170 4.0890 38.9128 3.0090 7.8331 -12.4966 0.5522
125 21 Car 0 0 0 0 0 0 0 1.7344 1.9692 4.8289 11.8156 3.7193 9.1572 -12.4732 0.8452
125 50 Car 0 0 0 0 0 0 0 1.7367 2.0315 5.7899 -19.1435 4.5846 12.0573 -12.4817 0.9021
125 76 Car 0 0 0 0 0 0 0 1.6041 1.5869 3.6145 7.7394 3.8261 27.0278 -9.3633 0.8024
125 87 Car 0 0 0 0 0 0 0 1.3481 1.7434 4.1003 8.5264 3.2874 23.5695 -9.3693 0.8421
126 17 Car 0 0 0 0 0 0 0 1.5320 1.6628 4.2892 40.6382 2.9849 7.7716 -12.5875 0.5170
126 21 Car 0 0 0 0 0 0 0 1.7644 1.8969 4.6862 12.8904 3.6745 9.0635 -12.4770 0.8006
126 50 Car 0 0 0 0 0 0 0 1.6837 2.0290 5.7708 -18.3504 4.5543 12.0534 -12.4997 0.9094
126 76 Car 0 0 0 0 0 0 0 1.5608 1.6430 3.7603 7.8018 3.7723 27.0161 -9.3922 0.7729
126 87 Car 0 0 0 0 0 0 0 1.3550 1.7253 4.0826 8.4787 3.2960 23.5962 -9.3721 0.8615
127 17 Car 0 0 0 0 0 0 0 1.5354 1.6678 4.0618 41.7317 2.9204 7.6796 -12.5544 0.5029
127 21 Car 0 0 0 0 0 0 0 1.7040 1.9576 4.5365 14.0376 3.6663 9.0026 -12.4766 0.8436
127 50 Car 0 0 0 0 0 0 0 1.7554 2.0216 5.7586 -17.5749 4.5325 12.0161 -12.4954 0.8936
127 76 Car 0 0 0 0 0 0 0 1.5616 1.6743 3.8047 7.8059 3.7784 26.9946 -9.3836 0.7754
127 87 Car 0 0 0 0 0 0 0 1.3642 1.7476 4.0975 8.4975 3.3071 23.6175 -9.3625 0.8342
127 119 Car 0 0 0 0 0 0 0 1.7405 2.0036 4.1556 -20.2460 5.1729 53.0112 -10.8102 0.6193
128 21 Car 0 0 0 0 0 0 0 1.7519 1.9352 4.7987 15.0463 3.6464 8.8837 -12.4568 0.8117
128 50 Car 0 0 0 0 0 0 0 1.7995 1.9266 5.8470 -16.7942 4.5259 11.9442 -12.4833 0.8284
128 76 Car 0 0 0 0 0 0 0 1.5937 1.5894 3.6361 7.7122 3.8255 27.0384 -9.3571 0.7753
128 87 Car 0 0 0 0 0 0 0 1.3525 1.7670 4.0866 8.5046 3.2939 23.6251 -9.3690 0.8489
128 119 Car 0 0 0 0 0 0 0 1.7914 2.0680 4.2010 -20.3833 5.2343 52.8562 -10.8065 0.6238
129 21 Car 0 0 0 0 0 0 0 1.7479 1.9827 4.4804 16.3217 3.6303 8.7980 -12.4590 0.8141
129 50 Car 0 0 0 0 0 0 0 1.7491 1.9124 5.7354 -15.8891 4.5391 11.8825 -12.4919 0.8981
129 76 Car 0 0 0 0 0 0 0 1.6017 1.5953 3.6630 7.7514 3.8308 27.0610 -9.3668 0.8036
129 87 Car 0 0 0 0 0 0 0 1.3294 1.7184 3.9894 8.5444 3.2753 23.5502 -9.3642 0.8544
129 119 Car 0 0 0 0 0 0 0 1.8444 2.0830 4.1337 -20.3156 5.2276 52.6945 -10.7751 0.6667
130 21 Car 0 0 0 0 0 0 0 1.7593 1.9689 4.5239 17.3183 3.5952 8.7284 -12.4712 0.8533
130 50 Car 0 0 0 0 0 0 0 1.7955 2.1008 5.9432 -15.0051 4.4980 11.8359 -12.4885 0.8928
130 76 Car 0 0 0 0 0 0 0 1.5955 1.5712 3.6614 7.7097 3.8252 27.0444 -9.3633 0.7830
130 87 Car 0 0 0 0 0 0 0 1.3586 1.7457 4.1002 8.4571 3.2934 23.6202 -9.3707 0.8611
130 119 Car 0 0 0 0 0 0 0 1.8306 2.0480 4.2815 -20.3359 5.2258 52.6377 -10.7583 0.6418
131 21 Car 0 0 0 0 0 0 0 1.7456 1.9367 4.5406 18.3018 3.5503 8.6558 -12.4854 0.8132
131 50 Car 0 0 0 0 0 0 0 1.7099 2.0712 5.8917 -14.1036 4.4304 11.7583 -12.4971 0.8225
131 76 Car 0 0 0 0 0 0 0 1.6003 1.5918 3.6127 7.7801 3.8365 27.0301 -9.3749 0.8033
131 87 Car 0 0 0 0 0 0 0 1.3479 1.7466 4.0869 8.5097 3.2959 23.6197 -9.3639 0.8427
131 119 Car 0 0 0 0 0 0 0 1.8930 2.0988 4.3579 -20.4283 5.2243 52.4281 -10.7809 0.6251
132 21 Car 0 0 0 0 0 0 0 1.7992 1.9936 4.5398 19.3462 3.5271 8.5572 -12.4749 0.8593
132 50 Car 0 0 0 0 0 0 0 1.8001 1.9521 5.5596 -13.0753 4.4490 11.6251 -12.4819 0.8330
132 76 Car 0 0 0 0 0 0 0 1.6006 1.6214 3.6620 7.7541 3.8314 27.0477 -9.3760 0.8105
132 87 Car 0 0 0 0 0 0 0 1.3372 1.7455 4.0916 8.5284 3.2916 23.5830 -9.3660 0.8385
132 119 Car 0 0 0 0 0 0 0 1.8974 2.0817 4.3067 -20.5023 5.2182 52.3042 -10.8017 0.6950
133 21 Car 0 0 0 0 0 0 0 1.7156 1.9574 4.4003 20.5084 3.4936 8.4763 -12.4852 0.8703
133 50 Car 0 0 0 0 0 0 0 1.8461 1.9939 5.7366 -12.4683 4.4391 11.6674 -12.4842 0.8356
133 76 Car 0 0 0 0 0 0 0 1.6037 1.6021 3.6336 7.7685 3.8337 27.0548 -9.3795 0.8025
133 87 Car 0 0 0 0 0 0 0 1.3316 1.7299 4.0355 8.4595 3.2751 23.6210 -9.3601 0.8467
133 119 Car 0 0 0 0 0 0 0 1.8442 1.9786 4.3606 -20.4704 5.2102 52.1261 -10.8097 0.5555
134 21 Car 0 0 0 0 0 0 0 1.7623 1.9455 4.5684 21.4324 3.4374 8.4037 -12.4870 0.8448
134 50 Car 0 0 0 0 0 0 0 1.7935 1.9974 5.6175 -11.3948 4.3915 11.5529 -12.4747 0.7434
134 76 Car 0 0 0 0 0 0 0 1.5715 1.6569 3.8535 7.8152 3.7959 27.0144 -9.3833 0.7902
134 87 Car 0 0 0 0 0 0 0 1.3493 1.7468 4.0542 8.5398 3.2934 23.5501 -9.3621 0.8606
134 119 Car 0 0 0 0 0 0 0 1.8691 2.0302 4.3476 -20.4881 5.1904 51.9018 -10.7703 0.6039
135 21 Car 0 0 0 0 0 0 0 1.7071 1.9190 4.6229 22.5963 3.4115 8.3457 -12.4791 0.8507
135 50 Car 0 0 0 0 0 0 0 1.8413 2.0039 5.8858 -10.5475 4.3640 11.5048 -12.4676 0.8286
135 76 Car 0 0 0 0 0 0 0 1.5621 1.6798 3.8191 7.7563 3.7938 27.0170 -9.3605 0.7710
135 87 Car 0 0 0 0 0 0 0 1.3542 1.7335 4.1258 8.4686 3.2856 23.5588 -9.3797 0.8429
135 119 Car 0 0 0 0 0 0 0 1.9000 2.0276 4.2318 -20.6072 5.2352 51.8828 -10.7934 0.6190
136 21 Car 0 0 0 0 0 0 0 1.7397 1.9151 4.5882 23.7372 3.3612 8.2176 -12.4648 0.7955
136 50 Car 0 0 0 0 0 0 0 1.7768 1.9953 5.7130 -9.6167 4.3408 11.4578 -12.4723 0.8486
136 76 Car 0 0 0 0 0 0 0 1.5666 1.6626 3.8642 7.7801 3.7915 27.0117 -9.3558 0.7928
136 87 Car 0 0 0 0 0 0 0 1.3478 1.7429 4.1112 8.4972 3.2869 23.5642 -9.3648 0.8504
136 119 Car 0 0 0 0 0 0 0 1.9760 2.0959 4.3305 -20.4720 5.1970 51.7679 -10.7570 0.6349
137 21 Car 0 0 0 0 0 0 0 1.7196 1.8153 4.3372 24.9798 3.3498 8.1005 -12.4845 0.8614
137 50 Car 0 0 0 0 0 0 0 1.8150 2.0055 5.6692 -8.7134 4.3354 11.4011 -12.4817 0.7983
137 76 Car 0 0 0 0 0 0 0 1.5649 1.6623 3.8948 7.7898 3.7928 27.0062 -9.3655 0.7562
137 87 Car 0 0 0 0 0 0 0 1.3665 1.7592 4.0965 8.4986 3.3048 23.6291 -9.3622 0.8531
137 119 Car 0 0 0 0 0 0 0 1.9970 2.0384 4.2401 -20.5584 5.2776 51.6828 -10.8091 0.5947
138 21 Car 0 0 0 0 0 0 0 1.6905 1.7991 4.5044 26.1336 3.3322 8.0290 -12.4952 0.8128
138 50 Car 0 0 0 0 0 0 0 1.7832 1.9889 5.8261 -7.9255 4.2983 11.3518 -12.4676 0.8495
138 76 Car 0 0 0 0 0 0 0 1.5722 1.6780 3.8306 7.8299 3.8068 27.0295 -9.3718 0.7923
138 87 Car 0 0 0 0 0 0 0 1.3740 1.7420 4.0908 8.4838 3.3109 23.6245 -9.3623 0.8466
138 119 Car 0 0 0 0 0 0 0 2.0003 2.0606 4.3051 -20.6166 5.2429 51.6906 -10.8289 0.6690
139 21 Car 0 0 0 0 0 0 0 1.7125 1.8168 4.4187 27.1802 3.3110 7.9534 -12.4829 0.8190
139 50 Car 0 0 0 0 0 0 0 1.7964 2.0326 5.7501 -7.0152 4.2841 11.2831 -12.4705 0.8481
139 76 Car 0 0 0 0 0 0 0 1.6081 1.5822 3.6445 7.7058 3.8307 27.0406 -9.3628 0.8117
139 87 Car 0 0 0 0 0 0 0 1.3227 1.6855 4.0162 8.4935 3.2572 23.5592 -9.3602 0.8591
139 119 Car 0 0 0 0 0 0 0 2.0320 2.0699 4.2825 -20.6464 5.2712 51.6199 -10.8294 0.6457
140 21 Car 0 0 0 0 0 0 0 1.7520 1.8215 4.4819 28.4348 3.2824 7.8453 -12.4862 0.8177
140 50 Car 0 0 0 0 0 0 0 1.7306 2.0147 5.5355 -6.0267 4.2572 11.2056 -12.4633 0.7762
140 76 Car 0 0 0 0 0 0 0 1.6036 1.5967 3.6040 7.6893 3.8253 27.0356 -9.3477 0.7948
140 87 Car 0 0 0 0 0 0 0 1.3118 1.6806 3.9494 8.5461 3.2516 23.5428 -9.3582 0.8663
140 119 Car 0 0 0 0 0 0 0 1.9602 2.0769 4.3845 -20.6798 5.2695 51.5258 -10.8070 0.6645
141 21 Car 0 0 0 0 0 0 0 1.6633 1.8640 4.5977 29.6465 3.2420 7.8099 -12.4670 0.7985
141 50 Car 0 0 0 0 0 0 0 1.7475 1.9935 5.4070 -4.8730 4.2087 11.0985 -12.4587 0.7600
141 76 Car 0 0 0 0 0 0 0 1.5940 1.6075 3.6803 7.7625 3.8382 27.0575 -9.3543 0.7882
141 87 Car 0 0 0 0 0 0 0 1.3688 1.7183 4.0397 8.4527 3.3005 23.5748 -9.3623 0.8477
141 119 Car 0 0 0 0 0 0 0 1.9570 2.0794 4.3226 -20.7309 5.2777 51.4402 -10.7836 0.6991
142 21 Car 0 0 0 0 0 0 0 1.6799 1.8533 4.7133 30.4938 3.2467 7.7503 -12.4498 0.7984
142 50 Car 0 0 0 0 0 0 0 1.7837 1.9921 5.6173 -4.0956 4.1947 11.0073 -12.4627 0.8064
142 76 Car 0 0 0 0 0 0 0 1.6043 1.6060 3.6724 7.7531 3.8380 27.0623 -9.3674 0.7864
142 87 Car 0 0 0 0 0 0 0 1.3366 1.7344 4.0789 8.5096 3.2920 23.5771 -9.3530 0.8451
142 119 Car 0 0 0 0 0 0 0 1.9862 2.0850 4.3902 -20.6345 5.2541 51.5196 -10.7990 0.6897
143 21 Car 0 0 0 0 0 0 0 1.7149 1.8479 4.5557 31.5840 3.1885 7.6467 -12.4502 0.7955
143 50 Car 0 0 0 0 0 0 0 1.7884 1.9936 5.6495 -3.1686 4.1737 10.9372 -12.4647 0.7925
143 76 Car 0 0 0 0 0 0 0 1.6017 1.5972 3.6843 7.7672 3.8283 27.0335 -9.3671 0.7961
143 87 Car 0 0 0 0 0 0 0 1.3163 1.6713 3.9859 8.5349 3.2539 23.5253 -9.3672 0.8622
143 119 Car 0 0 0 0 0 0 0 1.9746 2.0724 4.2764 -20.6392 5.2383 51.4465 -10.8438 0.6961
144 21 Car 0 0 0 0 0 0 0 1.6853 1.7888 4.5589 33.0630 3.1855 7.5252 -12.4756 0.7376
144 50 Car 0 0 0 0 0 0 0 1.7458 1.9693 5.8334 -2.3157 4.1393 10.8817 -12.4313 0.8210
144 76 Car 0 0 0 0 0 0 0 1.6000 1.5915 3.5928 7.7642 3.8223 27.0243 -9.3678 0.7863
144 87 Car 0 0 0 0 0 0 0 1.3337 1.7381 4.0453 8.4802 3.2688 23.5687 -9.3665 0.8463
144 119 Car 0 0 0 0 0 0 0 1.9701 2.0732 4.3489 -20.6354 5.2343 51.5028 -10.8110 0.6680
145 21 Car 0 0 0 0 0 0 0 1.6725 1.8397 4.5732 34.2712 3.1589 7.4943 -12.4553 0.7584
145 50 Car 0 0 0 0 0 0 0 1.7300 2.0129 5.2960 -1.0885 4.1002 10.7589 -12.4754 0.7065
145 76 Car 0 0 0 0 0 0 0 1.5616 1.6907 3.7863 7.7708 3.7925 27.0230 -9.3615 0.7828
145 87 Car 0 0 0 0 0 0 0 1.3442 1.7261 4.1011 8.4679 3.2884 23.5907 -9.3724 0.8360
145 119 Car 0 0 0 0 0 0 0 1.9733 2.0896 4.3493 -20.6602 5.2583 51.4762 -10.8111 0.6947
146 21 Car 0 0 0 0 0 0 0 1.6663 1.9023 4.4301 35.4844 3.0960 7.4130 -12.4582 0.7809
146 50 Car 0 0 0 0 0 0 0 1.7158 1.9510 5.3720 -0.3084 4.0696 10.7088 -12.4479 0.7685
146 76 Car 0 0 0 0 0 0 0 1.6106 1.5909 3.6835 7.7346 3.8373 27.0576 -9.3578 0.8085
146 87 Car 0 0 0 0 0 0 0 1.3422 1.7593 4.1017 8.4991 3.2729 23.5868 -9.3579 0.8645
146 119 Car 0 0 0 0 0 0 0 2.0262 2.0875 4.2842 -20.6503 5.2818 51.4238 -10.7622 0.6359
147 21 Car 0 0 0 0 0 0 0 1.6816 1.9368 4.5081 36.6633 3.0702 7.3487 -12.4619 0.7615
147 50 Car 0 0 0 0 0 0 0 1.7019 1.9233 4.7563 1.0038 4.0187 10.5994 -12.4592 0.7505
147 76 Car 0 0 0 0 0 0 0 1.5633 1.6878 3.7967 7.7049 3.8056 27.0265 -9.3677 0.7693
147 87 Car 0 0 0 0 0 0 0 1.3098 1.7109 4.0430 8.4982 3.2597 23.5715 -9.3611 0.8428
147 119 Car 0 0 0 0 0 0 0 1.9322 2.0632 4.2752 -20.6683 5.2572 51.4274 -10.7932 0.6810
148 21 Car 0 0 0 0 0 0 0 1.6781 1.9045 4.3378 38.0368 3.0078 7.2165 -12.4828 0.7573
148 50 Car 0 0 0 0 0 0 0 1.7500 1.9723 5.1768 0.9727 4.0131 10.6535 -12.4507 0.7632
148 76 Car 0 0 0 0 0 0 0 1.6079 1.6080 3.6141 7.7409 3.8307 27.0555 -9.3754 0.8048
148 87 Car 0 0 0 0 0 0 0 1.3424 1.7354 4.1293 8.4987 3.2825 23.5708 -9.3524 0.8446
148 119 Car 0 0 0 0 0 0 0 1.9348 2.0666 4.3187 -20.6601 5.2274 51.4504 -10.8133 0.6906
149 21 Car 0 0 0 0 0 0 0 1.7228 1.8937 4.3214 39.2019 2.9957 7.1343 -12.4677 0.7342
149 50 Car 0 0 0 0 0 0 0 1.7946 1.9599 5.0052 1.9079 3.9985 10.5388 -12.4612 0.8110
149 76 Car 0 0 0 0 0 0 0 1.5626 1.6646 3.8562 7.7637 3.7872 27.0230 -9.3578 0.7794
149 87 Car 0 0 0 0 0 0 0 1.3509 1.7477 4.1068 8.5060 3.2772 23.5725 -9.3684 0.8451
149 119 Car 0 0 0 0 0 0 0 2.0633 2.0914 4.3064 -20.6762 5.3149 51.4638 -10.7841 0.6613
150 21 Car 0 0 0 0 0 0 0 1.7345 1.9770 4.5010 40.5450 2.9602 7.1164 -12.5001 0.7599
150 50 Car 0 0 0 0 0 0 0 1.7831 1.9041 4.9039 2.8810 3.9381 10.4025 -12.4607 0.7336
150 76 Car 0 0 0 0 0 0 0 1.5679 1.6924 3.8723 7.8154 3.8069 27.0229 -9.3592 0.7823
150 87 Car 0 0 0 0 0 0 0 1.2981 1.7014 3.9971 8.5248 3.2460 23.5566 -9.3819 0.8524
150 119 Car 0 0 0 0 0 0 0 1.9949 2.0787 4.3324 -20.6853 5.2509 51.4444 -10.7851 0.6751
151 21 Car 0 0 0 0 0 0 0 1.6796 1.9129 4.6268 41.7551 2.9691 6.9779 -12.5004 0.7179
151 50 Car 0 0 0 0 0 0 0 1.7297 1.9484 4.8906 3.9446 3.9039 10.3767 -12.4789 0.7236
151 76 Car 0 0 0 0 0 0 0 1.6072 1.6097 3.6995 7.7250 3.8413 27.0539 -9.3500 0.7867
151 87 Car 0 0 0 0 0 0 0 1.3723 1.7479 4.1328 8.4728 3.3097 23.6204 -9.3667 0.8405
151 119 Car 0 0 0 0 0 0 0 1.9670 2.0959 4.3829 -20.6703 5.2359 51.5391 -10.7962 0.7075
152 21 Car 0 0 0 0 0 0 0 1.6835 1.9205 4.4604 43.0348 2.9088 6.9403 -12.5113 0.7123
152 50 Car 0 0 0 0 0 0 0 1.8319 1.9593 5.5163 4.6110 3.9164 10.3240 -12.4616 0.8123
152 76 Car 0 0 0 0 0 0 0 1.6024 1.6091 3.6674 7.7468 3.8284 27.0581 -9.3649 0.7805
152 87 Car 0 0 0 0 0 0 0 1.3147 1.6901 3.9419 8.5123 3.2362 23.5267 -9.3758 0.8775
152 119 Car 0 0 0 0 0 0 0 1.9791 2.0379 4.2052 -20.6496 5.2555 51.3960 -10.8293 0.6972
153 21 Car 0 0 0 0 0 0 0 1.6818 1.9330 4.5213 44.4208 2.9133 6.8668 -12.4882 0.6273
153 50 Car 0 0 0 0 0 0 0 1.7747 1.8869 4.8441 5.7431 3.8657 10.1747 -12.4713 0.7183
153 76 Car 0 0 0 0 0 0 0 1.5880 1.5877 3.6714 7.7321 3.8246 27.0493 -9.3701 0.7608
153 87 Car 0 0 0 0 0 0 0 1.3449 1.7317 4.0113 8.4510 3.2638 23.5872 -9.3639 0.8626
153 119 Car 0 0 0 0 0 0 0 2.0382 2.0820 4.3142 -20.6737 5.2807 51.4665 -10.7722 0.6502
154 21 Car 0 0 0 0 0 0 0 1.7226 1.8862 4.3336 45.5015 2.8923 6.7491 -12.4989 0.7627
154 50 Car 0 0 0 0 0 0 0 1.7224 1.9962 5.0678 6.5721 3.8561 10.1708 -12.4712 0.7391
154 76 Car 0 0 0 0 0 0 0 1.5957 1.5905 3.6467 7.7379 3.8222 27.0491 -9.3783 0.8042
154 87 Car 0 0 0 0 0 0 0 1.3714 1.7672 4.1621 8.4837 3.2952 23.5804 -9.3710 0.8490
154 119 Car 0 0 0 0 0 0 0 1.9845 2.0800 4.3442 -20.6415 5.2486 51.4642 -10.8037 0.6870
155 21 Car 0 0 0 0 0 0 0 1.6754 1.9480 4.3642 46.9499 2.8456 6.7291 -12.5241 0.6791
155 50 Car 0 0 0 0 0 0 0 1.7551 1.9607 5.0303 7.5311 3.8393 10.1208 -12.4385 0.7014
155 76 Car 0 0 0 0 0 0 0 1.6148 1.6053 3.6478 7.7556 3.8452 27.0575 -9.3803 0.8026
155 87 Car 0 0 0 0 0 0 0 1.3394 1.7323 4.0779 8.5016 3.2731 23.5682 -9.3654 0.8441
155 119 Car 0 0 0 0 0 0 0 2.0106 2.0994 4.3635 -20.6336 5.2753 51.5089 -10.8178 0.6982
156 21 Car 0 0 0 0 0 0 0 1.7005 1.9916 4.7278 48.4065 2.8215 6.6590 -12.5205 0.6114
156 50 Car 0 0 0 0 0 0 0 1.7049 1.9597 5.1616 8.4861 3.7725 10.0335 -12.4524 0.7541
156 76 Car 0 0 0 0 0 0 0 1.5961 1.5927 3.6594 7.7478 3.8233 27.0562 -9.3746 0.7945
156 87 Car 0 0 0 0 0 0 0 1.3398 1.7660 4.1067 8.4909 3.2654 23.5881 -9.3622 0.8557
156 119 Car 0 0 0 0 0 0 0 1.9676 2.0918 4.3801 -20.6702 5.2440 51.5279 -10.8078 0.6889
157 21 Car 0 0 0 0 0 0 0 1.6747 1.9020 4.4236 49.4746 2.7909 6.5173 -12.5074 0.5976
157 50 Car 0 0 0 0 0 0 0 1.7643 1.9526 4.8919 9.5055 3.7567 9.9441 -12.4729 0.7198
157 76 Car 0 0 0 0 0 0 0 1.5979 1.6046 3.6694 7.7475 3.8273 27.0449 -9.3635 0.7927
157 87 Car 0 0 0 0 0 0 0 1.3105 1.7333 4.0694 8.5624 3.2521 23.5589 -9.3603 0.8702
157 119 Car 0 0 0 0 0 0 0 1.9834 2.0890 4.3619 -20.7235 5.2927 51.4209 -10.7865 0.6953
158 21 Car 0 0 0 0 0 0 0 1.6594 1.9128 4.3374 50.7295 2.7057 6.4514 -12.4991 0.6286
158 50 Car 0 0 0 0 0 0 0 1.7725 1.9354 4.8080 10.5125 3.7270 9.8158 -12.4801 0.7856
158 76 Car 0 0 0 0 0 0 0 1.6005 1.5762 3.6330 7.7223 3.8233 27.0351 -9.3539 0.8140
158 87 Car 0 0 0 0 0 0 0 1.3309 1.7519 4.0990 8.4711 3.2623 23.5750 -9.3698 0.8522
158 119 Car 0 0 0 0 0 0 0 1.9235 2.0668 4.3614 -20.6536 5.2396 51.4906 -10.8067 0.6863
159 21 Car 0 0 0 0 0 0 0 1.6568 1.8828 4.4481 52.1899 2.7022 6.3557 -12.4959 0.5462
159 50 Car 0 0 0 0 0 0 0 1.7893 1.9401 4.9952 11.5523 3.6901 9.7706 -12.4863 0.8503
159 76 Car 0 0 0 0 0 0 0 1.5929 1.5819 3.6509 7.7297 3.8254 27.0623 -9.3643 0.7894
159 87 Car 0 0 0 0 0 0 0 1.3477 1.7027 4.0769 8.4924 3.2802 23.5759 -9.3762 0.8644
159 119 Car 0 0 0 0 0 0 0 1.9630 2.0922 4.3931 -20.6871 5.2297 51.5114 -10.7925 0.6746
160 21 Car 0 0 0 0 0 0 0 1.6735 1.9174 4.4984 53.4890 2.6346 6.2710 -12.4892 0.6035
160 50 Car 0 0 0 0 0 0 0 1.7360 1.8362 4.8548 12.4780 3.6635 9.6246 -12.4728 0.8624
160 76 Car 0 0 0 0 0 0 0 1.6043 1.6246 3.6916 7.7741 3.8336 27.0603 -9.3799 0.7962
160 87 Car 0 0 0 0 0 0 0 1.3573 1.7835 4.1374 8.4866 3.2938 23.5927 -9.3568 0.8607
160 119 Car 0 0 0 0 0 0 0 1.9192 2.0715 4.3004 -20.6955 5.2913 51.4078 -10.8117 0.6975
161 21 Car 0 0 0 0 0 0 0 1.6629 1.9423 4.5106 54.7948 2.6013 6.2439 -12.5166 0.5303
161 50 Car 0 0 0 0 0 0 0 1.7816 1.9291 4.9237 13.5580 3.6446 9.6155 -12.4653 0.8552
161 76 Car 0 0 0 0 0 0 0 1.5657 1.6632 3.8384 7.7594 3.7923 27.0113 -9.3578 0.7997
161 87 Car 0 0 0 0 0 0 0 1.3288 1.7612 4.1152 8.5051 3.2704 23.5900 -9.3601 0.8556
161 119 Car 0 0 0 0 0 0 0 1.9559 2.1007 4.3223 -20.7001 5.2612 51.4113 -10.8015 0.6806
162 21 Car 0 0 0 0 0 0 0 1.6532 1.9341 4.3111 56.0317 2.5337 6.2111 -12.5218 0.5415
162 50 Car 0 0 0 0 0 0 0 1.7501 1.8750 4.8166 14.7146 3.5962 9.4923 -12.4668 0.8193
162 76 Car 0 0 0 0 0 0 0 1.5687 1.6548 3.8193 7.7966 3.7876 27.0077 -9.3761 0.7888
162 87 Car 0 0 0 0 0 0 0 1.3406 1.7566 4.0670 8.4785 3.2763 23.6271 -9.3725 0.8563
162 119 Car 0 0 0 0 0 0 0 1.9914 2.0821 4.3665 -20.6621 5.2337 51.4866 -10.7943 0.6953
163 21 Car 0 0 0 0 0 0 0 1.6039 1.8916 4.6652 57.5379 2.5175 6.0643 -12.5481 0.5043
163 50 Car 0 0 0 0 0 0 0 1.7438 1.8516 4.4919 15.8304 3.5709 9.3840 -12.4866 0.8352
163 76 Car 0 0 0 0 0 0 0 1.5711 1.6635 3.8450 7.8030 3.7820 27.0245 -9.3721 0.8056
163 87 Car 0 0 0 0 0 0 0 1.3546 1.7227 4.0948 8.4481 3.2865 23.5859 -9.3432 0.8474
163 119 Car 0 0 0 0 0 0 0 1.9282 2.0564 4.2808 -20.6774 5.2271 51.4487 -10.7919 0.7050
164 50 Car 0 0 0 0 0 0 0 1.7437 1.9057 4.6063 16.7949 3.5632 9.3682 -12.4839 0.8576
164 76 Car 0 0 0 0 0 0 0 1.6039 1.6046 3.6769 7.7888 3.8247 27.0610 -9.3828 0.8025
164 87 Car 0 0 0 0 0 0 0 1.3253 1.7241 4.0474 8.5107 3.2540 23.5287 -9.3541 0.8762
164 119 Car 0 0 0 0 0 0 0 1.9475 2.0963 4.3862 -20.7044 5.2669 51.4701 -10.8163 0.7025
165 50 Car 0 0 0 0 0 0 0 1.7094 1.8175 4.4640 17.7756 3.5004 9.2516 -12.4729 0.8867
165 76 Car 0 0 0 0 0 0 0 1.5521 1.6635 3.8080 7.7449 3.7979 27.0104 -9.3582 0.7875
165 87 Car 0 0 0 0 0 0 0 1.3639 1.7299 4.0591 8.4173 3.2882 23.5643 -9.3644 0.8603
165 119 Car 0 0 0 0 0 0 0 1.9725 2.1007 4.3911 -20.6628 5.2312 51.5358 -10.7841 0.6862
166 50 Car 0 0 0 0 0 0 0 1.7443 1.9151 4.7375 18.8017 3.4929 9.1921 -12.4710 0.8488
166 76 Car 0 0 0 0 0 0 0 1.5999 1.5923 3.6952 7.7305 3.8310 27.0647 -9.3744 0.7826
166 87 Car 0 0 0 0 0 0 0 1.3520 1.7628 4.1194 8.4488 3.2779 23.5813 -9.3606 0.8524
166 119 Car 0 0 0 0 0 0 0 1.9754 2.0888 4.3317 -20.6272 5.2542 51.4591 -10.7808 0.6765
167 50 Car 0 0 0 0 0 0 0 1.8352 1.9581 4.7753 19.7193 3.4854 9.1332 -12.4911 0.8637
167 76 Car 0 0 0 0 0 0 0 1.5613 1.6501 3.8182 7.7124 3.7785 27.0199 -9.3652 0.7462
167 87 Car 0 0 0 0 0 0 0 1.3418 1.7266 4.1050 8.3691 3.2525 23.5774 -9.3621 0.8654
167 119 Car 0 0 0 0 0 0 0 1.9863 2.0840 4.3456 -20.6563 5.2542 51.4762 -10.7918 0.6925
168 50 Car 0 0 0 0 0 0 0 1.7589 1.8969 4.7383 20.7660 3.4604 9.0601 -12.4929 0.8202
168 76 Car 0 0 0 0 0 0 0 1.6092 1.5856 3.6999 7.7157 3.8309 27.0534 -9.3696 0.7822
168 87 Car 0 0 0 0 0 0 0 1.3645 1.6906 3.9897 8.3831 3.2890 23.5360 -9.3724 0.8839
168 119 Car 0 0 0 0 0 0 0 1.9498 2.0786 4.3377 -20.6817 5.2349 51.5040 -10.7639 0.7041
169 50 Car 0 0 0 0 0 0 0 1.7486 1.8603 4.7570 21.8529 3.3979 8.9987 -12.4951 0.8239
169 76 Car 0 0 0 0 0 0 0 1.5962 1.5888 3.7029 7.7568 3.8309 27.0282 -9.3577 0.7455
169 87 Car 0 0 0 0 0 0 0 1.4242 1.6596 4.0019 8.3565 3.3478 23.5318 -9.3772 0.8787
169 119 Car 0 0 0 0 0 0 0 1.9393 2.0927 4.3273 -20.7091 5.2488 51.4325 -10.7951 0.6930
170 50 Car 0 0 0 0 0 0 0 1.6990 1.8967 4.7033 22.8177 3.3655 8.9243 -12.5003 0.8413
170 76 Car 0 0 0 0 0 0 0 1.5935 1.6040 3.6935 7.7174 3.8370 27.0228 -9.3421 0.7189
170 87 Car 0 0 0 0 0 0 0 1.4107 1.7032 4.0939 8.3048 3.3465 23.5903 -9.3772 0.8366
170 119 Car 0 0 0 0 0 0 0 2.0205 2.0979 4.3149 -20.6761 5.3072 51.4611 -10.8070 0.6319
171 50 Car 0 0 0 0 0 0 0 1.7882 1.9021 4.7138 24.0519 3.3628 8.8434 -12.4768 0.8379
171 76 Car 0 0 0 0 0 0 0 1.5767 1.6655 4.0388 7.8424 3.8191 27.0220 -9.3700 0.7601
171 87 Car 0 0 0 0 0 0 0 1.3980 1.7454 4.1764 8.2415 3.3170 23.5865 -9.3699 0.8680
171 119 Car 0 0 0 0 0 0 0 1.9403 2.0782 4.3104 -20.6174 5.2500 51.4443 -10.8224 0.7141
172 50 Car 0 0 0 0 0 0 0 1.7635 1.8614 4.5696 25.2330 3.3231 8.7507 -12.4946 0.8744
172 76 Car 0 0 0 0 0 0 0 1.6151 1.6098 3.8178 7.8061 3.8575 26.9998 -9.3432 0.7412
172 87 Car 0 0 0 0 0 0 0 1.4284 1.6923 4.1378 8.1948 3.3525 23.5956 -9.3827 0.8303
172 119 Car 0 0 0 0 0 0 0 1.9730 2.0803 4.3640 -20.6407 5.2427 51.4977 -10.8009 0.6801
173 50 Car 0 0 0 0 0 0 0 1.7445 1.8832 4.6273 26.3120 3.3116 8.7022 -12.5030 0.8592
173 76 Car 0 0 0 0 0 0 0 1.5798 1.6817 4.0665 7.8408 3.8366 27.0263 -9.3685 0.7500
173 87 Car 0 0 0 0 0 0 0 1.4122 1.7388 4.2067 8.1821 3.3577 23.5651 -9.3815 0.8443
173 119 Car 0 0 0 0 0 0 0 1.9547 2.0673 4.2805 -20.6624 5.2374 51.4506 -10.7753 0.6635
174 50 Car 0 0 0 0 0 0 0 1.7598 1.9050 4.4774 27.2556 3.2947 8.5977 -12.4962 0.8584
174 76 Car 0 0 0 0 0 0 0 1.6167 1.6507 3.8705 7.8009 3.8693 27.0608 -9.3294 0.7231
174 87 Car 0 0 0 0 0 0 0 1.5289 1.7394 4.3912 8.0602 3.4530 23.5914 -9.3742 0.8172
174 119 Car 0 0 0 0 0 0 0 1.8969 2.0809 4.3048 -20.7220 5.2133 51.4285 -10.7850 0.6888
175 50 Car 0 0 0 0 0 0 0 1.7220 1.8830 4.6202 28.4113 3.2586 8.5154 -12.4832 0.8039
175 76 Car 0 0 0 0 0 0 0 1.5976 1.6968 4.2186 7.9499 3.8434 27.0165 -9.3659 0.7172
175 87 Car 0 0 0 0 0 0 0 1.5290 1.7499 4.3555 7.9689 3.4552 23.6020 -9.3777 0.8535
175 119 Car 0 0 0 0 0 0 0 1.9873 2.0860 4.3437 -20.7250 5.2765 51.4148 -10.7968 0.6774
176 50 Car 0 0 0 0 0 0 0 1.7655 1.8221 4.7814 29.4211 3.2560 8.4611 -12.4961 0.8219
176 76 Car 0 0 0 0 0 0 0 1.6200 1.6403 4.0189 7.9000 3.8799 26.9853 -9.3661 0.7127
176 87 Car 0 0 0 0 0 0 0 1.6004 1.7272 4.3237 7.9192 3.4988 23.5844 -9.3816 0.8612
176 119 Car 0 0 0 0 0 0 0 1.9714 2.0819 4.3239 -20.7263 5.2717 51.4288 -10.8007 0.7040
177 50 Car 0 0 0 0 0 0 0 1.7308 1.8324 4.6930 30.3938 3.2237 8.4060 -12.4804 0.8030
177 76 Car 0 0 0 0 0 0 0 1.5736 1.5904 3.7108 7.7491 3.8245 27.0047 -9.3419 0.7067
177 87 Car 0 0 0 0 0 0 0 1.6159 1.7314 4.3117 7.7898 3.5184 23.6224 -9.3643 0.8802
177 119 Car 0 0 0 0 0 0 0 2.0147 2.0827 4.3347 -20.6550 5.2496 51.4826 -10.7944 0.6876
178 50 Car 0 0 0 0 0 0 0 1.7793 1.9557 4.6954 31.6666 3.2157 8.3939 -12.4858 0.8222
178 76 Car 0 0 0 0 0 0 0 1.6056 1.6102 3.8793 7.8440 3.8582 27.0285 -9.3163 0.7237
178 87 Car 0 0 0 0 0 0 0 1.6649 1.7254 4.2835 7.7629 3.5587 23.6014 -9.3651 0.8704
178 119 Car 0 0 0 0 0 0 0 1.9854 2.0715 4.3015 -20.6414 5.2246 51.4825 -10.8108 0.7063
179 50 Car 0 0 0 0 0 0 0 1.7410 1.8816 4.6320 32.7153 3.1494 8.2648 -12.4772 0.7541
179 76 Car 0 0 0 0 0 0 0 1.6123 1.7083 4.1095 7.9786 3.8880 27.0721 -9.2815 0.5775
179 87 Car 0 0 0 0 0 0 0 1.6951 1.7169 4.2928 7.5997 3.6201 23.5905 -9.3713 0.8562
179 119 Car 0 0 0 0 0 0 0 1.9857 2.0885 4.3512 -20.6554 5.2625 51.4742 -10.8115 0.6799
180 50 Car 0 0 0 0 0 0 0 1.7621 1.9239 4.7010 33.9810 3.1436 8.1580 -12.4878 0.7579
180 76 Car 0 0 0 0 0 0 0 1.5830 1.6156 3.8956 7.7796 3.8577 27.1030 -9.3193 0.6018
180 87 Car 0 0 0 0 0 0 0 1.6719 1.7462 4.2954 7.5518 3.6119 23.6411 -9.3660 0.8841
180 119 Car 0 0 0 0 0 0 0 1.9894 2.0845 4.3476 -20.6174 5.2512 51.4837 -10.8042 0.6820
181 50 Car 0 0 0 0 0 0 0 1.7373 1.9244 4.6334 35.1318 3.1006 8.0965 -12.4883 0.7655
181 87 Car 0 0 0 0 0 0 0 1.6899 1.7829 4.3873 7.3828 3.6262 23.6663 -9.3677 0.8565
181 119 Car 0 0 0 0 0 0 0 2.0054 2.0549 4.2905 -20.6839 5.2884 51.4906 -10.8450 0.6595
182 50 Car 0 0 0 0 0 0 0 1.7009 1.9373 4.4284 36.0912 3.0637 8.0280 -12.4770 0.7590
182 87 Car 0 0 0 0 0 0 0 1.6970 1.7501 4.1741 7.1560 3.6303 23.6829 -9.3536 0.8582
182 119 Car 0 0 0 0 0 0 0 1.9714 2.0993 4.3802 -20.7360 5.2950 51.4483 -10.7983 0.7139
183 50 Car 0 0 0 0 0 0 0 1.7421 1.9570 4.5998 37.2729 3.0180 7.9616 -12.4923 0.7061
183 87 Car 0 0 0 0 0 0 0 1.7207 1.7554 4.2086 7.0424 3.6404 23.6746 -9.3610 0.8589
183 119 Car 0 0 0 0 0 0 0 1.9598 2.0949 4.3689 -20.7183 5.2623 51.4340 -10.7892 0.6975
184 50 Car 0 0 0 0 0 0 0 1.6685 1.8234 4.7007 38.3178 3.0537 7.7896 -12.4616 0.7237
184 87 Car 0 0 0 0 0 0 0 1.7223 1.7733 4.2638 6.8845 3.6617 23.6704 -9.3728 0.8745
184 119 Car 0 0 0 0 0 0 0 1.9445 2.0919 4.3736 -20.7190 5.2584 51.4534 -10.8077 0.6860
185 50 Car 0 0 0 0 0 0 0 1.8029 1.9631 4.7972 39.3354 3.0107 7.7799 -12.4665 0.7812
185 87 Car 0 0 0 0 0 0 0 1.7298 1.8197 4.3461 6.6683 3.6812 23.6880 -9.3770 0.8727
185 119 Car 0 0 0 0 0 0 0 1.9245 2.0671 4.3190 -20.6702 5.2053 51.4768 -10.8058 0.7106
186 50 Car 0 0 0 0 0 0 0 1.7463 1.9671 4.6472 40.4488 2.9514 7.7211 -12.4770 0.7763
186 87 Car 0 0 0 0 0 0 0 1.7542 1.7810 4.3359 6.4612 3.6902 23.6952 -9.3611 0.8551
186 119 Car 0 0 0 0 0 0 0 1.8946 2.0636 4.2994 -20.6954 5.2124 51.4800 -10.8186 0.7077
187 50 Car 0 0 0 0 0 0 0 1.7998 1.9972 4.7467 41.7461 2.9354 7.6716 -12.5004 0.7242
187 76 Car 0 0 0 0 0 0 0 1.5904 1.7798 4.4422 7.5279 3.8817 27.0947 -9.2712 0.5456
187 87 Car 0 0 0 0 0 0 0 1.7658 1.7814 4.2495 6.3473 3.7144 23.7085 -9.3533 0.8857
187 119 Car 0 0 0 0 0 0 0 1.9691 2.0882 4.3776 -20.6564 5.2451 51.4980 -10.8133 0.6898
188 50 Car 0 0 0 0 0 0 0 1.6924 1.8786 4.6607 42.8720 2.9275 7.5058 -12.4658 0.7306
188 87 Car 0 0 0 0 0 0 0 1.7699 1.8631 4.2985 6.1084 3.7303 23.7630 -9.3717 0.8847
188 119 Car 0 0 0 0 0 0 0 1.9661 2.0780 4.2687 -20.6698 5.2358 51.4350 -10.7646 0.6433
189 50 Car 0 0 0 0 0 0 0 1.6555 1.9263 4.6928 44.0841 2.9070 7.4442 -12.4877 0.6447
189 87 Car 0 0 0 0 0 0 0 1.8482 1.8410 4.3546 5.8164 3.7727 23.7841 -9.3651 0.8846
189 119 Car 0 0 0 0 0 0 0 1.9506 2.0654 4.3095 -20.6698 5.2405 51.4521 -10.8062 0.6752
