0 2 Car 0 0 0 0 0 0 0 1.5610 1.7144 4.4798 -9.2641 4.3392 28.5216 -9.3044 0.7164
0 0 Car 0 0 0 0 0 0 0 1.6940 1.7399 4.1139 -8.7803 4.1747 24.7393 -9.3853 0.8824
0 1 Car 0 0 0 0 0 0 0 1.5287 1.9376 4.8496 7.3582 3.8570 27.3745 -9.3255 0.8390
0 4 Car 0 0 0 0 0 0 0 1.9599 2.0810 4.3607 -20.6656 5.2515 51.4617 -10.8151 0.6899
0 3 Car 0 0 0 0 0 0 0 1.5330 1.9059 4.0989 -48.5736 5.2995 13.0587 -12.5655 0.6982
1 6 Car 0 0 0 0 0 0 0 1.6136 1.1939 3.0056 16.8896 3.6932 1.2357 -12.4633 0.5125
1 2 Car 0 0 0 0 0 0 0 1.5746 1.6606 4.2693 -9.9239 4.3132 28.6141 -9.3032 0.6958
1 0 Car 0 0 0 0 0 0 0 1.7357 1.7582 4.0914 -9.3253 4.1878 24.7406 -9.3941 0.8895
1 1 Car 0 0 0 0 0 0 0 1.5022 1.8966 4.8212 6.5841 3.8402 27.4192 -9.3287 0.8574
1 4 Car 0 0 0 0 0 0 0 1.9918 2.0656 4.1927 -20.6461 5.2757 51.3723 -10.7704 0.6479
1 3 Car 0 0 0 0 0 0 0 1.5287 1.8906 4.0500 -48.2508 5.3065 13.0243 -12.5480 0.7457
2 6 Car 0 0 0 0 0 0 0 1.6074 1.1584 2.9479 15.8647 3.7052 1.3577 -12.4959 0.5222
2 2 Car 0 0 0 0 0 0 0 1.5984 1.6605 4.1587 -10.4481 4.3927 28.6290 -9.3016 0.6193
2 0 Car 0 0 0 0 0 0 0 1.6835 1.7694 4.1234 -10.0028 4.1969 24.7958 -9.3813 0.8748
2 1 Car 0 0 0 0 0 0 0 1.5219 1.9777 4.7836 5.8389 3.9008 27.4946 -9.3432 0.8448
2 4 Car 0 0 0 0 0 0 0 1.9642 2.0695 4.2958 -20.6899 5.2633 51.4364 -10.8271 0.6797
2 3 Car 0 0 0 0 0 0 0 1.5226 1.9039 4.2367 -48.2131 5.3201 13.0000 -12.5452 0.7721
3 2 Car 0 0 0 0 0 0 0 1.5984 1.7644 4.6092 -11.4575 4.4161 28.8003 -9.2496 0.6577
3 0 Car 0 0 0 0 0 0 0 1.7105 1.7474 4.2983 -10.6739 4.2365 24.8347 -9.3467 0.8564
3 1 Car 0 0 0 0 0 0 0 1.5261 1.9075 4.8166 5.2044 3.9213 27.4937 -9.3492 0.8853
3 4 Car 0 0 0 0 0 0 0 1.9989 2.0975 4.3001 -20.6894 5.2570 51.4751 -10.8321 0.7031
3 3 Car 0 0 0 0 0 0 0 1.6032 1.9569 4.2425 -48.0511 5.3196 13.0060 -12.5517 0.7755
4 2 Car 0 0 0 0 0 0 0 1.5757 1.7743 4.4640 -12.2960 4.4250 28.9659 -9.2894 0.6719
4 0 Car 0 0 0 0 0 0 0 1.7562 1.7761 4.0923 -11.1964 4.2512 24.9301 -9.3879 0.8610
4 1 Car 0 0 0 0 0 0 0 1.5363 1.8960 4.7960 4.4240 3.9509 27.6065 -9.3287 0.8790
4 4 Car 0 0 0 0 0 0 0 1.9710 2.0845 4.3917 -20.6591 5.2289 51.5153 -10.7882 0.6822
4 3 Car 0 0 0 0 0 0 0 1.6026 1.8858 4.2729 -47.8204 5.3061 13.0121 -12.5588 0.7532
5 6 Car 0 0 0 0 0 0 0 1.6280 1.0773 2.8747 13.5646 3.7782 1.5216 -12.5337 0.5770
5 2 Car 0 0 0 0 0 0 0 1.5997 1.7049 4.3978 -13.0646 4.4665 28.9608 -9.2999 0.7478
5 0 Car 0 0 0 0 0 0 0 1.6983 1.8715 4.0233 -11.9022 4.2556 24.9725 -9.3887 0.8868
5 1 Car 0 0 0 0 0 0 0 1.5432 1.9013 4.7761 3.5886 3.9752 27.6292 -9.3575 0.8862
5 4 Car 0 0 0 0 0 0 0 1.9694 2.0706 4.2884 -20.6729 5.2537 51.4438 -10.7949 0.6876
5 3 Car 0 0 0 0 0 0 0 1.5451 1.8857 4.1620 -47.5956 5.2865 12.9867 -12.5499 0.7690
6 2 Car 0 0 0 0 0 0 0 1.6169 1.6503 4.1771 -13.7237 4.5226 29.0209 -9.3243 0.7171
6 0 Car 0 0 0 0 0 0 0 1.7243 1.7142 3.9457 -12.5585 4.2934 24.9416 -9.3848 0.8734
6 1 Car 0 0 0 0 0 0 0 1.5344 1.8926 4.7858 2.8031 4.0047 27.7387 -9.3530 0.8108
6 4 Car 0 0 0 0 0 0 0 2.0097 2.0962 4.3497 -20.7051 5.3114 51.4370 -10.7963 0.7026
6 3 Car 0 0 0 0 0 0 0 1.6579 1.9537 4.3245 -47.5030 5.3498 13.0129 -12.5432 0.7733
7 2 Car 0 0 0 0 0 0 0 1.5983 1.6698 4.3872 -14.4302 4.5456 29.1323 -9.3394 0.6889
7 0 Car 0 0 0 0 0 0 0 1.6632 1.8500 4.1014 -13.2802 4.3108 25.0641 -9.3762 0.8947
7 1 Car 0 0 0 0 0 0 0 1.5504 1.9139 4.7640 2.0595 4.0411 27.7826 -9.3478 0.8542
7 4 Car 0 0 0 0 0 0 0 2.0165 2.1012 4.4018 -20.6762 5.2813 51.4866 -10.7958 0.7051
7 3 Car 0 0 0 0 0 0 0 1.6247 1.9759 4.3991 -47.4041 5.3591 13.0148 -12.5346 0.7844
8 2 Car 0 0 0 0 0 0 0 1.5715 1.7164 4.6447 -15.2887 4.5900 29.1674 -9.2932 0.7063
8 0 Car 0 0 0 0 0 0 0 1.7226 1.7803 4.1044 -13.8966 4.3216 25.0232 -9.3841 0.8933
8 1 Car 0 0 0 0 0 0 0 1.5509 1.8144 4.5888 0.9743 4.0308 27.8113 -9.3282 0.8000
8 4 Car 0 0 0 0 0 0 0 1.9499 2.0966 4.3087 -20.7061 5.3128 51.4566 -10.7737 0.7191
8 3 Car 0 0 0 0 0 0 0 1.6532 1.9496 4.4872 -47.3471 5.3684 13.0264 -12.5428 0.7826
9 2 Car 0 0 0 0 0 0 0 1.5489 1.7685 4.2974 -16.1710 4.6136 29.3628 -9.2973 0.7144
9 0 Car 0 0 0 0 0 0 0 1.6942 1.8602 4.1713 -14.6838 4.3189 25.1098 -9.3729 0.9153
9 1 Car 0 0 0 0 0 0 0 1.5510 1.8572 4.6416 0.0869 4.0665 27.8967 -9.3388 0.7873
9 4 Car 0 0 0 0 0 0 0 1.9728 2.1057 4.3765 -20.7279 5.3046 51.4227 -10.7769 0.7107
9 3 Car 0 0 0 0 0 0 0 1.5555 1.8903 4.3025 -47.0583 5.2944 13.0109 -12.5572 0.7763
10 2 Car 0 0 0 0 0 0 0 1.5576 1.6546 4.2350 -16.9621 4.6097 29.3547 -9.3253 0.7207
10 0 Car 0 0 0 0 0 0 0 1.7174 1.8573 4.1826 -15.2741 4.3788 25.1263 -9.3817 0.8559
10 1 Car 0 0 0 0 0 0 0 1.5504 1.8449 4.7772 -0.7601 4.1106 27.9977 -9.3322 0.8060
10 4 Car 0 0 0 0 0 0 0 1.9327 2.0587 4.3127 -20.6225 5.2583 51.4664 -10.8423 0.6944
10 3 Car 0 0 0 0 0 0 0 1.5775 1.8987 4.4097 -47.0019 5.2925 12.9931 -12.5641 0.7867
11 2 Car 0 0 0 0 0 0 0 1.5775 1.7054 4.2638 -17.9140 4.6082 29.4474 -9.3051 0.8053
11 0 Car 0 0 0 0 0 0 0 1.6716 1.8334 4.1957 -16.0570 4.3652 25.1281 -9.3833 0.8595
11 1 Car 0 0 0 0 0 0 0 1.5677 1.8846 4.7302 -1.5925 4.1317 28.0748 -9.3532 0.8204
11 4 Car 0 0 0 0 0 0 0 2.0186 2.1054 4.3690 -20.6259 5.2809 51.5144 -10.7974 0.6915
11 3 Car 0 0 0 0 0 0 0 1.6375 1.8852 4.3285 -46.7840 5.3020 12.9863 -12.5441 0.7903
12 2 Car 0 0 0 0 0 0 0 1.5872 1.7026 4.3646 -18.6344 4.6021 29.5301 -9.3289 0.7701
12 0 Car 0 0 0 0 0 0 0 1.6538 1.7107 4.0516 -16.6667 4.4044 25.1560 -9.3548 0.8827
12 1 Car 0 0 0 0 0 0 0 1.5595 1.8789 4.6637 -2.6551 4.1477 28.1646 -9.3540 0.8243
12 4 Car 0 0 0 0 0 0 0 1.9988 2.1053 4.3685 -20.6558 5.2665 51.5090 -10.7958 0.7178
12 3 Car 0 0 0 0 0 0 0 1.6886 1.8827 4.1721 -46.6886 5.3220 12.9498 -12.5485 0.7865
13 2 Car 0 0 0 0 0 0 0 1.5616 1.6647 4.4491 -19.5443 4.6397 29.6331 -9.3150 0.7649
13 0 Car 0 0 0 0 0 0 0 1.7588 1.8761 4.2059 -17.4759 4.4632 25.3086 -9.3576 0.8696
13 1 Car 0 0 0 0 0 0 0 1.5743 1.9059 4.7823 -3.4393 4.1623 28.2169 -9.3705 0.8405
13 4 Car 0 0 0 0 0 0 0 1.9656 2.0818 4.3287 -20.6339 5.2443 51.4783 -10.7909 0.7039
13 3 Car 0 0 0 0 0 0 0 1.6268 1.8613 4.2409 -46.6493 5.3192 12.9575 -12.5473 0.7601
14 2 Car 0 0 0 0 0 0 0 1.5785 1.6400 4.2690 -20.2722 4.6627 29.7431 -9.3186 0.8349
14 0 Car 0 0 0 0 0 0 0 1.7326 1.8174 4.1950 -18.2484 4.4672 25.3119 -9.3549 0.8268
14 1 Car 0 0 0 0 0 0 0 1.5630 1.7898 4.5124 -4.1169 4.1552 28.2377 -9.3462 0.8536
14 4 Car 0 0 0 0 0 0 0 1.9976 2.1079 4.4143 -20.6513 5.2479 51.4888 -10.7904 0.6816
14 3 Car 0 0 0 0 0 0 0 1.4744 1.9090 4.1838 -46.5210 5.2667 13.0012 -12.5349 0.7439
15 2 Car 0 0 0 0 0 0 0 1.5902 1.7021 4.4413 -21.3980 4.7214 29.8631 -9.3065 0.7636
15 0 Car 0 0 0 0 0 0 0 1.7155 1.8075 4.0308 -18.9089 4.4864 25.3586 -9.3529 0.8628
15 1 Car 0 0 0 0 0 0 0 1.5392 1.8522 4.5479 -5.1300 4.1887 28.3293 -9.3528 0.8160
15 4 Car 0 0 0 0 0 0 0 1.9106 2.0510 4.3099 -20.6428 5.2037 51.4701 -10.7849 0.7109
15 3 Car 0 0 0 0 0 0 0 1.4812 1.9091 3.9799 -46.3905 5.2589 12.9990 -12.5498 0.7403
16 2 Car 0 0 0 0 0 0 0 1.6109 1.6947 4.3580 -22.2292 4.6950 29.9380 -9.3344 0.8042
16 0 Car 0 0 0 0 0 0 0 1.7717 1.6785 4.0821 -19.6494 4.5257 25.3630 -9.3382 0.8664
16 1 Car 0 0 0 0 0 0 0 1.5240 1.8028 4.5118 -6.1139 4.2133 28.3719 -9.3658 0.8199
16 4 Car 0 0 0 0 0 0 0 1.9694 2.1029 4.3181 -20.7179 5.2860 51.4328 -10.8134 0.7062
16 3 Car 0 0 0 0 0 0 0 1.5256 1.9197 4.0757 -46.3066 5.2820 13.0081 -12.5505 0.7675
17 2 Car 0 0 0 0 0 0 0 1.6040 1.7155 4.3765 -23.2019 4.7532 30.0570 -9.3257 0.8121
17 0 Car 0 0 0 0 0 0 0 1.6859 1.8044 4.2614 -20.5743 4.5111 25.4558 -9.3485 0.8073
17 1 Car 0 0 0 0 0 0 0 1.5554 1.7772 4.4067 -6.9147 4.2157 28.4121 -9.3677 0.7946
17 4 Car 0 0 0 0 0 0 0 1.9626 2.0915 4.3267 -20.7103 5.2171 51.4546 -10.8011 0.7052
17 3 Car 0 0 0 0 0 0 0 1.5481 1.9040 4.1058 -46.1932 5.2907 12.9932 -12.5330 0.7385
18 2 Car 0 0 0 0 0 0 0 1.5959 1.7755 4.6065 -24.0632 4.7918 30.1402 -9.3306 0.8298
18 0 Car 0 0 0 0 0 0 0 1.7514 1.7876 4.0376 -21.2339 4.5381 25.5531 -9.3930 0.8337
18 1 Car 0 0 0 0 0 0 0 1.5537 1.8072 4.5997 -7.9219 4.2391 28.5213 -9.3568 0.8410
18 4 Car 0 0 0 0 0 0 0 1.9467 2.0870 4.3869 -20.6955 5.2042 51.5046 -10.7822 0.6872
18 3 Car 0 0 0 0 0 0 0 1.5361 1.9196 4.1035 -46.1714 5.2885 12.9979 -12.5344 0.7463
19 2 Car 0 0 0 0 0 0 0 1.5925 1.7397 4.5502 -25.1734 4.8211 30.2754 -9.3052 0.7701
19 0 Car 0 0 0 0 0 0 0 1.7440 1.7657 4.0677 -22.1157 4.5609 25.5879 -9.3738 0.8512
19 1 Car 0 0 0 0 0 0 0 1.5459 1.8210 4.6805 -8.8801 4.2752 28.5801 -9.3456 0.8306
19 4 Car 0 0 0 0 0 0 0 2.0260 2.0981 4.3221 -20.6238 5.2537 51.5021 -10.8129 0.7167
19 3 Car 0 0 0 0 0 0 0 1.5360 1.8857 4.0605 -46.0096 5.2569 12.9753 -12.5416 0.7693
20 2 Car 0 0 0 0 0 0 0 1.5682 1.6553 4.4456 -26.1048 4.7909 30.3350 -9.2988 0.8049
20 0 Car 0 0 0 0 0 0 0 1.6934 1.8403 4.1085 -22.8438 4.5770 25.6165 -9.3833 0.8083
20 1 Car 0 0 0 0 0 0 0 1.5322 1.7762 4.6578 -9.8164 4.3011 28.6016 -9.3526 0.8437
20 4 Car 0 0 0 0 0 0 0 1.9888 2.0570 4.2584 -20.6219 5.2781 51.4271 -10.8091 0.6785
20 3 Car 0 0 0 0 0 0 0 1.5274 1.8859 4.0816 -45.9519 5.2544 12.9913 -12.5454 0.7787
21 2 Car 0 0 0 0 0 0 0 1.6050 1.7008 4.4763 -27.1326 4.8411 30.4649 -9.3270 0.8165
21 0 Car 0 0 0 0 0 0 0 1.7279 1.7871 4.0548 -23.6900 4.5932 25.6745 -9.3637 0.8551
21 1 Car 0 0 0 0 0 0 0 1.5516 1.8391 4.7044 -10.8091 4.3404 28.6947 -9.3452 0.8691
21 4 Car 0 0 0 0 0 0 0 1.9563 2.0966 4.3357 -20.7003 5.2661 51.4502 -10.7959 0.7267
21 3 Car 0 0 0 0 0 0 0 1.5188 1.8636 4.0314 -45.9131 5.2357 12.9816 -12.5349 0.7740
22 2 Car 0 0 0 0 0 0 0 1.6326 1.7740 4.4883 -28.2991 4.8808 30.6160 -9.3216 0.7654
22 0 Car 0 0 0 0 0 0 0 1.7549 1.8444 4.1986 -24.4910 4.6223 25.6951 -9.3710 0.8239
22 1 Car 0 0 0 0 0 0 0 1.5475 1.8825 4.6959 -11.7091 4.3742 28.8184 -9.3305 0.8899
22 4 Car 0 0 0 0 0 0 0 1.9824 2.0985 4.3801 -20.6354 5.2363 51.5087 -10.8141 0.6942
22 3 Car 0 0 0 0 0 0 0 1.4934 1.8778 4.0742 -45.8727 5.2534 12.9866 -12.5409 0.8030
23 2 Car 0 0 0 0 0 0 0 1.6313 1.7453 4.4305 -29.2703 4.8778 30.7205 -9.3208 0.7511
23 0 Car 0 0 0 0 0 0 0 1.7746 1.7526 4.1894 -25.3081 4.6249 25.7486 -9.3572 0.8037
23 1 Car 0 0 0 0 0 0 0 1.5576 1.8241 4.5239 -12.5041 4.3987 28.8447 -9.3682 0.8653
23 4 Car 0 0 0 0 0 0 0 1.9847 2.0431 4.2795 -20.6526 5.2607 51.4535 -10.7919 0.6540
23 3 Car 0 0 0 0 0 0 0 1.5014 1.8703 4.0963 -45.8499 5.2625 12.9701 -12.5223 0.7809
24 2 Car 0 0 0 0 0 0 0 1.6727 1.6991 4.3354 -30.3976 4.9403 30.7873 -9.2921 0.7349
24 0 Car 0 0 0 0 0 0 0 1.7022 1.7227 4.1788 -26.2408 4.6213 25.7796 -9.3591 0.8417
24 1 Car 0 0 0 0 0 0 0 1.5727 1.8085 4.5530 -13.5206 4.4113 28.9308 -9.3422 0.8537
24 4 Car 0 0 0 0 0 0 0 1.9809 2.0942 4.3681 -20.7123 5.2776 51.4268 -10.7980 0.6934
24 3 Car 0 0 0 0 0 0 0 1.5018 1.8721 4.0864 -45.8422 5.2646 12.9727 -12.5216 0.7976
25 2 Car 0 0 0 0 0 0 0 1.6534 1.7581 4.4697 -31.4424 4.9581 30.8967 -9.2824 0.7646
25 0 Car 0 0 0 0 0 0 0 1.7292 1.7598 4.3891 -27.1624 4.6579 25.8389 -9.3599 0.7784
25 1 Car 0 0 0 0 0 0 0 1.5499 1.7438 4.3919 -14.3824 4.4509 28.9568 -9.3412 0.8860
25 4 Car 0 0 0 0 0 0 0 1.9649 2.0817 4.3694 -20.6630 5.2400 51.5151 -10.8240 0.7026
25 3 Car 0 0 0 0 0 0 0 1.4913 1.8626 4.1037 -45.8305 5.2602 12.9710 -12.5250 0.7777
26 2 Car 0 0 0 0 0 0 0 1.6602 1.6807 4.3628 -32.5441 5.0345 31.0322 -9.2927 0.8059
26 0 Car 0 0 0 0 0 0 0 1.7281 1.8089 4.5619 -28.0407 4.6925 25.9511 -9.3692 0.7884
26 1 Car 0 0 0 0 0 0 0 1.5035 1.7424 4.6158 -15.4277 4.4269 29.0000 -9.3525 0.8815
26 4 Car 0 0 0 0 0 0 0 1.9331 2.1050 4.3704 -20.7001 5.2769 51.4402 -10.7848 0.7031
26 3 Car 0 0 0 0 0 0 0 1.4817 1.8798 4.1270 -45.8520 5.2666 12.9659 -12.5255 0.7783
27 2 Car 0 0 0 0 0 0 0 1.6104 1.8423 4.5267 -33.6613 5.0976 31.2531 -9.2603 0.8353
27 0 Car 0 0 0 0 0 0 0 1.7904 1.7627 4.6254 -29.0524 4.7202 26.0168 -9.3648 0.8420
27 1 Car 0 0 0 0 0 0 0 1.5273 1.7217 4.3355 -16.3268 4.5091 29.0286 -9.3592 0.8798
27 4 Car 0 0 0 0 0 0 0 1.9738 2.0990 4.3733 -20.6793 5.2400 51.5149 -10.7936 0.7136
27 3 Car 0 0 0 0 0 0 0 1.4652 1.8704 4.0526 -45.8245 5.2592 12.9740 -12.5261 0.7886
28 2 Car 0 0 0 0 0 0 0 1.5833 1.6991 4.4121 -34.8298 5.1155 31.2892 -9.3157 0.7920
28 0 Car 0 0 0 0 0 0 0 1.7512 1.6737 4.6501 -29.8802 4.7153 26.0828 -9.3782 0.8103
28 1 Car 0 0 0 0 0 0 0 1.5434 1.7065 4.4558 -17.2546 4.5633 29.1059 -9.3546 0.8642
28 4 Car 0 0 0 0 0 0 0 1.9835 2.1121 4.3367 -20.7080 5.3174 51.4297 -10.7892 0.7181
28 3 Car 0 0 0 0 0 0 0 1.4893 1.8881 4.1092 -45.8297 5.2647 12.9839 -12.5239 0.7792
29 2 Car 0 0 0 0 0 0 0 1.5761 1.7709 4.4112 -35.8427 5.1619 31.5244 -9.3026 0.6828
29 0 Car 0 0 0 0 0 0 0 1.7785 1.7555 4.8151 -30.7438 4.7685 26.1460 -9.3715 0.8149
29 1 Car 0 0 0 0 0 0 0 1.5636 1.7853 4.5950 -18.2174 4.6117 29.2287 -9.3369 0.8680
29 4 Car 0 0 0 0 0 0 0 1.9913 2.0826 4.3278 -20.6259 5.2780 51.4568 -10.8033 0.6953
29 3 Car 0 0 0 0 0 0 0 1.4891 1.8783 4.1337 -45.8174 5.2715 12.9897 -12.5250 0.7830
30 2 Car 0 0 0 0 0 0 0 1.6463 1.8083 4.6192 -37.3509 5.1264 31.7772 -9.2877 0.5563
30 0 Car 0 0 0 0 0 0 0 1.6823 1.6585 4.5070 -31.5766 4.6871 26.2014 -9.3601 0.7437
30 1 Car 0 0 0 0 0 0 0 1.5401 1.8190 4.6728 -19.1871 4.6131 29.2709 -9.3453 0.8263
30 4 Car 0 0 0 0 0 0 0 1.9590 2.0930 4.3918 -20.6685 5.2408 51.5387 -10.7940 0.6771
30 3 Car 0 0 0 0 0 0 0 1.4837 1.9025 4.1271 -45.8434 5.2714 12.9863 -12.5271 0.7840
31 0 Car 0 0 0 0 0 0 0 1.6676 1.6866 4.4891 -32.5759 4.7130 26.2472 -9.4233 0.6424
31 1 Car 0 0 0 0 0 0 0 1.5212 1.7060 4.3925 -20.2157 4.5859 29.3169 -9.3638 0.8681
31 4 Car 0 0 0 0 0 0 0 1.9707 2.1009 4.3561 -20.6833 5.2279 51.4983 -10.7794 0.7129
31 3 Car 0 0 0 0 0 0 0 1.4817 1.9017 4.1305 -45.8389 5.2611 12.9705 -12.5264 0.7615
32 0 Car 0 0 0 0 0 0 0 1.7251 1.7335 4.6156 -33.7179 4.7782 26.2950 -9.3810 0.6274
32 1 Car 0 0 0 0 0 0 0 1.5484 1.7640 4.4728 -21.1305 4.6353 29.4006 -9.3622 0.8904
32 4 Car 0 0 0 0 0 0 0 1.9453 2.0925 4.3347 -20.7388 5.2704 51.3956 -10.7443 0.7044
32 3 Car 0 0 0 0 0 0 0 1.4882 1.8999 4.1274 -45.8323 5.2846 12.9706 -12.5262 0.7952
33 0 Car 0 0 0 0 0 0 0 1.7922 1.7608 4.6610 -35.3580 4.8543 26.4032 -9.4015 0.5520
33 1 Car 0 0 0 0 0 0 0 1.5470 1.7357 4.6383 -22.0816 4.6703 29.3949 -9.3791 0.8464
33 4 Car 0 0 0 0 0 0 0 2.0317 2.0693 4.2382 -20.6562 5.2824 51.4508 -10.8060 0.6832
33 3 Car 0 0 0 0 0 0 0 1.5122 1.9499 4.1469 -45.8302 5.2748 13.0089 -12.5399 0.7856
34 0 Car 0 0 0 0 0 0 0 1.6825 1.7295 4.2383 -36.4519 4.8732 26.4121 -9.3986 0.5948
34 1 Car 0 0 0 0 0 0 0 1.5944 1.8391 4.5201 -23.1635 4.7521 29.4900 -9.3772 0.8737
34 4 Car 0 0 0 0 0 0 0 1.9785 2.0818 4.3211 -20.7096 5.2762 51.4312 -10.8303 0.6854
34 3 Car 0 0 0 0 0 0 0 1.4924 1.9108 4.1078 -45.8294 5.2648 12.9726 -12.5338 0.7851
35 0 Car 0 0 0 0 0 0 0 1.8322 1.6053 4.2030 -37.4073 4.8717 26.4464 -9.3849 0.5503
35 1 Car 0 0 0 0 0 0 0 1.5808 1.8391 4.4890 -24.2071 4.7524 29.5025 -9.3846 0.8845
35 4 Car 0 0 0 0 0 0 0 2.0179 2.1028 4.3983 -20.6457 5.2638 51.5172 -10.7965 0.6702
35 3 Car 0 0 0 0 0 0 0 1.5017 1.9182 4.1221 -45.8322 5.2687 12.9797 -12.5324 0.7776
36 0 Car 0 0 0 0 0 0 0 1.7712 1.7226 4.3014 -38.5389 4.9286 26.5050 -9.4007 0.5260
36 1 Car 0 0 0 0 0 0 0 1.5745 1.7700 4.6321 -25.1601 4.7603 29.5799 -9.3473 0.8372
36 4 Car 0 0 0 0 0 0 0 1.8860 2.0660 4.3327 -20.6844 5.2275 51.5134 -10.8143 0.6733
36 3 Car 0 0 0 0 0 0 0 1.4980 1.9144 4.1136 -45.8357 5.2670 12.9803 -12.5290 0.7719
37 0 Car 0 0 0 0 0 0 0 1.9447 1.6910 4.3248 -39.6847 4.9999 26.5563 -9.3904 0.5302
37 1 Car 0 0 0 0 0 0 0 1.5891 1.8121 4.7459 -26.3406 4.8615 29.6518 -9.3741 0.8551
37 4 Car 0 0 0 0 0 0 0 1.9780 2.0562 4.2020 -20.6585 5.2564 51.3863 -10.8034 0.6530
37 3 Car 0 0 0 0 0 0 0 1.5022 1.9228 4.1011 -45.8403 5.2716 12.9876 -12.5298 0.7711
38 1 Car 0 0 0 0 0 0 0 1.5569 1.8673 4.7798 -27.2840 4.8632 29.6971 -9.3963 0.8804
38 4 Car 0 0 0 0 0 0 0 2.0157 2.0861 4.2726 -20.6576 5.2767 51.4433 -10.7813 0.6513
38 3 Car 0 0 0 0 0 0 0 1.4997 1.9239 4.1162 -45.8379 5.2699 12.9762 -12.5321 0.7681
39 1 Car 0 0 0 0 0 0 0 1.5698 1.8133 4.9452 -28.2683 4.8789 29.7354 -9.3719 0.8177
39 4 Car 0 0 0 0 0 0 0 1.9856 2.0896 4.3446 -20.6476 5.2628 51.4905 -10.8218 0.6799
39 3 Car 0 0 0 0 0 0 0 1.4908 1.8938 4.0604 -45.8344 5.2609 12.9615 -12.5309 0.7745
40 1 Car 0 0 0 0 0 0 0 1.5748 1.8242 4.9984 -29.3263 4.8908 29.7932 -9.3625 0.7953
40 4 Car 0 0 0 0 0 0 0 1.9904 2.0789 4.2799 -20.6877 5.2537 51.4184 -10.7609 0.6219
40 3 Car 0 0 0 0 0 0 0 1.4922 1.9169 4.0713 -45.8232 5.2718 12.9853 -12.5311 0.7686
41 1 Car 0 0 0 0 0 0 0 1.5607 1.8090 4.8741 -30.5483 4.9457 29.8182 -9.3835 0.7818
41 4 Car 0 0 0 0 0 0 0 1.9589 2.0436 4.1867 -20.6426 5.2359 51.3966 -10.7776 0.6667
41 3 Car 0 0 0 0 0 0 0 1.4968 1.9416 4.1039 -45.8354 5.2806 13.0018 -12.5384 0.7659
42 1 Car 0 0 0 0 0 0 0 1.5259 1.8002 4.8309 -31.5067 4.9244 29.8693 -9.3689 0.8385
42 4 Car 0 0 0 0 0 0 0 2.0073 2.0902 4.3435 -20.6408 5.2606 51.5011 -10.8107 0.6994
42 3 Car 0 0 0 0 0 0 0 1.4855 1.9179 4.1039 -45.8214 5.2695 12.9848 -12.5310 0.7556
43 1 Car 0 0 0 0 0 0 0 1.5924 1.8174 5.0140 -32.6187 4.9754 29.9863 -9.3623 0.7249
43 4 Car 0 0 0 0 0 0 0 2.0065 2.0593 4.2722 -20.6261 5.2659 51.4191 -10.8158 0.6827
43 3 Car 0 0 0 0 0 0 0 1.4868 1.9265 4.0892 -45.8350 5.2820 12.9899 -12.5282 0.7456
44 1 Car 0 0 0 0 0 0 0 1.5658 1.8356 4.9407 -33.7314 5.0266 30.0343 -9.3756 0.8067
44 4 Car 0 0 0 0 0 0 0 2.0135 2.0756 4.2753 -20.6876 5.2808 51.4453 -10.8064 0.6727
44 3 Car 0 0 0 0 0 0 0 1.4840 1.9120 4.0893 -45.8232 5.2726 12.9735 -12.5290 0.7472
45 1 Car 0 0 0 0 0 0 0 1.5615 1.7738 5.0061 -35.0693 5.0560 30.0099 -9.3874 0.7226
45 4 Car 0 0 0 0 0 0 0 1.9689 2.0990 4.3655 -20.7132 5.3066 51.4120 -10.7833 0.6940
45 3 Car 0 0 0 0 0 0 0 1.4978 1.9577 4.0981 -45.8275 5.2768 13.0007 -12.5414 0.7479
46 1 Car 0 0 0 0 0 0 0 1.5960 1.7837 5.0141 -35.7761 5.0802 30.0237 -9.3554 0.7352
46 4 Car 0 0 0 0 0 0 0 1.9990 2.0883 4.3659 -20.6366 5.2480 51.5091 -10.8241 0.7045
46 3 Car 0 0 0 0 0 0 0 1.4827 1.9266 4.0569 -45.8432 5.2782 12.9987 -12.5293 0.7477
47 1 Car 0 0 0 0 0 0 0 1.5687 1.8103 5.0212 -37.4795 5.1317 30.1395 -9.3672 0.6423
47 4 Car 0 0 0 0 0 0 0 1.9687 2.1021 4.3447 -20.6966 5.2623 51.4440 -10.7890 0.6981
47 3 Car 0 0 0 0 0 0 0 1.4801 1.9118 4.0780 -45.8274 5.2730 12.9796 -12.5354 0.7379
48 1 Car 0 0 0 0 0 0 0 1.6300 1.7254 4.6561 -38.8571 5.1843 30.2628 -9.3994 0.6458
48 4 Car 0 0 0 0 0 0 0 1.9541 2.0995 4.3570 -20.7024 5.2461 51.4333 -10.7962 0.7254
48 3 Car 0 0 0 0 0 0 0 1.5164 1.9707 4.0883 -45.8643 5.2863 13.0102 -12.5333 0.7186
49 1 Car 0 0 0 0 0 0 0 1.5736 1.7915 4.5267 -40.1326 5.1993 30.3531 -9.4022 0.6093
49 4 Car 0 0 0 0 0 0 0 1.9565 2.0865 4.3483 -20.7312 5.2720 51.4144 -10.7939 0.7096
49 3 Car 0 0 0 0 0 0 0 1.4756 1.8829 4.0333 -45.8279 5.2516 12.9758 -12.5325 0.7226
50 1 Car 0 0 0 0 0 0 0 1.6457 1.8112 4.7056 -41.5088 5.2030 30.3630 -9.4080 0.6285
50 4 Car 0 0 0 0 0 0 0 2.0208 2.0736 4.2908 -20.7000 5.2834 51.4287 -10.7784 0.6481
50 3 Car 0 0 0 0 0 0 0 1.4690 1.9088 4.0750 -45.8157 5.2781 12.9866 -12.5311 0.7363
51 1 Car 0 0 0 0 0 0 0 1.6161 1.7039 4.5190 -42.5654 5.2306 30.3532 -9.3894 0.5940
51 4 Car 0 0 0 0 0 0 0 1.9320 2.0662 4.2375 -20.6192 5.2437 51.4038 -10.7965 0.6792
51 3 Car 0 0 0 0 0 0 0 1.4880 1.9375 4.0945 -45.8584 5.2811 12.9859 -12.5249 0.7267
52 1 Car 0 0 0 0 0 0 0 1.5715 1.7141 4.5477 -43.8135 5.2322 30.4574 -9.3810 0.5822
52 4 Car 0 0 0 0 0 0 0 2.0023 2.1004 4.3896 -20.6569 5.2731 51.4931 -10.8007 0.6769
52 3 Car 0 0 0 0 0 0 0 1.4922 1.9372 4.0958 -45.8625 5.2901 12.9793 -12.5201 0.7184
53 1 Car 0 0 0 0 0 0 0 1.5937 1.6585 4.6184 -45.0198 5.2329 30.4531 -9.3991 0.5331
53 4 Car 0 0 0 0 0 0 0 1.9699 2.1202 4.4124 -20.6799 5.2743 51.5264 -10.7689 0.6742
53 3 Car 0 0 0 0 0 0 0 1.4596 1.8722 4.0301 -45.7953 5.2557 12.9711 -12.5328 0.7153
54 1 Car 0 0 0 0 0 0 0 1.6113 1.7294 4.5120 -46.1770 5.2608 30.5060 -9.3937 0.5122
54 4 Car 0 0 0 0 0 0 0 2.0079 2.1161 4.3449 -20.6567 5.2773 51.4452 -10.8049 0.6948
54 3 Car 0 0 0 0 0 0 0 1.4909 1.9612 4.0899 -45.8422 5.2895 13.0124 -12.5262 0.6866
55 4 Car 0 0 0 0 0 0 0 1.9679 2.0770 4.2727 -20.7677 5.2753 51.4099 -10.8243 0.6273
55 3 Car 0 0 0 0 0 0 0 1.4805 1.9128 4.1049 -45.8363 5.2739 12.9886 -12.5284 0.6933
56 3 Car 0 0 0 0 0 0 0 1.4797 1.9356 4.1206 -45.8579 5.2820 12.9793 -12.5200 0.6993
57 3 Car 0 0 0 0 0 0 0 1.4722 1.9248 4.1071 -45.8362 5.2812 12.9875 -12.5311 0.6769
58 3 Car 0 0 0 0 0 0 0 1.4699 1.9072 4.1056 -45.8253 5.2846 12.9791 -12.5330 0.7020
59 3 Car 0 0 0 0 0 0 0 1.4965 1.9253 4.1208 -45.8493 5.2889 12.9946 -12.5343 0.6334
60 62 Car 0 0 0 0 0 0 0 1.7063 1.9348 4.5546 55.1533 2.5957 24.2226 -9.3442 0.5157
60 3 Car 0 0 0 0 0 0 0 1.4736 1.9133 4.0969 -45.8298 5.2858 12.9917 -12.5342 0.6493
61 62 Car 0 0 0 0 0 0 0 1.6185 1.8543 4.2528 53.4516 2.6129 24.3983 -9.3437 0.5197
61 3 Car 0 0 0 0 0 0 0 1.4799 1.9387 4.1307 -45.8589 5.2980 12.9914 -12.5355 0.6476
62 62 Car 0 0 0 0 0 0 0 1.7447 1.9405 4.4869 52.2177 2.7027 24.3767 -9.3646 0.5854
62 3 Car 0 0 0 0 0 0 0 1.4796 1.9207 4.1092 -45.8375 5.2803 12.9865 -12.5353 0.6494
63 62 Car 0 0 0 0 0 0 0 1.6951 1.7637 4.4531 50.4889 2.6871 24.4378 -9.3566 0.5807
63 3 Car 0 0 0 0 0 0 0 1.4752 1.9170 4.0952 -45.8295 5.2820 12.9807 -12.5378 0.6558
64 62 Car 0 0 0 0 0 0 0 1.7130 1.8285 4.3576 49.0351 2.7669 24.6034 -9.3454 0.6007
64 3 Car 0 0 0 0 0 0 0 1.4720 1.9102 4.1153 -45.8296 5.2709 12.9896 -12.5347 0.6552
65 62 Car 0 0 0 0 0 0 0 1.7409 1.8284 4.5376 47.6122 2.7631 24.7356 -9.3576 0.6390
65 3 Car 0 0 0 0 0 0 0 1.4788 1.9041 4.1119 -45.8341 5.2741 12.9828 -12.5358 0.6417
66 62 Car 0 0 0 0 0 0 0 1.6693 1.7511 4.4111 45.9553 2.8099 24.7777 -9.3496 0.7197
66 3 Car 0 0 0 0 0 0 0 1.4778 1.9020 4.1067 -45.8099 5.2716 12.9858 -12.5408 0.6562
67 62 Car 0 0 0 0 0 0 0 1.7688 1.8218 4.5691 44.5392 2.8420 24.9408 -9.3414 0.6275
67 3 Car 0 0 0 0 0 0 0 1.4993 1.9577 4.1669 -45.8550 5.2920 13.0184 -12.5348 0.6596
68 62 Car 0 0 0 0 0 0 0 1.7490 1.8221 4.5106 43.0506 2.9311 25.0810 -9.3802 0.7645
68 3 Car 0 0 0 0 0 0 0 1.4587 1.8811 4.0499 -45.8376 5.2652 12.9739 -12.5371 0.7045
69 62 Car 0 0 0 0 0 0 0 1.7642 1.8684 4.5192 41.5488 3.0059 25.1996 -9.3466 0.7187
69 3 Car 0 0 0 0 0 0 0 1.4487 1.8908 4.0804 -45.8278 5.2701 12.9749 -12.5411 0.7025
70 62 Car 0 0 0 0 0 0 0 1.8010 1.9468 4.5204 40.0744 3.0902 25.3137 -9.4080 0.7452
70 3 Car 0 0 0 0 0 0 0 1.4609 1.8920 4.0452 -45.8308 5.2685 12.9811 -12.5355 0.7124
71 62 Car 0 0 0 0 0 0 0 1.7614 1.9588 4.6239 38.5026 3.0929 25.4766 -9.3767 0.7771
71 3 Car 0 0 0 0 0 0 0 1.4667 1.8910 4.0644 -45.8325 5.2585 12.9765 -12.5350 0.7104
72 62 Car 0 0 0 0 0 0 0 1.7714 1.9942 4.4934 37.0947 3.1616 25.5636 -9.3438 0.8618
72 3 Car 0 0 0 0 0 0 0 1.4632 1.8976 4.0766 -45.8416 5.2529 12.9815 -12.5346 0.7005
73 62 Car 0 0 0 0 0 0 0 1.8362 1.9866 4.4646 35.5070 3.2231 25.6417 -9.3248 0.8926
73 3 Car 0 0 0 0 0 0 0 1.4624 1.9087 4.0692 -45.8283 5.2712 12.9933 -12.5346 0.7017
74 62 Car 0 0 0 0 0 0 0 1.8358 2.0072 4.5754 33.9793 3.2155 25.7772 -9.3635 0.8932
74 3 Car 0 0 0 0 0 0 0 1.4739 1.9115 4.0744 -45.8275 5.2553 12.9953 -12.5325 0.6873
75 62 Car 0 0 0 0 0 0 0 1.8717 1.9849 4.5036 32.6152 3.2770 25.8518 -9.3648 0.8453
75 3 Car 0 0 0 0 0 0 0 1.4645 1.9055 4.0390 -45.8305 5.2541 12.9873 -12.5311 0.7027
76 62 Car 0 0 0 0 0 0 0 1.7701 1.9609 4.4588 31.2231 3.3260 25.9330 -9.3579 0.8413
76 3 Car 0 0 0 0 0 0 0 1.4627 1.9115 4.0536 -45.8222 5.2558 12.9842 -12.5301 0.7059
77 62 Car 0 0 0 0 0 0 0 1.7949 1.8867 4.4362 29.7068 3.3284 26.0324 -9.3616 0.8809
77 3 Car 0 0 0 0 0 0 0 1.4539 1.9144 4.0546 -45.8268 5.2693 12.9870 -12.5321 0.7029
78 78 Car 0 0 0 0 0 0 0 1.9233 2.0761 4.4203 -20.7637 5.3182 51.5346 -10.7153 0.5357
78 62 Car 0 0 0 0 0 0 0 1.8210 1.9011 4.5281 28.2759 3.3556 26.1632 -9.3470 0.8899
78 3 Car 0 0 0 0 0 0 0 1.4540 1.9063 3.9677 -45.7860 5.2632 12.9705 -12.5464 0.7156
79 78 Car 0 0 0 0 0 0 0 1.9577 2.1239 4.3791 -20.7265 5.2676 51.4791 -10.7751 0.6549
79 62 Car 0 0 0 0 0 0 0 1.7793 1.8987 4.4992 26.9250 3.3823 26.2833 -9.3460 0.8999
79 3 Car 0 0 0 0 0 0 0 1.4627 1.9051 4.0892 -45.8415 5.2601 12.9811 -12.5388 0.6998
80 78 Car 0 0 0 0 0 0 0 1.9865 2.0996 4.3721 -20.7096 5.3206 51.4423 -10.8125 0.7073
80 62 Car 0 0 0 0 0 0 0 1.7212 1.8829 4.4359 25.5342 3.4304 26.3713 -9.3520 0.8982
80 3 Car 0 0 0 0 0 0 0 1.4824 1.9451 4.0807 -45.8447 5.2730 12.9958 -12.5275 0.6916
81 78 Car 0 0 0 0 0 0 0 2.0435 2.1218 4.3165 -20.6945 5.3081 51.4378 -10.7890 0.6868
81 62 Car 0 0 0 0 0 0 0 1.7667 1.9027 4.4289 24.0643 3.4264 26.4909 -9.3442 0.8702
81 3 Car 0 0 0 0 0 0 0 1.4601 1.8895 4.0251 -45.8201 5.2425 12.9800 -12.5366 0.6909
82 78 Car 0 0 0 0 0 0 0 2.0112 2.1087 4.3886 -20.6310 5.2669 51.5108 -10.8061 0.6798
82 62 Car 0 0 0 0 0 0 0 1.8013 1.8470 4.2820 22.5683 3.4463 26.6076 -9.3644 0.8865
82 3 Car 0 0 0 0 0 0 0 1.4578 1.9023 4.0655 -45.8376 5.2663 12.9681 -12.5328 0.7133
83 78 Car 0 0 0 0 0 0 0 1.9218 2.0798 4.3390 -20.6883 5.2775 51.3972 -10.7807 0.6341
83 62 Car 0 0 0 0 0 0 0 1.7740 1.8350 4.4522 21.2449 3.4792 26.6541 -9.3667 0.8703
83 3 Car 0 0 0 0 0 0 0 1.4511 1.9065 4.0631 -45.8194 5.2616 12.9762 -12.5343 0.7116
84 78 Car 0 0 0 0 0 0 0 1.9750 2.1014 4.3587 -20.6664 5.2620 51.4861 -10.8090 0.7085
84 62 Car 0 0 0 0 0 0 0 1.7384 1.8905 4.5186 19.9539 3.4975 26.8408 -9.3509 0.8878
84 3 Car 0 0 0 0 0 0 0 1.4598 1.9007 4.0768 -45.8347 5.2647 12.9829 -12.5328 0.7162
85 78 Car 0 0 0 0 0 0 0 1.9648 2.0713 4.2086 -20.6522 5.2641 51.3221 -10.7874 0.6537
85 62 Car 0 0 0 0 0 0 0 1.8038 1.8353 4.4818 18.4968 3.5686 26.8809 -9.3683 0.8621
85 3 Car 0 0 0 0 0 0 0 1.4611 1.9093 4.0529 -45.8228 5.2667 12.9911 -12.5298 0.7022
86 78 Car 0 0 0 0 0 0 0 1.9069 2.0525 4.2439 -20.6754 5.2348 51.3894 -10.7627 0.6071
86 62 Car 0 0 0 0 0 0 0 1.7390 1.7557 4.5136 17.1456 3.6006 26.9669 -9.3508 0.8813
86 3 Car 0 0 0 0 0 0 0 1.4706 1.9485 4.0862 -45.8595 5.2678 12.9895 -12.5266 0.6950
87 78 Car 0 0 0 0 0 0 0 1.9653 2.1060 4.4046 -20.6869 5.2534 51.5288 -10.8073 0.6859
87 62 Car 0 0 0 0 0 0 0 1.6673 1.7961 4.6087 15.8728 3.6510 27.0936 -9.3737 0.9029
87 3 Car 0 0 0 0 0 0 0 1.4600 1.9181 4.0558 -45.8184 5.2648 12.9762 -12.5364 0.7189
88 78 Car 0 0 0 0 0 0 0 1.9585 2.1027 4.3712 -20.7254 5.3019 51.4397 -10.8072 0.7176
88 62 Car 0 0 0 0 0 0 0 1.7079 1.7693 4.5375 14.5439 3.6691 27.1718 -9.3709 0.9026
88 3 Car 0 0 0 0 0 0 0 1.4624 1.9094 4.0523 -45.8236 5.2640 12.9739 -12.5325 0.7086
89 78 Car 0 0 0 0 0 0 0 2.0073 2.0867 4.2699 -20.6780 5.2584 51.4502 -10.7952 0.6765
89 62 Car 0 0 0 0 0 0 0 1.7125 1.7848 4.6345 13.1901 3.6877 27.2825 -9.3448 0.9135
89 3 Car 0 0 0 0 0 0 0 1.5091 1.9932 4.1562 -45.8555 5.2747 13.0284 -12.5259 0.7021
90 78 Car 0 0 0 0 0 0 0 1.9523 2.0853 4.3671 -20.6671 5.2284 51.5330 -10.8210 0.7059
90 62 Car 0 0 0 0 0 0 0 1.7786 1.8188 5.2629 11.4478 3.7210 27.4691 -9.3453 0.8560
90 3 Car 0 0 0 0 0 0 0 1.4932 1.9522 4.0717 -45.8556 5.2764 12.9942 -12.5200 0.7186
91 78 Car 0 0 0 0 0 0 0 1.9679 2.0859 4.3074 -20.6734 5.2592 51.4324 -10.7735 0.6930
91 62 Car 0 0 0 0 0 0 0 1.7808 1.8656 5.0886 10.2622 3.7811 27.5885 -9.3642 0.8719
91 3 Car 0 0 0 0 0 0 0 1.4682 1.9024 4.0396 -45.8173 5.2587 12.9794 -12.5303 0.7102
92 78 Car 0 0 0 0 0 0 0 2.0020 2.1148 4.3642 -20.6644 5.2728 51.4812 -10.8058 0.6889
92 62 Car 0 0 0 0 0 0 0 1.8042 1.8582 5.2377 8.7276 3.8326 27.7145 -9.3687 0.8680
92 3 Car 0 0 0 0 0 0 0 1.4643 1.9198 4.0616 -45.8159 5.2689 12.9808 -12.5300 0.7012
93 78 Car 0 0 0 0 0 0 0 1.9960 2.1066 4.3497 -20.7039 5.2894 51.4569 -10.7853 0.6753
93 62 Car 0 0 0 0 0 0 0 1.8155 1.8505 5.1246 7.4886 3.8883 27.7817 -9.3543 0.8768
93 3 Car 0 0 0 0 0 0 0 1.4640 1.8987 4.0519 -45.8392 5.2609 12.9665 -12.5311 0.7144
94 78 Car 0 0 0 0 0 0 0 2.0242 2.1278 4.4550 -20.8273 5.3350 51.5224 -10.8141 0.5604
94 62 Car 0 0 0 0 0 0 0 1.6797 1.7940 5.2067 6.0983 3.9089 27.8672 -9.3533 0.8670
94 3 Car 0 0 0 0 0 0 0 1.4594 1.9126 4.0670 -45.8342 5.2616 12.9697 -12.5355 0.6864
95 62 Car 0 0 0 0 0 0 0 1.8742 1.7210 5.0059 5.0953 3.9089 27.9569 -9.3468 0.9099
95 3 Car 0 0 0 0 0 0 0 1.5006 1.9429 4.0949 -45.8693 5.2761 12.9982 -12.5226 0.6785
96 62 Car 0 0 0 0 0 0 0 1.7244 1.6827 4.5055 4.0996 3.9011 28.0378 -9.3639 0.8817
96 3 Car 0 0 0 0 0 0 0 1.4880 1.9475 4.0819 -45.8530 5.2748 12.9991 -12.5185 0.7040
97 62 Car 0 0 0 0 0 0 0 1.7803 1.8422 4.6156 2.6639 3.9935 28.2021 -9.3521 0.7749
97 3 Car 0 0 0 0 0 0 0 1.4765 1.9421 4.0595 -45.8686 5.2700 12.9895 -12.5227 0.7040
98 62 Car 0 0 0 0 0 0 0 1.7925 1.8711 4.4116 0.8494 4.0564 28.3120 -9.3345 0.6206
98 3 Car 0 0 0 0 0 0 0 1.4589 1.9156 3.9704 -45.7885 5.2731 12.9731 -12.5420 0.7128
99 62 Car 0 0 0 0 0 0 0 1.7305 1.7954 4.5602 -0.2544 4.1158 28.4035 -9.3187 0.6164
99 3 Car 0 0 0 0 0 0 0 1.4648 1.9005 4.0627 -45.8315 5.2539 12.9810 -12.5326 0.6901
100 3 Car 0 0 0 0 0 0 0 1.4591 1.8929 4.0253 -45.8211 5.2558 12.9735 -12.5308 0.7068
101 3 Car 0 0 0 0 0 0 0 1.4591 1.9076 4.0449 -45.8249 5.2627 12.9716 -12.5346 0.6950
102 3 Car 0 0 0 0 0 0 0 1.5138 1.9689 4.0933 -45.8656 5.2787 13.0198 -12.5237 0.6888
103 3 Car 0 0 0 0 0 0 0 1.4828 1.9427 4.0627 -45.8458 5.2688 12.9879 -12.5247 0.7004
104 3 Car 0 0 0 0 0 0 0 1.5046 1.9649 4.0956 -45.8490 5.2712 13.0156 -12.5300 0.6858
105 3 Car 0 0 0 0 0 0 0 1.4524 1.9047 4.0605 -45.8229 5.2617 12.9655 -12.5357 0.7083
106 3 Car 0 0 0 0 0 0 0 1.4674 1.9426 4.0858 -45.8515 5.2731 12.9816 -12.5251 0.7018
107 3 Car 0 0 0 0 0 0 0 1.4586 1.8963 4.0686 -45.8233 5.2519 12.9753 -12.5333 0.7005
108 3 Car 0 0 0 0 0 0 0 1.4659 1.9397 4.0864 -45.8688 5.2737 12.9756 -12.5290 0.6931
109 3 Car 0 0 0 0 0 0 0 1.4609 1.9112 4.0740 -45.8234 5.2666 12.9755 -12.5296 0.7057
110 3 Car 0 0 0 0 0 0 0 1.5087 1.9666 4.1151 -45.8509 5.2792 13.0203 -12.5276 0.6777
111 3 Car 0 0 0 0 0 0 0 1.4581 1.9008 4.0358 -45.8318 5.2628 12.9709 -12.5328 0.7059
112 3 Car 0 0 0 0 0 0 0 1.4622 1.8758 4.0098 -45.8188 5.2426 12.9737 -12.5318 0.7054
113 3 Car 0 0 0 0 0 0 0 1.4815 1.9470 4.0847 -45.8589 5.2731 12.9910 -12.5241 0.7125
114 62 Car 0 0 0 0 0 0 0 1.7190 1.7349 4.3514 -16.9448 4.6512 29.5589 -9.4657 0.5091
114 3 Car 0 0 0 0 0 0 0 1.4556 1.9102 4.0738 -45.8242 5.2650 12.9778 -12.5344 0.7038
115 62 Car 0 0 0 0 0 0 0 1.6241 1.7880 4.2994 -18.0269 4.6665 29.6603 -9.3461 0.6408
115 3 Car 0 0 0 0 0 0 0 1.4711 1.9043 4.0712 -45.8334 5.2525 12.9731 -12.5337 0.6977
116 62 Car 0 0 0 0 0 0 0 1.7004 1.8888 4.4413 -18.9301 4.6783 29.7409 -9.3703 0.6021
116 3 Car 0 0 0 0 0 0 0 1.4821 1.9357 4.0550 -45.8480 5.2708 12.9858 -12.5238 0.7032
117 62 Car 0 0 0 0 0 0 0 1.6478 1.7033 4.2050 -20.1666 4.6562 29.7186 -9.3347 0.6347
117 3 Car 0 0 0 0 0 0 0 1.4554 1.9018 4.0537 -45.8284 5.2616 12.9721 -12.5325 0.7039
118 62 Car 0 0 0 0 0 0 0 1.6470 1.8003 4.3758 -21.1711 4.6997 29.8387 -9.3295 0.7789
118 3 Car 0 0 0 0 0 0 0 1.4938 1.9542 4.0743 -45.8413 5.2739 13.0069 -12.5266 0.7071
118 151 Car 0 0 0 0 0 0 0 1.9059 2.1055 4.3278 -20.7340 5.2153 51.5205 -10.7755 0.5734
119 62 Car 0 0 0 0 0 0 0 1.6371 1.7654 4.5677 -22.0896 4.7243 29.8566 -9.3325 0.6623
119 3 Car 0 0 0 0 0 0 0 1.4799 1.9384 4.0986 -45.8681 5.2653 12.9848 -12.5235 0.7057
119 151 Car 0 0 0 0 0 0 0 1.9989 2.0925 4.3415 -20.6269 5.2511 51.5425 -10.8167 0.6657
120 62 Car 0 0 0 0 0 0 0 1.6788 1.8233 4.5936 -23.1247 4.7487 29.9752 -9.3692 0.6389
120 3 Car 0 0 0 0 0 0 0 1.4576 1.8976 4.0615 -45.8360 5.2534 12.9767 -12.5348 0.6996
120 151 Car 0 0 0 0 0 0 0 1.9224 2.0632 4.2840 -20.6279 5.2088 51.4748 -10.8348 0.7073
121 62 Car 0 0 0 0 0 0 0 1.7301 1.7575 4.4813 -24.3486 4.7575 30.0644 -9.3452 0.6847
121 3 Car 0 0 0 0 0 0 0 1.4886 1.9603 4.0670 -45.8728 5.2814 13.0045 -12.5214 0.7007
121 151 Car 0 0 0 0 0 0 0 1.9606 2.0864 4.3139 -20.6389 5.2137 51.4693 -10.8628 0.7042
122 62 Car 0 0 0 0 0 0 0 1.7379 1.7800 4.4862 -25.2040 4.7670 30.1070 -9.3616 0.7766
122 3 Car 0 0 0 0 0 0 0 1.4587 1.9439 4.0666 -45.8662 5.2792 12.9799 -12.5277 0.7011
122 151 Car 0 0 0 0 0 0 0 1.9470 2.0557 4.2150 -20.6748 5.2316 51.3375 -10.8432 0.6551
123 62 Car 0 0 0 0 0 0 0 1.6949 1.8059 4.5413 -26.2605 4.8117 30.2173 -9.3693 0.6910
123 3 Car 0 0 0 0 0 0 0 1.4735 1.9498 4.0867 -45.8343 5.2883 12.9996 -12.5275 0.6938
123 151 Car 0 0 0 0 0 0 0 1.9116 2.0868 4.3317 -20.7215 5.2110 51.4223 -10.8523 0.7248
124 62 Car 0 0 0 0 0 0 0 1.6800 1.7865 4.5027 -27.3272 4.8138 30.2699 -9.3740 0.6536
124 3 Car 0 0 0 0 0 0 0 1.4636 1.9001 4.0522 -45.8353 5.2592 12.9758 -12.5318 0.7023
124 151 Car 0 0 0 0 0 0 0 1.9090 2.0734 4.3177 -20.7347 5.2099 51.4277 -10.8287 0.7559
125 62 Car 0 0 0 0 0 0 0 1.7226 1.7387 4.5925 -28.4412 4.8520 30.3056 -9.3275 0.7452
125 3 Car 0 0 0 0 0 0 0 1.4772 1.9352 4.0718 -45.8507 5.2663 12.9897 -12.5217 0.7178
125 151 Car 0 0 0 0 0 0 0 1.9574 2.1110 4.3296 -20.7187 5.2371 51.3902 -10.8219 0.7734
126 62 Car 0 0 0 0 0 0 0 1.7348 1.7443 4.6728 -29.4122 4.8833 30.3570 -9.3659 0.7321
126 3 Car 0 0 0 0 0 0 0 1.4878 1.9347 4.0673 -45.8473 5.2702 12.9944 -12.5249 0.6936
126 151 Car 0 0 0 0 0 0 0 1.9173 2.1081 4.3554 -20.7186 5.1997 51.4108 -10.8268 0.6988
127 62 Car 0 0 0 0 0 0 0 1.8177 1.7328 4.9242 -30.6710 4.9646 30.5137 -9.3541 0.7329
127 3 Car 0 0 0 0 0 0 0 1.5013 1.9663 4.1158 -45.8504 5.2731 13.0169 -12.5315 0.6885
127 151 Car 0 0 0 0 0 0 0 1.9906 2.0885 4.3005 -20.7337 5.2456 51.4497 -10.8480 0.7049
128 62 Car 0 0 0 0 0 0 0 1.7110 1.7680 4.9902 -31.7750 5.0031 30.6370 -9.3509 0.7255
128 3 Car 0 0 0 0 0 0 0 1.4869 1.9643 4.1154 -45.8404 5.2787 13.0048 -12.5320 0.7035
128 151 Car 0 0 0 0 0 0 0 2.0187 2.0234 4.2392 -20.7064 5.2673 51.3884 -10.8434 0.6711
129 62 Car 0 0 0 0 0 0 0 1.8398 1.7913 5.2474 -32.8377 5.0106 30.7432 -9.3501 0.7635
129 3 Car 0 0 0 0 0 0 0 1.4845 1.9332 4.0761 -45.8510 5.2739 12.9857 -12.5280 0.6896
129 151 Car 0 0 0 0 0 0 0 1.9853 2.0309 4.2997 -20.7556 5.2523 51.4216 -10.8524 0.6581
130 62 Car 0 0 0 0 0 0 0 1.8138 1.8408 5.1834 -33.9304 5.0452 30.8662 -9.3485 0.7933
130 3 Car 0 0 0 0 0 0 0 1.4829 1.9412 4.0592 -45.8532 5.2778 12.9962 -12.5217 0.7091
130 151 Car 0 0 0 0 0 0 0 1.9253 2.0338 4.3260 -20.7709 5.2290 51.4270 -10.8380 0.6565
131 62 Car 0 0 0 0 0 0 0 1.7535 1.7502 5.1578 -35.0640 5.0730 30.8803 -9.3507 0.7630
131 3 Car 0 0 0 0 0 0 0 1.4667 1.9267 4.1028 -45.8711 5.2778 12.9705 -12.5292 0.6915
131 151 Car 0 0 0 0 0 0 0 1.9292 2.0464 4.4718 -20.8315 5.2366 51.5523 -10.8307 0.7248
132 62 Car 0 0 0 0 0 0 0 1.8119 1.8381 5.5265 -36.3257 5.0921 31.0116 -9.3324 0.7073
132 3 Car 0 0 0 0 0 0 0 1.4741 1.9193 4.1145 -45.8733 5.2739 12.9841 -12.5266 0.6923
132 151 Car 0 0 0 0 0 0 0 1.9286 2.0189 4.3907 -20.7196 5.2405 51.5009 -10.8147 0.6629
133 62 Car 0 0 0 0 0 0 0 1.9055 1.9431 5.3300 -37.4192 5.1091 31.1647 -9.3105 0.6601
133 3 Car 0 0 0 0 0 0 0 1.4926 1.9560 4.0973 -45.8534 5.2748 13.0061 -12.5277 0.7030
133 151 Car 0 0 0 0 0 0 0 1.9088 2.0467 4.3428 -20.7193 5.2643 51.3951 -10.8081 0.7050
134 62 Car 0 0 0 0 0 0 0 1.9194 1.8196 4.9588 -38.9687 5.1522 31.3267 -9.3643 0.5879
134 3 Car 0 0 0 0 0 0 0 1.4585 1.9064 4.0534 -45.8277 5.2547 12.9779 -12.5336 0.7127
134 151 Car 0 0 0 0 0 0 0 1.9111 2.0698 4.3616 -20.7231 5.2558 51.4423 -10.8389 0.7532
135 62 Car 0 0 0 0 0 0 0 1.8803 1.8650 4.8658 -40.1465 5.2084 31.4421 -9.3787 0.5458
135 3 Car 0 0 0 0 0 0 0 1.4853 1.9416 4.0625 -45.8596 5.2772 12.9898 -12.5244 0.7068
135 151 Car 0 0 0 0 0 0 0 1.9129 2.0460 4.2748 -20.7100 5.2204 51.3933 -10.8605 0.7511
136 3 Car 0 0 0 0 0 0 0 1.4548 1.9045 4.0570 -45.8303 5.2698 12.9706 -12.5344 0.7228
136 151 Car 0 0 0 0 0 0 0 1.8695 2.0500 4.3778 -20.7025 5.2047 51.4388 -10.8381 0.7279
137 62 Car 0 0 0 0 0 0 0 1.8149 1.8044 4.6543 -43.1316 5.2824 31.5946 -9.3460 0.5429
137 3 Car 0 0 0 0 0 0 0 1.4838 1.9648 4.1372 -45.8702 5.2852 12.9992 -12.5352 0.6790
137 151 Car 0 0 0 0 0 0 0 1.8902 2.0584 4.3340 -20.7131 5.2109 51.4252 -10.8513 0.7446
138 62 Car 0 0 0 0 0 0 0 1.9715 1.7693 4.7427 -44.2261 5.3620 31.6718 -9.3206 0.6150
138 3 Car 0 0 0 0 0 0 0 1.4633 1.9299 4.1094 -45.8338 5.2648 12.9828 -12.5346 0.6951
138 151 Car 0 0 0 0 0 0 0 1.8769 2.0305 4.2847 -20.6935 5.1888 51.3892 -10.8653 0.7004
139 62 Car 0 0 0 0 0 0 0 1.7908 1.6959 4.6697 -45.2971 5.3162 31.7321 -9.3155 0.6055
139 3 Car 0 0 0 0 0 0 0 1.4890 1.9673 4.1324 -45.8551 5.2766 13.0060 -12.5329 0.6983
139 151 Car 0 0 0 0 0 0 0 1.8922 2.0410 4.3402 -20.6952 5.1980 51.4358 -10.8475 0.7104
140 62 Car 0 0 0 0 0 0 0 1.7816 1.7888 4.8427 -46.6339 5.4565 31.9331 -9.3494 0.6223
140 3 Car 0 0 0 0 0 0 0 1.4626 1.9004 4.0516 -45.8346 5.2560 12.9816 -12.5324 0.7008
140 151 Car 0 0 0 0 0 0 0 1.9176 1.9964 4.1714 -20.6568 5.2310 51.3817 -10.8409 0.6967
141 62 Car 0 0 0 0 0 0 0 1.8343 1.8150 4.9466 -47.8934 5.5105 32.0268 -9.3626 0.5834
141 3 Car 0 0 0 0 0 0 0 1.4556 1.8734 4.0259 -45.8085 5.2386 12.9721 -12.5347 0.7107
141 151 Car 0 0 0 0 0 0 0 1.8605 2.0362 4.3011 -20.6711 5.1959 51.3985 -10.8649 0.7056
142 62 Car 0 0 0 0 0 0 0 1.7298 1.6849 4.4750 -48.8708 5.5503 32.0290 -9.3765 0.5555
142 3 Car 0 0 0 0 0 0 0 1.4563 1.9032 4.0612 -45.8310 5.2668 12.9761 -12.5301 0.7019
142 151 Car 0 0 0 0 0 0 0 1.8732 2.0381 4.2715 -20.6779 5.2120 51.3985 -10.8516 0.7156
143 3 Car 0 0 0 0 0 0 0 1.4566 1.8800 4.0171 -45.8123 5.2439 12.9735 -12.5345 0.7029
143 151 Car 0 0 0 0 0 0 0 1.8392 2.0428 4.2950 -20.6514 5.1564 51.4255 -10.8577 0.7137
144 3 Car 0 0 0 0 0 0 0 1.4669 1.9379 4.0772 -45.8549 5.2785 12.9799 -12.5268 0.7047
144 151 Car 0 0 0 0 0 0 0 1.8532 2.0214 4.1035 -20.6374 5.1858 51.3141 -10.8426 0.6791
145 3 Car 0 0 0 0 0 0 0 1.4761 1.9281 4.0693 -45.8547 5.2739 12.9795 -12.5276 0.6954
145 151 Car 0 0 0 0 0 0 0 1.9213 2.0557 4.2427 -20.6477 5.2205 51.4210 -10.8681 0.6887
146 3 Car 0 0 0 0 0 0 0 1.4723 1.9423 4.1045 -45.8555 5.2756 12.9960 -12.5229 0.7188
146 151 Car 0 0 0 0 0 0 0 1.9156 2.0595 4.2676 -20.6458 5.2101 51.4616 -10.8637 0.7001
147 3 Car 0 0 0 0 0 0 0 1.4542 1.8746 4.0270 -45.8265 5.2464 12.9588 -12.5317 0.7178
147 151 Car 0 0 0 0 0 0 0 1.9102 2.0527 4.2475 -20.6334 5.2188 51.4102 -10.8415 0.6961
148 3 Car 0 0 0 0 0 0 0 1.4625 1.9015 4.0599 -45.8428 5.2568 12.9764 -12.5335 0.6866
148 151 Car 0 0 0 0 0 0 0 1.9416 2.0216 4.2389 -20.6295 5.2531 51.3897 -10.8130 0.6546
149 3 Car 0 0 0 0 0 0 0 1.4521 1.9029 4.0547 -45.8137 5.2663 12.9787 -12.5320 0.7160
149 151 Car 0 0 0 0 0 0 0 1.9768 2.1106 4.3592 -20.7282 5.2566 51.4418 -10.7926 0.6993
150 3 Car 0 0 0 0 0 0 0 1.4806 1.9504 4.0857 -45.8589 5.2710 12.9970 -12.5240 0.7025
150 151 Car 0 0 0 0 0 0 0 2.0145 2.1119 4.2840 -20.6677 5.2669 51.3846 -10.8019 0.7040
151 3 Car 0 0 0 0 0 0 0 1.4851 1.9458 4.0687 -45.8604 5.2716 12.9919 -12.5228 0.7047
151 151 Car 0 0 0 0 0 0 0 1.9949 2.0727 4.3268 -20.6117 5.2594 51.4685 -10.8043 0.7159
152 3 Car 0 0 0 0 0 0 0 1.4876 1.9468 4.0578 -45.8373 5.2740 13.0035 -12.5217 0.7103
152 151 Car 0 0 0 0 0 0 0 2.0016 2.0886 4.2901 -20.6920 5.2695 51.4331 -10.7952 0.6845
153 3 Car 0 0 0 0 0 0 0 1.4530 1.8833 4.0214 -45.8224 5.2494 12.9689 -12.5296 0.7151
153 151 Car 0 0 0 0 0 0 0 1.9252 2.0808 4.4462 -20.5644 5.1996 51.5586 -10.8162 0.6636
154 3 Car 0 0 0 0 0 0 0 1.4702 1.9519 4.1057 -45.8587 5.2734 12.9915 -12.5262 0.7104
154 151 Car 0 0 0 0 0 0 0 1.9904 2.0694 4.2298 -20.6317 5.2795 51.4514 -10.7991 0.6371
155 3 Car 0 0 0 0 0 0 0 1.4612 1.9043 4.0790 -45.8338 5.2584 12.9734 -12.5359 0.7062
155 151 Car 0 0 0 0 0 0 0 1.9879 2.0184 4.1902 -20.6206 5.2648 51.3793 -10.8333 0.6652
156 3 Car 0 0 0 0 0 0 0 1.4591 1.8956 4.0585 -45.8319 5.2521 12.9757 -12.5328 0.7015
156 151 Car 0 0 0 0 0 0 0 1.9541 2.0549 4.2538 -20.6052 5.2686 51.4207 -10.8094 0.6686
157 3 Car 0 0 0 0 0 0 0 1.4790 1.9336 4.0731 -45.8709 5.2661 12.9841 -12.5275 0.6979
157 151 Car 0 0 0 0 0 0 0 1.9953 2.0673 4.2886 -20.5923 5.3254 51.4231 -10.8696 0.6236
158 3 Car 0 0 0 0 0 0 0 1.4765 1.9349 4.0798 -45.8694 5.2768 12.9873 -12.5246 0.7070
158 151 Car 0 0 0 0 0 0 0 1.9613 2.0454 4.1739 -20.6239 5.2711 51.3545 -10.8442 0.6545
159 3 Car 0 0 0 0 0 0 0 1.4700 1.8979 4.0767 -45.8319 5.2472 12.9799 -12.5331 0.6954
159 151 Car 0 0 0 0 0 0 0 2.0027 2.0170 4.1288 -20.6342 5.2604 51.3944 -10.8546 0.7048
160 3 Car 0 0 0 0 0 0 0 1.4769 1.9341 4.1027 -45.8673 5.2774 12.9859 -12.5267 0.7032
160 151 Car 0 0 0 0 0 0 0 2.0134 2.0573 4.1926 -20.6104 5.2710 51.3870 -10.8166 0.6451
161 3 Car 0 0 0 0 0 0 0 1.4589 1.9326 4.0993 -45.8709 5.2700 12.9732 -12.5276 0.6992
161 151 Car 0 0 0 0 0 0 0 1.9601 2.0589 4.2914 -20.6388 5.2760 51.4325 -10.8218 0.6488
162 3 Car 0 0 0 0 0 0 0 1.4644 1.9072 4.0616 -45.8311 5.2528 12.9787 -12.5335 0.7029
162 151 Car 0 0 0 0 0 0 0 2.0437 2.0701 4.2427 -20.6225 5.2811 51.4384 -10.8049 0.6635
163 3 Car 0 0 0 0 0 0 0 1.4937 1.9340 4.0699 -45.8757 5.2738 12.9864 -12.5243 0.6930
163 151 Car 0 0 0 0 0 0 0 1.9835 2.0567 4.2814 -20.5942 5.2455 51.4504 -10.8417 0.7262
164 3 Car 0 0 0 0 0 0 0 1.4534 1.9062 4.0465 -45.8235 5.2683 12.9735 -12.5306 0.7098
164 151 Car 0 0 0 0 0 0 0 1.9366 2.0286 4.2197 -20.6018 5.2493 51.4599 -10.8744 0.7328
165 3 Car 0 0 0 0 0 0 0 1.4820 1.9492 4.0781 -45.8423 5.2742 12.9987 -12.5221 0.7042
165 151 Car 0 0 0 0 0 0 0 1.9313 2.0537 4.3001 -20.6023 5.2368 51.4926 -10.8508 0.7065
166 3 Car 0 0 0 0 0 0 0 1.4775 1.9436 4.0615 -45.8565 5.2746 12.9959 -12.5258 0.7092
166 151 Car 0 0 0 0 0 0 0 2.0031 2.0803 4.3138 -20.6114 5.2512 51.5023 -10.8256 0.6953
167 3 Car 0 0 0 0 0 0 0 1.4922 1.9471 4.0474 -45.8498 5.2782 12.9991 -12.5250 0.7034
167 151 Car 0 0 0 0 0 0 0 2.0037 2.0824 4.3400 -20.6031 5.2485 51.4927 -10.8213 0.7109
168 3 Car 0 0 0 0 0 0 0 1.4641 1.8995 4.0327 -45.8168 5.2520 12.9776 -12.5349 0.7114
168 151 Car 0 0 0 0 0 0 0 2.0029 2.0830 4.3490 -20.6043 5.2522 51.5058 -10.8467 0.7008
169 3 Car 0 0 0 0 0 0 0 1.4686 1.9010 4.0440 -45.8238 5.2501 12.9795 -12.5316 0.6937
169 151 Car 0 0 0 0 0 0 0 2.0203 2.0741 4.2979 -20.5878 5.2718 51.4667 -10.8478 0.7190
170 3 Car 0 0 0 0 0 0 0 1.4562 1.8948 4.0573 -45.8319 5.2530 12.9753 -12.5350 0.7037
170 151 Car 0 0 0 0 0 0 0 1.9395 2.0728 4.3585 -20.6744 5.2484 51.4658 -10.8404 0.7355
171 3 Car 0 0 0 0 0 0 0 1.4786 1.9432 4.0754 -45.8664 5.2739 12.9947 -12.5263 0.7025
171 151 Car 0 0 0 0 0 0 0 1.9771 2.0688 4.2943 -20.6050 5.2410 51.4721 -10.8573 0.7307
172 3 Car 0 0 0 0 0 0 0 1.4813 1.9386 4.0485 -45.8379 5.2706 12.9947 -12.5247 0.7068
172 151 Car 0 0 0 0 0 0 0 1.9726 2.0577 4.2670 -20.6085 5.2373 51.4698 -10.8561 0.7185
173 3 Car 0 0 0 0 0 0 0 1.4527 1.9088 4.0652 -45.8293 5.2698 12.9724 -12.5328 0.7153
173 151 Car 0 0 0 0 0 0 0 2.0084 2.0865 4.3286 -20.6143 5.2594 51.5101 -10.8205 0.7021
174 3 Car 0 0 0 0 0 0 0 1.4596 1.8991 4.0417 -45.8120 5.2556 12.9740 -12.5368 0.7026
174 151 Car 0 0 0 0 0 0 0 2.0084 2.0782 4.3496 -20.6194 5.2531 51.5078 -10.8276 0.6825
175 3 Car 0 0 0 0 0 0 0 1.4789 1.9477 4.0546 -45.8469 5.2639 12.9969 -12.5206 0.7102
175 151 Car 0 0 0 0 0 0 0 1.9799 2.0609 4.2693 -20.5911 5.2602 51.4369 -10.8493 0.7097
176 3 Car 0 0 0 0 0 0 0 1.4596 1.9090 4.0592 -45.8353 5.2627 12.9787 -12.5307 0.7031
176 151 Car 0 0 0 0 0 0 0 1.9887 2.0489 4.1983 -20.5739 5.2571 51.4173 -10.8524 0.7436
177 3 Car 0 0 0 0 0 0 0 1.4632 1.8971 4.0260 -45.8289 5.2547 12.9691 -12.5345 0.7069
177 151 Car 0 0 0 0 0 0 0 2.0105 2.0623 4.2789 -20.5756 5.2707 51.4764 -10.8484 0.7002
178 3 Car 0 0 0 0 0 0 0 1.4631 1.8879 4.0375 -45.8321 5.2432 12.9695 -12.5360 0.6942
178 151 Car 0 0 0 0 0 0 0 2.0591 2.0823 4.3527 -20.6113 5.2958 51.4999 -10.8328 0.7141
179 3 Car 0 0 0 0 0 0 0 1.4602 1.9378 4.1038 -45.8649 5.2725 12.9749 -12.5279 0.6964
179 151 Car 0 0 0 0 0 0 0 2.0509 2.0954 4.3302 -20.6024 5.2908 51.4896 -10.8414 0.7136
180 3 Car 0 0 0 0 0 0 0 1.4746 1.9350 4.0720 -45.8660 5.2777 12.9823 -12.5247 0.7054
180 151 Car 0 0 0 0 0 0 0 1.9860 2.0607 4.2837 -20.6197 5.2574 51.4583 -10.8447 0.7325
181 3 Car 0 0 0 0 0 0 0 1.4512 1.8953 4.0497 -45.8173 5.2639 12.9658 -12.5334 0.7184
181 151 Car 0 0 0 0 0 0 0 1.9633 2.0511 4.2786 -20.6075 5.2222 51.4848 -10.8218 0.7024
182 3 Car 0 0 0 0 0 0 0 1.4547 1.9019 4.0383 -45.8320 5.2642 12.9671 -12.5319 0.7070
182 151 Car 0 0 0 0 0 0 0 2.0241 2.0793 4.3339 -20.6142 5.2698 51.5069 -10.8436 0.7214
183 3 Car 0 0 0 0 0 0 0 1.4650 1.9313 4.0790 -45.8686 5.2776 12.9816 -12.5228 0.6994
183 151 Car 0 0 0 0 0 0 0 1.9434 2.0893 4.3683 -20.6851 5.2334 51.5139 -10.7902 0.6985
184 3 Car 0 0 0 0 0 0 0 1.4565 1.8868 4.0414 -45.8217 5.2558 12.9690 -12.5330 0.6923
184 151 Car 0 0 0 0 0 0 0 1.9349 2.0682 4.2940 -20.6523 5.2255 51.4179 -10.8139 0.6533
185 3 Car 0 0 0 0 0 0 0 1.4814 1.9803 4.1151 -45.8597 5.2840 13.0046 -12.5301 0.7029
185 151 Car 0 0 0 0 0 0 0 1.9177 2.0769 4.2869 -20.6965 5.2722 51.4031 -10.7954 0.7097
186 3 Car 0 0 0 0 0 0 0 1.4565 1.8997 4.0539 -45.8385 5.2581 12.9714 -12.5339 0.7085
186 151 Car 0 0 0 0 0 0 0 1.9693 2.0881 4.3216 -20.6463 5.2570 51.4448 -10.8273 0.6997
187 3 Car 0 0 0 0 0 0 0 1.4757 1.9277 4.0630 -45.8439 5.2791 12.9890 -12.5269 0.6925
187 151 Car 0 0 0 0 0 0 0 1.9889 2.0802 4.3131 -20.6508 5.2633 51.4281 -10.8120 0.6725
188 3 Car 0 0 0 0 0 0 0 1.4761 1.9317 4.1016 -45.8631 5.2681 12.9827 -12.5245 0.7012
188 151 Car 0 0 0 0 0 0 0 1.9161 2.0623 4.3362 -20.6612 5.2240 51.4889 -10.8191 0.6708
189 3 Car 0 0 0 0 0 0 0 1.4556 1.9033 4.0494 -45.8147 5.2645 12.9727 -12.5333 0.7026
189 151 Car 0 0 0 0 0 0 0 2.0118 2.0882 4.3094 -20.6421 5.2560 51.4632 -10.8076 0.6846
190 3 Car 0 0 0 0 0 0 0 1.4568 1.9071 4.0500 -45.8195 5.2644 12.9710 -12.5355 0.7158
190 151 Car 0 0 0 0 0 0 0 1.9979 2.0790 4.3499 -20.6351 5.2390 51.4864 -10.8126 0.6933
191 3 Car 0 0 0 0 0 0 0 1.4602 1.8996 4.0653 -45.8365 5.2485 12.9736 -12.5334 0.7039
191 151 Car 0 0 0 0 0 0 0 1.9047 2.0436 4.2358 -20.6809 5.2166 51.4058 -10.8369 0.6744
192 3 Car 0 0 0 0 0 0 0 1.4742 1.9329 4.0919 -45.8822 5.2756 12.9887 -12.5260 0.6945
192 151 Car 0 0 0 0 0 0 0 2.0322 2.0538 4.2109 -20.6190 5.2853 51.4047 -10.7805 0.6392
193 3 Car 0 0 0 0 0 0 0 1.4569 1.9054 4.0636 -45.8069 5.2591 12.9771 -12.5345 0.7040
193 151 Car 0 0 0 0 0 0 0 2.0007 2.0952 4.3717 -20.6162 5.2552 51.5357 -10.8202 0.6737
194 3 Car 0 0 0 0 0 0 0 1.4737 1.9411 4.0788 -45.8711 5.2674 12.9833 -12.5274 0.7066
194 151 Car 0 0 0 0 0 0 0 2.0060 2.0915 4.3658 -20.6248 5.2502 51.4906 -10.8045 0.7015
195 3 Car 0 0 0 0 0 0 0 1.4785 1.9344 4.0739 -45.8526 5.2687 12.9883 -12.5260 0.7071
195 151 Car 0 0 0 0 0 0 0 2.0043 2.1001 4.2965 -20.6942 5.2486 51.4512 -10.7957 0.6785
196 3 Car 0 0 0 0 0 0 0 1.4583 1.9309 4.0743 -45.8355 5.2758 12.9745 -12.5299 0.6928
196 151 Car 0 0 0 0 0 0 0 1.9243 2.0757 4.3227 -20.7162 5.2516 51.3900 -10.7898 0.7125
197 3 Car 0 0 0 0 0 0 0 1.4802 1.9386 4.1173 -45.8817 5.2722 12.9829 -12.5237 0.6980
197 151 Car 0 0 0 0 0 0 0 1.8994 2.0694 4.3081 -20.6711 5.2081 51.4811 -10.7873 0.6997
198 3 Car 0 0 0 0 0 0 0 1.4903 1.9412 4.0795 -45.8698 5.2758 12.9968 -12.5233 0.6944
198 151 Car 0 0 0 0 0 0 0 1.9114 2.0655 4.3075 -20.6441 5.2012 51.4716 -10.8015 0.6572
199 3 Car 0 0 0 0 0 0 0 1.4849 1.9348 4.0726 -45.8612 5.2651 12.9843 -12.5229 0.7048
199 151 Car 0 0 0 0 0 0 0 1.9238 2.0802 4.3053 -20.7339 5.2271 51.4337 -10.8206 0.6796
200 3 Car 0 0 0 0 0 0 0 1.4927 1.9314 4.0577 -45.8680 5.2704 12.9837 -12.5201 0.7066
200 151 Car 0 0 0 0 0 0 0 1.9469 2.1114 4.3765 -20.7077 5.2503 51.4187 -10.7771 0.7038
201 3 Car 0 0 0 0 0 0 0 1.4576 1.8953 4.0615 -45.8285 5.2558 12.9737 -12.5374 0.7059
201 151 Car 0 0 0 0 0 0 0 1.9764 2.0797 4.3253 -20.6231 5.2322 51.4825 -10.8317 0.6664
202 3 Car 0 0 0 0 0 0 0 1.4761 1.9317 4.0551 -45.8476 5.2704 12.9894 -12.5252 0.7138
202 151 Car 0 0 0 0 0 0 0 1.9438 2.0890 4.3565 -20.6626 5.2336 51.5203 -10.8224 0.6972
203 3 Car 0 0 0 0 0 0 0 1.4552 1.9118 4.0426 -45.8223 5.2728 12.9780 -12.5326 0.7065
204 3 Car 0 0 0 0 0 0 0 1.4706 1.9334 4.0858 -45.8699 5.2780 12.9801 -12.5265 0.6983
204 151 Car 0 0 0 0 0 0 0 1.9472 2.0956 4.3913 -20.6726 5.2206 51.5228 -10.7751 0.6946
205 3 Car 0 0 0 0 0 0 0 1.4670 1.9508 4.0989 -45.8579 5.2753 12.9837 -12.5298 0.6943
205 151 Car 0 0 0 0 0 0 0 1.9775 2.0986 4.3728 -20.6418 5.2570 51.5069 -10.8178 0.6873
206 3 Car 0 0 0 0 0 0 0 1.4687 1.9152 4.0549 -45.8227 5.2589 12.9880 -12.5330 0.6836
206 151 Car 0 0 0 0 0 0 0 1.9863 2.0722 4.2795 -20.6918 5.2614 51.4397 -10.8454 0.6360
207 3 Car 0 0 0 0 0 0 0 1.4580 1.9052 4.0532 -45.8295 5.2531 12.9754 -12.5335 0.6887
207 151 Car 0 0 0 0 0 0 0 1.9562 2.1100 4.3420 -20.7267 5.2369 51.4179 -10.8025 0.6800
208 3 Car 0 0 0 0 0 0 0 1.4846 1.9528 4.0919 -45.8607 5.2743 12.9951 -12.5236 0.6917
208 151 Car 0 0 0 0 0 0 0 2.0006 2.0981 4.3585 -20.6303 5.2543 51.4818 -10.8019 0.6865
209 3 Car 0 0 0 0 0 0 0 1.4652 1.9082 4.0606 -45.8209 5.2536 12.9794 -12.5316 0.7043
209 151 Car 0 0 0 0 0 0 0 1.9760 2.1032 4.2788 -20.6958 5.2228 51.4610 -10.7767 0.6827
210 3 Car 0 0 0 0 0 0 0 1.4662 1.9206 4.0411 -45.8197 5.2665 12.9883 -12.5313 0.6965
210 151 Car 0 0 0 0 0 0 0 1.9643 2.0958 4.2479 -20.6574 5.2625 51.4133 -10.7577 0.6288
211 3 Car 0 0 0 0 0 0 0 1.4749 1.9443 4.0785 -45.8547 5.2718 12.9898 -12.5237 0.7032
211 151 Car 0 0 0 0 0 0 0 1.9563 2.0872 4.3350 -20.7236 5.2686 51.4057 -10.7705 0.6832
212 3 Car 0 0 0 0 0 0 0 1.4797 1.9585 4.0801 -45.8607 5.2827 13.0050 -12.5230 0.6982
212 151 Car 0 0 0 0 0 0 0 1.9506 2.0722 4.3092 -20.6199 5.2231 51.4862 -10.8037 0.7040
213 3 Car 0 0 0 0 0 0 0 1.4728 1.9415 4.0693 -45.8589 5.2838 12.9913 -12.5253 0.6956
213 151 Car 0 0 0 0 0 0 0 1.9456 2.0614 4.3640 -20.6707 5.2921 51.4207 -10.7811 0.6227
214 3 Car 0 0 0 0 0 0 0 1.4475 1.8843 4.0144 -45.8015 5.2568 12.9766 -12.5311 0.7065
214 151 Car 0 0 0 0 0 0 0 2.0084 2.0903 4.3679 -20.6216 5.2455 51.5268 -10.8230 0.6754
215 3 Car 0 0 0 0 0 0 0 1.4789 1.9526 4.0865 -45.8591 5.2751 13.0023 -12.5208 0.6908
215 151 Car 0 0 0 0 0 0 0 1.9566 2.0697 4.3155 -20.6810 5.2544 51.4594 -10.8000 0.6782
216 3 Car 0 0 0 0 0 0 0 1.4547 1.9140 4.0574 -45.8200 5.2731 12.9782 -12.5312 0.6969
216 151 Car 0 0 0 0 0 0 0 1.9670 2.0593 4.2240 -20.6668 5.2379 51.3791 -10.8508 0.7233
217 3 Car 0 0 0 0 0 0 0 1.4743 1.9407 4.0990 -45.8670 5.2749 12.9786 -12.5279 0.6880
217 151 Car 0 0 0 0 0 0 0 1.9796 2.0796 4.3027 -20.6476 5.2861 51.4339 -10.7969 0.6316
218 3 Car 0 0 0 0 0 0 0 1.4683 1.9501 4.1105 -45.8609 5.2875 12.9870 -12.5235 0.6902
218 151 Car 0 0 0 0 0 0 0 1.9400 2.0894 4.4174 -20.6922 5.2091 51.5337 -10.7904 0.6982
219 3 Car 0 0 0 0 0 0 0 1.4605 1.9010 4.0348 -45.8268 5.2669 12.9805 -12.5321 0.6988
219 151 Car 0 0 0 0 0 0 0 1.9569 2.0764 4.3075 -20.6318 5.2255 51.4660 -10.7903 0.6920
220 3 Car 0 0 0 0 0 0 0 1.5052 1.9947 4.0701 -45.8419 5.2933 13.0309 -12.5284 0.7052
220 151 Car 0 0 0 0 0 0 0 1.9621 2.0793 4.3294 -20.6597 5.2404 51.4513 -10.8031 0.6951
221 3 Car 0 0 0 0 0 0 0 1.4713 1.9393 4.0628 -45.8592 5.2887 12.9874 -12.5197 0.6986
221 151 Car 0 0 0 0 0 0 0 1.9460 2.0994 4.3020 -20.6941 5.2594 51.4171 -10.7850 0.6990
222 3 Car 0 0 0 0 0 0 0 1.4777 1.9284 4.0856 -45.8804 5.2872 12.9808 -12.5275 0.6844
222 151 Car 0 0 0 0 0 0 0 1.9804 2.0832 4.3394 -20.6450 5.2393 51.4788 -10.7850 0.6735
223 3 Car 0 0 0 0 0 0 0 1.4779 1.9357 4.0669 -45.8660 5.2717 12.9858 -12.5257 0.6903
223 151 Car 0 0 0 0 0 0 0 1.9664 2.0711 4.3053 -20.6144 5.2469 51.4715 -10.8098 0.7106
224 3 Car 0 0 0 0 0 0 0 1.4541 1.8957 4.0243 -45.8469 5.2614 12.9684 -12.5309 0.6909
224 151 Car 0 0 0 0 0 0 0 1.9781 2.0921 4.2429 -20.6661 5.2613 51.4150 -10.7966 0.6294
225 3 Car 0 0 0 0 0 0 0 1.4456 1.9090 4.0233 -45.8286 5.2769 12.9805 -12.5338 0.6954
225 151 Car 0 0 0 0 0 0 0 1.9646 2.0793 4.2134 -20.6329 5.2509 51.4391 -10.7697 0.6377
226 3 Car 0 0 0 0 0 0 0 1.4527 1.9102 3.9280 -45.7792 5.2670 12.9702 -12.5385 0.6976
226 151 Car 0 0 0 0 0 0 0 1.9350 2.0913 4.3330 -20.7062 5.2510 51.4097 -10.7746 0.6903
227 3 Car 0 0 0 0 0 0 0 1.4462 1.8946 4.0044 -45.8204 5.2573 12.9721 -12.5339 0.7073
227 151 Car 0 0 0 0 0 0 0 1.9823 2.1040 4.3526 -20.6699 5.2437 51.5139 -10.7885 0.7183
228 3 Car 0 0 0 0 0 0 0 1.4557 1.9187 4.0511 -45.8282 5.2713 12.9728 -12.5371 0.6947
228 151 Car 0 0 0 0 0 0 0 1.9377 2.0769 4.3549 -20.7383 5.2574 51.4284 -10.7740 0.6890
229 3 Car 0 0 0 0 0 0 0 1.4803 1.9420 4.0518 -45.8676 5.2707 12.9881 -12.5221 0.7014
229 151 Car 0 0 0 0 0 0 0 1.9887 2.0849 4.3418 -20.6436 5.2614 51.4764 -10.8120 0.6925
230 3 Car 0 0 0 0 0 0 0 1.4763 1.9274 4.0741 -45.8745 5.2712 12.9860 -12.5259 0.6920
230 151 Car 0 0 0 0 0 0 0 1.9479 2.0975 4.3306 -20.7202 5.2728 51.3974 -10.7867 0.6940
231 3 Car 0 0 0 0 0 0 0 1.4659 1.9415 4.0926 -45.8523 5.2665 12.9815 -12.5303 0.7005
231 151 Car 0 0 0 0 0 0 0 1.9405 2.0813 4.2831 -20.7011 5.2665 51.3960 -10.7628 0.7170
232 3 Car 0 0 0 0 0 0 0 1.4636 1.9432 4.1021 -45.8621 5.2807 12.9887 -12.5305 0.6937
232 151 Car 0 0 0 0 0 0 0 1.9959 2.0937 4.4047 -20.6877 5.2616 51.5173 -10.7954 0.7104
233 3 Car 0 0 0 0 0 0 0 1.4554 1.9032 4.0306 -45.8381 5.2698 12.9884 -12.5329 0.6888
233 151 Car 0 0 0 0 0 0 0 1.9415 2.0961 4.3886 -20.6840 5.2267 51.5109 -10.8036 0.6781
234 3 Car 0 0 0 0 0 0 0 1.4511 1.9130 4.0577 -45.8258 5.2754 12.9726 -12.5368 0.6982
234 151 Car 0 0 0 0 0 0 0 1.9350 2.0765 4.2533 -20.6840 5.2087 51.4059 -10.8177 0.7228
235 3 Car 0 0 0 0 0 0 0 1.4501 1.9060 4.0513 -45.8296 5.2778 12.9726 -12.5358 0.7108
235 151 Car 0 0 0 0 0 0 0 1.9707 2.0821 4.3532 -20.6178 5.2346 51.4992 -10.7893 0.6899
236 3 Car 0 0 0 0 0 0 0 1.4678 1.9467 4.0742 -45.8558 5.2752 12.9927 -12.5260 0.7058
236 151 Car 0 0 0 0 0 0 0 1.9586 2.0849 4.3525 -20.7120 5.2664 51.4201 -10.7859 0.6822
237 3 Car 0 0 0 0 0 0 0 1.4834 1.9351 4.0537 -45.8552 5.2801 12.9878 -12.5284 0.6913
237 151 Car 0 0 0 0 0 0 0 1.9383 2.0878 4.3536 -20.6715 5.2186 51.5138 -10.8081 0.7115
238 3 Car 0 0 0 0 0 0 0 1.4546 1.9187 4.0835 -45.8362 5.2705 12.9702 -12.5405 0.6917
238 151 Car 0 0 0 0 0 0 0 1.9406 2.0890 4.3632 -20.6676 5.2245 51.4939 -10.8034 0.6876
239 3 Car 0 0 0 0 0 0 0 1.4537 1.9099 4.0450 -45.8272 5.2655 12.9770 -12.5340 0.7019
239 151 Car 0 0 0 0 0 0 0 1.9492 2.0751 4.3302 -20.6470 5.2418 51.4567 -10.8179 0.6767
240 3 Car 0 0 0 0 0 0 0 1.4595 1.9066 4.0506 -45.8286 5.2655 12.9748 -12.5389 0.6968
240 151 Car 0 0 0 0 0 0 0 1.9747 2.1002 4.3184 -20.7203 5.2223 51.4646 -10.7861 0.6992
241 3 Car 0 0 0 0 0 0 0 1.4564 1.8940 4.0433 -45.8327 5.2584 12.9736 -12.5357 0.6945
241 151 Car 0 0 0 0 0 0 0 1.9545 2.0886 4.3738 -20.6735 5.2092 51.5237 -10.7748 0.6965
242 3 Car 0 0 0 0 0 0 0 1.4619 1.9085 4.0584 -45.8391 5.2671 12.9835 -12.5326 0.6991
242 151 Car 0 0 0 0 0 0 0 1.9525 2.1018 4.3480 -20.7021 5.2692 51.4374 -10.7877 0.6923
243 3 Car 0 0 0 0 0 0 0 1.4885 1.9864 3.9972 -45.7942 5.2844 13.0198 -12.5386 0.7087
243 151 Car 0 0 0 0 0 0 0 1.9839 2.0865 4.2509 -20.6549 5.2569 51.4439 -10.7759 0.6181
244 397 Car 0 0 0 0 0 0 0 1.5005 1.6439 3.9546 53.8417 2.6089 24.3246 -9.3282 0.5158
244 3 Car 0 0 0 0 0 0 0 1.4658 1.9381 4.0661 -45.8443 5.2794 12.9874 -12.5299 0.7057
244 151 Car 0 0 0 0 0 0 0 1.9510 2.0704 4.3785 -20.7054 5.2484 51.4866 -10.8091 0.6973
245 3 Car 0 0 0 0 0 0 0 1.4582 1.8911 4.0327 -45.8385 5.2603 12.9669 -12.5357 0.7114
245 151 Car 0 0 0 0 0 0 0 1.9632 2.0934 4.2429 -20.6553 5.2733 51.4067 -10.7680 0.6273
246 3 Car 0 0 0 0 0 0 0 1.4753 1.9386 4.0832 -45.8691 5.2805 12.9949 -12.5273 0.6944
246 151 Car 0 0 0 0 0 0 0 1.9552 2.0998 4.3461 -20.7164 5.2606 51.4240 -10.7804 0.6784
247 3 Car 0 0 0 0 0 0 0 1.4546 1.9107 4.0609 -45.8276 5.2690 12.9774 -12.5324 0.7012
247 151 Car 0 0 0 0 0 0 0 1.9684 2.0755 4.2619 -20.6640 5.2305 51.4404 -10.7518 0.6373
247 404 Car 0 0 0 0 0 0 0 1.4785 1.6190 4.1080 50.6271 2.6987 24.5530 -9.3284 0.5072
248 3 Car 0 0 0 0 0 0 0 1.4797 1.9427 4.0818 -45.8763 5.2800 12.9896 -12.5283 0.6858
248 151 Car 0 0 0 0 0 0 0 1.9735 2.0616 4.2321 -20.6601 5.2599 51.3955 -10.7724 0.6271
248 404 Car 0 0 0 0 0 0 0 1.5506 1.7676 4.2363 49.4000 2.7871 24.7383 -9.3613 0.5472
249 3 Car 0 0 0 0 0 0 0 1.4897 1.9544 4.0651 -45.8658 5.2805 12.9993 -12.5268 0.6938
249 151 Car 0 0 0 0 0 0 0 1.9620 2.0857 4.3493 -20.6763 5.2180 51.4869 -10.7890 0.6930
250 3 Car 0 0 0 0 0 0 0 1.4603 1.9042 4.0429 -45.8340 5.2628 12.9741 -12.5362 0.6941
250 151 Car 0 0 0 0 0 0 0 1.9656 2.0800 4.3822 -20.6692 5.2309 51.5082 -10.8299 0.7226
251 3 Car 0 0 0 0 0 0 0 1.4760 1.9515 4.0668 -45.8408 5.2660 12.9962 -12.5379 0.6890
251 151 Car 0 0 0 0 0 0 0 1.9901 2.0917 4.3102 -20.7032 5.2329 51.4413 -10.7902 0.6897
251 404 Car 0 0 0 0 0 0 0 1.4681 1.6968 4.1443 46.2357 2.8126 24.9863 -9.3766 0.5670
252 3 Car 0 0 0 0 0 0 0 1.4454 1.9037 4.0285 -45.8093 5.2643 12.9726 -12.5359 0.7089
252 151 Car 0 0 0 0 0 0 0 1.9578 2.0592 4.1962 -20.6619 5.2399 51.3416 -10.7861 0.6380
253 3 Car 0 0 0 0 0 0 0 1.4494 1.8847 3.9883 -45.8223 5.2607 12.9591 -12.5336 0.7139
253 151 Car 0 0 0 0 0 0 0 2.0290 2.0776 4.3252 -20.6182 5.2600 51.5015 -10.8083 0.6999
254 3 Car 0 0 0 0 0 0 0 1.4543 1.9141 4.0483 -45.8334 5.2698 12.9770 -12.5330 0.6985
254 151 Car 0 0 0 0 0 0 0 1.9570 2.1175 4.4883 -20.5724 5.2074 51.5638 -10.8019 0.6610
255 3 Car 0 0 0 0 0 0 0 1.4824 1.9456 4.0704 -45.8611 5.2821 12.9916 -12.5256 0.7024
255 151 Car 0 0 0 0 0 0 0 2.0075 2.0816 4.3265 -20.6072 5.2547 51.4802 -10.8144 0.7084
255 404 Car 0 0 0 0 0 0 0 1.4753 1.6090 4.0829 42.1438 2.9674 25.3180 -9.3176 0.6935
256 3 Car 0 0 0 0 0 0 0 1.4437 1.8782 4.0041 -45.8078 5.2496 12.9703 -12.5348 0.7119
256 151 Car 0 0 0 0 0 0 0 1.9478 2.0786 4.2286 -20.6492 5.2353 51.4280 -10.7817 0.6400
256 404 Car 0 0 0 0 0 0 0 1.5339 1.6842 3.7168 41.2694 2.9326 25.4707 -9.3406 0.7348
257 3 Car 0 0 0 0 0 0 0 1.4826 1.9811 4.1044 -45.8537 5.2900 13.0158 -12.5296 0.6977
257 151 Car 0 0 0 0 0 0 0 1.9166 2.0758 4.3452 -20.6821 5.2144 51.5048 -10.7873 0.6659
257 404 Car 0 0 0 0 0 0 0 1.5695 1.6847 4.3404 40.7584 2.9864 25.5145 -9.3399 0.7623
258 3 Car 0 0 0 0 0 0 0 1.4565 1.9049 4.0297 -45.8319 5.2680 12.9708 -12.5368 0.7007
258 151 Car 0 0 0 0 0 0 0 1.9674 2.0905 4.3008 -20.6750 5.2328 51.4415 -10.7822 0.6889
258 404 Car 0 0 0 0 0 0 0 1.5089 1.5995 4.1748 39.7093 3.0174 25.5744 -9.3543 0.7855
259 3 Car 0 0 0 0 0 0 0 1.4562 1.9023 4.0414 -45.8410 5.2644 12.9687 -12.5342 0.6919
259 151 Car 0 0 0 0 0 0 0 1.8932 2.0770 4.3046 -20.6952 5.2097 51.4931 -10.7887 0.6791
259 404 Car 0 0 0 0 0 0 0 1.5774 1.6252 4.2849 39.0262 3.0923 25.6184 -9.3476 0.7527
260 3 Car 0 0 0 0 0 0 0 1.4729 1.9320 4.0709 -45.8682 5.2758 12.9888 -12.5269 0.7042
260 151 Car 0 0 0 0 0 0 0 1.9769 2.0822 4.3438 -20.6456 5.2319 51.4804 -10.8009 0.6949
260 404 Car 0 0 0 0 0 0 0 1.6190 1.7028 4.0088 37.9488 3.1129 25.7294 -9.3324 0.7908
261 3 Car 0 0 0 0 0 0 0 1.4845 1.9450 4.0758 -45.8623 5.2790 12.9846 -12.5286 0.6876
261 151 Car 0 0 0 0 0 0 0 1.9754 2.1105 4.3156 -20.7102 5.2219 51.4610 -10.7680 0.6658
261 404 Car 0 0 0 0 0 0 0 1.6106 1.7182 4.3073 37.3698 3.1422 25.7465 -9.3255 0.8344
262 3 Car 0 0 0 0 0 0 0 1.4684 1.9444 4.0721 -45.8696 5.2870 12.9804 -12.5293 0.6967
262 151 Car 0 0 0 0 0 0 0 1.9195 2.0770 4.3378 -20.7123 5.2233 51.4440 -10.7911 0.7106
262 404 Car 0 0 0 0 0 0 0 1.6102 1.6676 4.3215 36.5301 3.1398 25.8247 -9.3282 0.7740
263 3 Car 0 0 0 0 0 0 0 1.4539 1.9064 4.0774 -45.8339 5.2653 12.9770 -12.5327 0.6920
263 151 Car 0 0 0 0 0 0 0 1.9420 2.0664 4.3516 -20.7300 5.2399 51.4388 -10.7878 0.7016
263 404 Car 0 0 0 0 0 0 0 1.6109 1.6571 4.2621 35.7000 3.1580 25.9076 -9.3330 0.7843
264 3 Car 0 0 0 0 0 0 0 1.4821 1.9457 4.0654 -45.8340 5.2726 13.0085 -12.5342 0.6953
264 151 Car 0 0 0 0 0 0 0 1.9683 2.0870 4.3955 -20.6649 5.2366 51.5292 -10.7970 0.6656
264 404 Car 0 0 0 0 0 0 0 1.5869 1.6628 4.3101 35.0640 3.1869 25.9577 -9.3321 0.7995
265 3 Car 0 0 0 0 0 0 0 1.4708 1.9531 4.0973 -45.8509 5.2855 12.9945 -12.5307 0.7000
265 151 Car 0 0 0 0 0 0 0 1.9442 2.0814 4.2944 -20.7037 5.2802 51.3927 -10.8053 0.6987
265 404 Car 0 0 0 0 0 0 0 1.6119 1.7080 4.3615 34.3113 3.2190 26.0336 -9.3443 0.8154
266 3 Car 0 0 0 0 0 0 0 1.4812 1.9923 3.9883 -45.7832 5.2955 13.0236 -12.5402 0.7106
266 151 Car 0 0 0 0 0 0 0 1.8575 2.0671 4.3070 -20.6966 5.2077 51.4552 -10.8188 0.6635
266 404 Car 0 0 0 0 0 0 0 1.6121 1.6503 4.1332 33.5686 3.2182 26.0304 -9.3486 0.8777
267 3 Car 0 0 0 0 0 0 0 1.4541 1.8976 4.0443 -45.8370 5.2677 12.9683 -12.5374 0.7093
267 151 Car 0 0 0 0 0 0 0 1.9385 2.0902 4.3385 -20.7115 5.2618 51.4302 -10.8113 0.7036
267 404 Car 0 0 0 0 0 0 0 1.6082 1.6895 4.3001 32.9488 3.2382 26.1329 -9.3329 0.8387
268 3 Car 0 0 0 0 0 0 0 1.4510 1.9071 4.0379 -45.8226 5.2711 12.9850 -12.5340 0.7122
268 151 Car 0 0 0 0 0 0 0 1.9746 2.1030 4.3909 -20.6919 5.2424 51.5276 -10.7856 0.6902
268 404 Car 0 0 0 0 0 0 0 1.6077 1.6839 4.3105 32.2037 3.2506 26.2151 -9.3346 0.8510
269 3 Car 0 0 0 0 0 0 0 1.4434 1.9061 4.0492 -45.8064 5.2692 12.9775 -12.5364 0.7122
269 151 Car 0 0 0 0 0 0 0 1.9157 2.0589 4.3055 -20.6433 5.2253 51.4298 -10.8090 0.7303
269 404 Car 0 0 0 0 0 0 0 1.6216 1.6762 4.3770 31.6192 3.2764 26.2752 -9.3428 0.8405
270 3 Car 0 0 0 0 0 0 0 1.4774 1.9411 4.0926 -45.8686 5.2792 12.9860 -12.5300 0.6992
270 151 Car 0 0 0 0 0 0 0 1.9246 2.0753 4.2979 -20.7053 5.2203 51.4516 -10.8036 0.7200
270 404 Car 0 0 0 0 0 0 0 1.5994 1.6174 4.2517 30.8948 3.3058 26.2795 -9.3333 0.8683
271 3 Car 0 0 0 0 0 0 0 1.4641 1.9042 4.0455 -45.8364 5.2607 12.9710 -12.5375 0.6955
271 151 Car 0 0 0 0 0 0 0 1.9724 2.0924 4.3473 -20.6506 5.2506 51.4651 -10.7943 0.6975
271 404 Car 0 0 0 0 0 0 0 1.5590 1.5976 4.4038 30.3299 3.3043 26.3109 -9.3374 0.8628
272 3 Car 0 0 0 0 0 0 0 1.4557 1.9169 4.0577 -45.8346 5.2731 12.9700 -12.5383 0.7042
272 151 Car 0 0 0 0 0 0 0 1.9573 2.0762 4.3242 -20.6210 5.2552 51.4613 -10.8072 0.7038
272 404 Car 0 0 0 0 0 0 0 1.5815 1.6121 4.1525 29.7814 3.2871 26.3744 -9.3446 0.8961
273 3 Car 0 0 0 0 0 0 0 1.4554 1.9503 4.0758 -45.8513 5.2849 12.9871 -12.5321 0.7130
273 151 Car 0 0 0 0 0 0 0 1.9870 2.1006 4.3473 -20.6871 5.2906 51.4385 -10.8048 0.6905
273 404 Car 0 0 0 0 0 0 0 1.5927 1.6671 4.2734 29.1410 3.3154 26.4566 -9.3622 0.8621
274 3 Car 0 0 0 0 0 0 0 1.4587 1.9197 4.0269 -45.8103 5.2647 12.9820 -12.5361 0.6868
274 151 Car 0 0 0 0 0 0 0 1.9871 2.0851 4.3552 -20.6541 5.2970 51.4645 -10.8197 0.6514
274 404 Car 0 0 0 0 0 0 0 1.5929 1.6638 4.2643 28.5229 3.3412 26.5152 -9.3677 0.8276
275 3 Car 0 0 0 0 0 0 0 1.4625 1.9186 4.0394 -45.8207 5.2707 12.9838 -12.5294 0.6957
275 151 Car 0 0 0 0 0 0 0 1.9534 2.0882 4.3308 -20.6699 5.2383 51.4878 -10.8068 0.6940
275 404 Car 0 0 0 0 0 0 0 1.6051 1.6306 4.2766 28.1486 3.3550 26.5406 -9.3463 0.8284
276 3 Car 0 0 0 0 0 0 0 1.4663 1.9028 4.0250 -45.8313 5.2575 12.9684 -12.5402 0.6869
276 151 Car 0 0 0 0 0 0 0 1.9768 2.0886 4.3907 -20.7285 5.2961 51.4156 -10.7777 0.6847
276 404 Car 0 0 0 0 0 0 0 1.5753 1.6318 4.3473 27.7519 3.3526 26.5295 -9.3434 0.7651
277 3 Car 0 0 0 0 0 0 0 1.4760 1.9555 4.1075 -45.8616 5.2861 13.0008 -12.5348 0.6947
277 151 Car 0 0 0 0 0 0 0 1.9576 2.0756 4.3696 -20.6567 5.2923 51.4465 -10.7739 0.6382
277 404 Car 0 0 0 0 0 0 0 1.6241 1.7621 4.2777 27.2556 3.3605 26.6427 -9.3325 0.8344
278 3 Car 0 0 0 0 0 0 0 1.4773 1.9705 4.1095 -45.8461 5.2908 13.0106 -12.5289 0.7083
278 151 Car 0 0 0 0 0 0 0 1.9916 2.0880 4.2470 -20.6593 5.2857 51.4198 -10.7773 0.6468
278 404 Car 0 0 0 0 0 0 0 1.5957 1.6743 4.2281 26.7363 3.3881 26.6604 -9.3185 0.8800
279 3 Car 0 0 0 0 0 0 0 1.4733 1.9390 4.0752 -45.8515 5.2795 12.9870 -12.5274 0.7065
279 151 Car 0 0 0 0 0 0 0 1.9631 2.1020 4.3003 -20.6983 5.2371 51.4503 -10.7764 0.6952
279 404 Car 0 0 0 0 0 0 0 1.5844 1.6190 4.2539 26.3705 3.4004 26.6527 -9.3278 0.8700
280 3 Car 0 0 0 0 0 0 0 1.4677 1.9451 4.0665 -45.8608 5.2836 12.9887 -12.5243 0.7106
280 151 Car 0 0 0 0 0 0 0 1.9895 2.0953 4.3616 -20.6982 5.2966 51.4533 -10.8052 0.6563
280 404 Car 0 0 0 0 0 0 0 1.5618 1.6235 4.3125 25.9283 3.4068 26.6743 -9.3540 0.8614
281 3 Car 0 0 0 0 0 0 0 1.4516 1.9085 4.0384 -45.8159 5.2646 12.9681 -12.5418 0.6997
281 151 Car 0 0 0 0 0 0 0 1.9914 2.0940 4.2751 -20.7088 5.2646 51.3945 -10.7709 0.6490
281 404 Car 0 0 0 0 0 0 0 1.5585 1.6111 4.3686 25.5722 3.4070 26.7051 -9.3440 0.8722
282 3 Car 0 0 0 0 0 0 0 1.4587 1.9014 4.0393 -45.8367 5.2619 12.9772 -12.5383 0.6895
282 151 Car 0 0 0 0 0 0 0 1.9463 2.0746 4.3923 -20.6894 5.2543 51.6039 -10.7577 0.5360
282 404 Car 0 0 0 0 0 0 0 1.5786 1.6096 4.3240 25.1545 3.4112 26.7817 -9.3514 0.8435
283 3 Car 0 0 0 0 0 0 0 1.4800 1.9409 4.0737 -45.8554 5.2789 12.9960 -12.5284 0.6964
283 151 Car 0 0 0 0 0 0 0 1.9902 2.0998 4.4698 -20.6719 5.3112 51.5019 -10.7502 0.5749
283 404 Car 0 0 0 0 0 0 0 1.5003 1.5988 4.3393 24.8118 3.3544 26.8094 -9.3694 0.8565
284 3 Car 0 0 0 0 0 0 0 1.4492 1.8967 4.0450 -45.8160 5.2618 12.9766 -12.5326 0.7073
284 404 Car 0 0 0 0 0 0 0 1.5494 1.6125 4.4107 24.4305 3.3997 26.8267 -9.3442 0.8740
285 3 Car 0 0 0 0 0 0 0 1.4465 1.8947 4.0124 -45.8280 5.2621 12.9672 -12.5381 0.7084
285 404 Car 0 0 0 0 0 0 0 1.5855 1.6065 4.3498 24.0761 3.4221 26.8592 -9.3634 0.8537
286 3 Car 0 0 0 0 0 0 0 1.4608 1.9495 4.0709 -45.8581 5.2838 12.9824 -12.5311 0.7024
286 151 Car 0 0 0 0 0 0 0 2.0681 2.0826 4.4625 -20.7667 5.3344 51.5642 -10.7898 0.5492
286 404 Car 0 0 0 0 0 0 0 1.6284 1.6589 4.3742 23.7248 3.4410 26.9210 -9.3716 0.8528
287 3 Car 0 0 0 0 0 0 0 1.4845 1.9508 4.0760 -45.8652 5.2851 12.9976 -12.5245 0.6960
287 151 Car 0 0 0 0 0 0 0 2.1233 2.1071 4.4662 -20.7902 5.3876 51.4352 -10.7661 0.5825
287 404 Car 0 0 0 0 0 0 0 1.6261 1.6807 3.9974 23.1022 3.4805 26.9301 -9.3576 0.8476
288 3 Car 0 0 0 0 0 0 0 1.4743 1.9415 4.0753 -45.8520 5.2745 12.9881 -12.5283 0.7043
288 151 Car 0 0 0 0 0 0 0 1.9929 2.1158 4.4619 -20.7327 5.3123 51.4946 -10.7553 0.5477
288 404 Car 0 0 0 0 0 0 0 1.6924 1.6633 4.0533 22.7547 3.4928 26.9342 -9.3774 0.8606
289 3 Car 0 0 0 0 0 0 0 1.4533 1.8979 4.0425 -45.8175 5.2534 12.9754 -12.5370 0.7048
289 151 Car 0 0 0 0 0 0 0 2.0456 2.0980 4.2715 -20.6797 5.3206 51.4188 -10.7858 0.6121
289 404 Car 0 0 0 0 0 0 0 1.5986 1.6329 4.2759 22.4671 3.4853 26.9602 -9.3795 0.8494
290 3 Car 0 0 0 0 0 0 0 1.4599 1.9050 4.0392 -45.8208 5.2523 12.9808 -12.5385 0.6954
290 151 Car 0 0 0 0 0 0 0 1.9661 2.0672 4.3611 -20.6791 5.2899 51.4670 -10.7981 0.6422
290 404 Car 0 0 0 0 0 0 0 1.5861 1.5969 4.3478 22.2184 3.4878 26.9583 -9.3642 0.8861
291 3 Car 0 0 0 0 0 0 0 1.4569 1.8978 4.0348 -45.8277 5.2584 12.9722 -12.5353 0.7125
291 151 Car 0 0 0 0 0 0 0 1.9816 2.0884 4.3403 -20.6595 5.2765 51.4706 -10.8115 0.7125
291 404 Car 0 0 0 0 0 0 0 1.5618 1.5926 4.3649 21.8671 3.4802 26.9735 -9.3474 0.8969
292 3 Car 0 0 0 0 0 0 0 1.4436 1.9012 4.0303 -45.8214 5.2675 12.9710 -12.5360 0.7047
292 151 Car 0 0 0 0 0 0 0 1.9397 2.0977 4.3863 -20.6934 5.2844 51.4426 -10.8005 0.6975
292 404 Car 0 0 0 0 0 0 0 1.5888 1.6273 4.3038 21.3706 3.4786 26.9888 -9.3720 0.8477
293 3 Car 0 0 0 0 0 0 0 1.4619 1.9652 4.0916 -45.8342 5.2871 12.9949 -12.5364 0.7052
293 151 Car 0 0 0 0 0 0 0 2.0079 2.0966 4.3495 -20.6704 5.2620 51.4431 -10.7841 0.7065
293 404 Car 0 0 0 0 0 0 0 1.5694 1.6065 4.3353 20.9949 3.4802 27.0000 -9.3796 0.8919
294 3 Car 0 0 0 0 0 0 0 1.4540 1.9117 4.0286 -45.8156 5.2704 12.9746 -12.5408 0.7061
294 151 Car 0 0 0 0 0 0 0 1.9304 2.0730 4.2695 -20.6757 5.2390 51.4198 -10.7623 0.6302
294 404 Car 0 0 0 0 0 0 0 1.5714 1.6187 4.3689 20.7135 3.5062 27.0286 -9.3634 0.9142
295 3 Car 0 0 0 0 0 0 0 1.4986 1.9707 4.0879 -45.8407 5.2835 13.0156 -12.5309 0.7006
295 151 Car 0 0 0 0 0 0 0 1.9086 2.0764 4.3467 -20.7187 5.2847 51.4379 -10.8075 0.7069
295 404 Car 0 0 0 0 0 0 0 1.5694 1.6157 4.3576 20.3961 3.5113 27.0478 -9.3713 0.8885
296 3 Car 0 0 0 0 0 0 0 1.4897 1.9830 4.0797 -45.8379 5.2851 13.0148 -12.5324 0.7086
296 151 Car 0 0 0 0 0 0 0 2.0037 2.0550 4.2576 -20.6628 5.2610 51.4451 -10.7827 0.6421
296 404 Car 0 0 0 0 0 0 0 1.5798 1.6044 4.2979 19.9702 3.5489 27.0443 -9.3932 0.8815
297 3 Car 0 0 0 0 0 0 0 1.4539 1.9130 4.0614 -45.8364 5.2732 12.9762 -12.5352 0.7098
297 151 Car 0 0 0 0 0 0 0 1.9352 2.0870 4.3523 -20.7144 5.2603 51.4222 -10.7816 0.6878
297 404 Car 0 0 0 0 0 0 0 1.5948 1.6230 4.3523 19.6439 3.5648 27.1123 -9.3891 0.8966
298 3 Car 0 0 0 0 0 0 0 1.4579 1.8990 4.0369 -45.8256 5.2653 12.9757 -12.5341 0.7090
298 151 Car 0 0 0 0 0 0 0 1.9561 2.0951 4.3431 -20.7275 5.2263 51.4479 -10.7809 0.6812
298 404 Car 0 0 0 0 0 0 0 1.5856 1.5713 4.3750 19.2974 3.5488 27.0928 -9.4045 0.9080
299 3 Car 0 0 0 0 0 0 0 1.4796 1.9554 4.0719 -45.8663 5.2784 13.0022 -12.5267 0.7020
299 151 Car 0 0 0 0 0 0 0 1.9474 2.0896 4.3825 -20.6756 5.2283 51.5179 -10.7947 0.6896
299 404 Car 0 0 0 0 0 0 0 1.5481 1.5818 4.3074 18.9753 3.5679 27.0800 -9.3957 0.8947
300 3 Car 0 0 0 0 0 0 0 1.4727 1.9443 4.0871 -45.8512 5.2718 12.9931 -12.5256 0.7089
300 151 Car 0 0 0 0 0 0 0 1.9775 2.0888 4.3412 -20.6401 5.2424 51.4639 -10.8104 0.6766
300 404 Car 0 0 0 0 0 0 0 1.5659 1.5905 4.3304 18.5847 3.5631 27.0790 -9.3996 0.8747
301 3 Car 0 0 0 0 0 0 0 1.4766 1.9294 4.0697 -45.8700 5.2827 12.9796 -12.5288 0.6952
301 151 Car 0 0 0 0 0 0 0 1.9991 2.0787 4.3247 -20.6343 5.2437 51.5047 -10.8230 0.7005
301 404 Car 0 0 0 0 0 0 0 1.5850 1.5762 4.2805 18.2583 3.5855 27.1274 -9.3875 0.9170
302 3 Car 0 0 0 0 0 0 0 1.4712 1.9431 4.0456 -45.8381 5.2766 12.9990 -12.5252 0.7096
302 151 Car 0 0 0 0 0 0 0 1.9993 2.0922 4.3692 -20.6615 5.2596 51.4893 -10.8167 0.6700
302 404 Car 0 0 0 0 0 0 0 1.5916 1.5825 4.2759 17.8867 3.5982 27.1390 -9.3912 0.9043
303 3 Car 0 0 0 0 0 0 0 1.4527 1.9096 4.0419 -45.8150 5.2684 12.9783 -12.5359 0.7101
303 151 Car 0 0 0 0 0 0 0 2.0071 2.0836 4.2603 -20.6705 5.2752 51.4607 -10.7956 0.6659
303 404 Car 0 0 0 0 0 0 0 1.5735 1.5840 4.1418 17.6533 3.5953 27.1298 -9.3781 0.8686
304 3 Car 0 0 0 0 0 0 0 1.4610 1.9454 4.0738 -45.8666 5.2816 12.9874 -12.5284 0.7026
304 151 Car 0 0 0 0 0 0 0 1.9747 2.0925 4.3643 -20.6634 5.2309 51.5527 -10.8132 0.6794
304 404 Car 0 0 0 0 0 0 0 1.6096 1.5811 4.3073 17.2912 3.6117 27.1456 -9.3922 0.8755
305 3 Car 0 0 0 0 0 0 0 1.4492 1.8969 4.0175 -45.8093 5.2518 12.9726 -12.5383 0.6980
305 151 Car 0 0 0 0 0 0 0 1.9611 2.1044 4.3347 -20.7023 5.2097 51.4887 -10.7996 0.6968
305 404 Car 0 0 0 0 0 0 0 1.5887 1.6265 4.3716 17.0138 3.6351 27.2054 -9.3826 0.8903
306 3 Car 0 0 0 0 0 0 0 1.4538 1.9110 4.0552 -45.8417 5.2748 12.9736 -12.5329 0.7003
306 151 Car 0 0 0 0 0 0 0 1.9842 2.1066 4.3323 -20.7117 5.2514 51.4644 -10.8160 0.6890
306 404 Car 0 0 0 0 0 0 0 1.5654 1.5646 4.3040 16.6642 3.6380 27.1855 -9.3630 0.9163
307 3 Car 0 0 0 0 0 0 0 1.4528 1.8890 4.0142 -45.8220 5.2565 12.9695 -12.5374 0.7066
307 151 Car 0 0 0 0 0 0 0 1.9761 2.0901 4.3105 -20.6781 5.2602 51.4435 -10.7922 0.6983
307 404 Car 0 0 0 0 0 0 0 1.5666 1.5677 4.2743 16.3724 3.6439 27.1776 -9.3854 0.9021
308 3 Car 0 0 0 0 0 0 0 1.4534 1.8967 3.9344 -45.7974 5.2631 12.9623 -12.5472 0.7113
308 151 Car 0 0 0 0 0 0 0 1.9050 2.0765 4.3223 -20.7236 5.2367 51.4329 -10.8122 0.6475
308 404 Car 0 0 0 0 0 0 0 1.6206 1.6010 4.3206 16.1278 3.6569 27.2085 -9.3789 0.8739
309 3 Car 0 0 0 0 0 0 0 1.4559 1.8860 4.0408 -45.8362 5.2641 12.9735 -12.5359 0.7027
309 151 Car 0 0 0 0 0 0 0 1.9926 2.0979 4.4462 -20.6951 5.2392 51.5421 -10.7887 0.6936
309 404 Car 0 0 0 0 0 0 0 1.5545 1.5815 4.3727 15.8882 3.6517 27.2221 -9.3870 0.8670
