0 2 Car 0 0 0 0 0 0 0 1.5451 1.6892 4.4361 -3.6187 4.1641 28.2918 -9.3579 0.8835
0 0 Car 0 0 0 0 0 0 0 1.9365 1.8712 5.1240 -9.0217 4.2535 25.0169 -9.3877 0.9240
0 4 Car 0 0 0 0 0 0 0 1.3941 1.7456 4.6067 4.5879 3.6988 24.3804 -9.3381 0.8444
0 1 Car 0 0 0 0 0 0 0 1.5466 1.7134 4.4154 13.7479 3.6730 26.8751 -9.3232 0.8984
0 3 Car 0 0 0 0 0 0 0 1.8420 1.8625 4.3840 31.7061 3.2135 25.7072 -9.3561 0.8479
0 6 Car 0 0 0 0 0 0 0 1.7857 1.9198 4.6489 8.5249 3.9522 31.0249 -9.3955 0.8179
0 7 Car 0 0 0 0 0 0 0 1.5729 1.8000 4.6513 16.1440 3.6229 30.3465 -9.3287 0.6320
0 5 Car 0 0 0 0 0 0 0 1.6189 1.7672 3.7156 39.9764 2.9632 24.7728 -9.3515 0.8194
0 8 Car 0 0 0 0 0 0 0 1.4850 1.6499 3.9938 45.8439 2.7309 24.4851 -9.3864 0.5110
1 2 Car 0 0 0 0 0 0 0 1.5483 1.6986 4.3330 -4.3114 4.1790 28.3253 -9.3685 0.8628
1 0 Car 0 0 0 0 0 0 0 1.9186 1.8731 5.3525 -9.6177 4.2764 25.0683 -9.3751 0.9273
1 4 Car 0 0 0 0 0 0 0 1.3976 1.7801 4.4762 4.2053 3.7262 24.3969 -9.3580 0.8198
1 1 Car 0 0 0 0 0 0 0 1.5644 1.8158 4.6084 13.2959 3.6669 26.9290 -9.3341 0.8655
1 3 Car 0 0 0 0 0 0 0 1.8624 1.8742 4.3869 31.4536 3.1942 25.7267 -9.3406 0.8801
1 6 Car 0 0 0 0 0 0 0 1.7765 1.9048 4.6380 8.5538 3.9485 31.0205 -9.3867 0.8089
1 7 Car 0 0 0 0 0 0 0 1.5106 1.7164 4.4864 16.1994 3.5688 30.3127 -9.3461 0.6379
1 5 Car 0 0 0 0 0 0 0 1.5851 1.7522 3.6684 39.9952 2.9399 24.7765 -9.3562 0.8222
1 8 Car 0 0 0 0 0 0 0 1.4760 1.6452 3.9641 45.8790 2.7263 24.4789 -9.3776 0.5171
2 2 Car 0 0 0 0 0 0 0 1.5403 1.7718 4.4956 -4.8208 4.1990 28.3696 -9.3669 0.7997
2 0 Car 0 0 0 0 0 0 0 1.9114 1.8226 5.0350 -10.0780 4.2215 25.0296 -9.3750 0.9370
2 4 Car 0 0 0 0 0 0 0 1.3747 1.7696 4.5775 3.7585 3.6965 24.4892 -9.3556 0.8225
2 1 Car 0 0 0 0 0 0 0 1.5200 1.6601 4.5906 12.8815 3.6759 26.9077 -9.3234 0.8680
2 3 Car 0 0 0 0 0 0 0 1.8240 1.8625 4.4097 31.2354 3.1955 25.7123 -9.3552 0.8739
2 6 Car 0 0 0 0 0 0 0 1.8206 1.8964 4.6515 8.5673 3.9793 31.0267 -9.3859 0.7978
2 7 Car 0 0 0 0 0 0 0 1.4913 1.6858 4.4604 16.1348 3.5798 30.2790 -9.3465 0.6283
2 5 Car 0 0 0 0 0 0 0 1.6103 1.7547 3.7502 39.9490 2.9540 24.7655 -9.3485 0.8214
2 8 Car 0 0 0 0 0 0 0 1.4647 1.6359 3.9495 45.8623 2.7276 24.4779 -9.3890 0.5202
3 2 Car 0 0 0 0 0 0 0 1.5614 1.7070 4.1644 -5.5236 4.1826 28.3897 -9.3847 0.8449
3 0 Car 0 0 0 0 0 0 0 1.9225 1.9731 5.0746 -10.5787 4.2847 25.1408 -9.3763 0.9425
3 4 Car 0 0 0 0 0 0 0 1.4303 1.7759 4.5410 3.2527 3.7847 24.5199 -9.3563 0.7993
3 1 Car 0 0 0 0 0 0 0 1.5591 1.6654 4.6501 12.2223 3.6935 26.9819 -9.3434 0.8430
3 3 Car 0 0 0 0 0 0 0 1.7785 1.8508 4.4237 30.9888 3.2574 25.7302 -9.3648 0.8513
3 6 Car 0 0 0 0 0 0 0 1.8658 1.9308 4.6821 8.5447 4.0022 31.0536 -9.3781 0.7906
3 7 Car 0 0 0 0 0 0 0 1.5192 1.6443 4.5730 15.9730 3.6432 30.2856 -9.3403 0.7229
3 5 Car 0 0 0 0 0 0 0 1.5954 1.7626 3.7020 39.9806 2.9556 24.7725 -9.3594 0.8154
3 8 Car 0 0 0 0 0 0 0 1.4780 1.6435 3.9861 45.8875 2.7324 24.4747 -9.3825 0.5223
4 2 Car 0 0 0 0 0 0 0 1.5647 1.7537 4.3635 -6.3221 4.2151 28.4335 -9.3724 0.7994
4 0 Car 0 0 0 0 0 0 0 1.9666 1.9285 5.1332 -11.1356 4.3197 25.1450 -9.3708 0.9271
4 4 Car 0 0 0 0 0 0 0 1.4798 1.7744 4.5919 2.7934 3.8781 24.5572 -9.3476 0.8253
4 1 Car 0 0 0 0 0 0 0 1.5484 1.6709 4.5955 11.5704 3.7280 27.0216 -9.3424 0.8924
4 3 Car 0 0 0 0 0 0 0 1.8168 1.8300 4.5224 30.6900 3.2224 25.7624 -9.3318 0.8030
4 6 Car 0 0 0 0 0 0 0 1.9006 1.9266 4.6522 8.4882 4.0366 31.0484 -9.3747 0.8089
4 7 Car 0 0 0 0 0 0 0 1.4844 1.6825 4.3425 16.1109 3.6162 30.2717 -9.3379 0.6491
4 5 Car 0 0 0 0 0 0 0 1.6261 1.7609 3.7414 39.9810 2.9712 24.7777 -9.3535 0.8055
4 8 Car 0 0 0 0 0 0 0 1.4928 1.6480 4.0159 45.8791 2.7312 24.4812 -9.3788 0.5314
5 2 Car 0 0 0 0 0 0 0 1.5413 1.7021 4.4276 -6.9133 4.2107 28.4352 -9.3874 0.8125
5 0 Car 0 0 0 0 0 0 0 1.9673 1.9358 5.1956 -11.6640 4.3551 25.1514 -9.3909 0.9278
5 4 Car 0 0 0 0 0 0 0 1.4840 1.7791 4.4329 2.3586 3.8992 24.5799 -9.3370 0.8077
5 1 Car 0 0 0 0 0 0 0 1.5507 1.7196 4.7454 11.0701 3.7259 27.0992 -9.3580 0.8205
5 3 Car 0 0 0 0 0 0 0 1.8463 1.8700 4.5567 30.5098 3.2572 25.8270 -9.3676 0.7991
5 6 Car 0 0 0 0 0 0 0 1.8425 1.9041 4.7549 8.4831 3.9887 31.0172 -9.3751 0.8048
5 7 Car 0 0 0 0 0 0 0 1.4901 1.6834 4.3281 16.2104 3.6142 30.2980 -9.3517 0.6484
5 5 Car 0 0 0 0 0 0 0 1.6096 1.7698 3.7655 39.9752 2.9786 24.7723 -9.3526 0.7957
5 8 Car 0 0 0 0 0 0 0 1.4893 1.6490 4.0249 45.9002 2.7243 24.4862 -9.3793 0.5279
6 2 Car 0 0 0 0 0 0 0 1.5412 1.6254 4.2250 -7.5964 4.2696 28.4384 -9.3542 0.8614
6 0 Car 0 0 0 0 0 0 0 1.9492 1.9329 5.1189 -12.1858 4.3515 25.2264 -9.3886 0.9265
6 4 Car 0 0 0 0 0 0 0 1.4924 1.8631 4.4731 2.0283 3.8788 24.6963 -9.3413 0.7167
6 1 Car 0 0 0 0 0 0 0 1.5698 1.8496 4.8055 10.5281 3.7609 27.2010 -9.3611 0.8391
6 3 Car 0 0 0 0 0 0 0 1.8001 1.7510 4.5056 30.0048 3.2654 25.7153 -9.3453 0.7738
6 6 Car 0 0 0 0 0 0 0 1.8496 1.9486 4.6838 8.4177 3.9782 31.0465 -9.3594 0.7801
6 7 Car 0 0 0 0 0 0 0 1.5162 1.6663 4.4152 16.0342 3.6467 30.2590 -9.3617 0.7247
6 5 Car 0 0 0 0 0 0 0 1.5985 1.7469 3.7406 39.9646 2.9609 24.7705 -9.3519 0.8153
6 8 Car 0 0 0 0 0 0 0 1.4818 1.6484 3.9842 45.8764 2.7258 24.4795 -9.3790 0.5226
7 2 Car 0 0 0 0 0 0 0 1.5373 1.5949 4.3190 -8.2964 4.2485 28.4567 -9.3665 0.8786
7 0 Car 0 0 0 0 0 0 0 1.9457 1.8386 4.9814 -12.6778 4.3878 25.1554 -9.3949 0.9167
7 4 Car 0 0 0 0 0 0 0 1.5024 1.7713 4.1417 1.3329 3.9340 24.7064 -9.3048 0.7944
7 1 Car 0 0 0 0 0 0 0 1.5924 1.9200 4.8111 9.9813 3.7673 27.2783 -9.3434 0.8601
7 3 Car 0 0 0 0 0 0 0 1.8137 1.8201 4.3292 29.7081 3.2453 25.7892 -9.3473 0.8538
7 6 Car 0 0 0 0 0 0 0 1.7558 1.9361 4.6071 8.4254 3.9029 31.0573 -9.3668 0.7573
7 7 Car 0 0 0 0 0 0 0 1.5361 1.7074 4.4871 15.8746 3.7039 30.3175 -9.3611 0.7580
7 5 Car 0 0 0 0 0 0 0 1.5794 1.7479 3.7107 39.9642 2.9534 24.7637 -9.3502 0.8187
7 8 Car 0 0 0 0 0 0 0 1.4768 1.6477 3.9894 45.8606 2.7166 24.4842 -9.3813 0.5118
8 2 Car 0 0 0 0 0 0 0 1.5373 1.6429 4.3761 -9.0492 4.3051 28.5209 -9.3524 0.8505
8 0 Car 0 0 0 0 0 0 0 1.9371 1.8661 5.0592 -13.2491 4.3812 25.2341 -9.3920 0.9159
8 4 Car 0 0 0 0 0 0 0 1.5332 1.7604 4.2866 0.7496 3.9403 24.7203 -9.3290 0.8141
8 1 Car 0 0 0 0 0 0 0 1.5476 1.7264 4.6551 9.2557 3.7899 27.2317 -9.3296 0.8419
8 3 Car 0 0 0 0 0 0 0 1.8532 1.8363 4.4515 29.4074 3.2288 25.8139 -9.3523 0.8539
8 6 Car 0 0 0 0 0 0 0 1.7402 1.8377 4.5811 8.4070 3.8911 30.9968 -9.3562 0.7902
8 7 Car 0 0 0 0 0 0 0 1.5439 1.6682 4.5525 15.6472 3.7329 30.3299 -9.3269 0.8508
8 5 Car 0 0 0 0 0 0 0 1.5841 1.7608 3.7216 39.9770 2.9530 24.7709 -9.3598 0.7868
8 8 Car 0 0 0 0 0 0 0 1.4875 1.6454 3.9924 45.8806 2.7259 24.4787 -9.3826 0.5384
9 2 Car 0 0 0 0 0 0 0 1.5419 1.6507 4.4131 -9.7258 4.3182 28.5710 -9.3523 0.8399
9 0 Car 0 0 0 0 0 0 0 1.9681 1.8630 5.1064 -13.6930 4.3538 25.2564 -9.3875 0.9306
9 4 Car 0 0 0 0 0 0 0 1.4928 1.7186 4.3283 0.2514 3.9578 24.7729 -9.3160 0.8479
9 1 Car 0 0 0 0 0 0 0 1.6495 1.7540 4.8557 8.7321 3.8063 27.2812 -9.3344 0.8647
9 3 Car 0 0 0 0 0 0 0 1.8360 1.8580 4.5211 28.9596 3.2617 25.8562 -9.3453 0.8511
9 6 Car 0 0 0 0 0 0 0 1.7499 1.8717 4.5514 8.3529 3.9059 31.0132 -9.3558 0.7653
9 7 Car 0 0 0 0 0 0 0 1.5881 1.7267 4.6841 15.6706 3.7882 30.3441 -9.3511 0.8733
9 5 Car 0 0 0 0 0 0 0 1.5775 1.7474 3.7001 39.9826 2.9484 24.7673 -9.3575 0.8081
9 8 Car 0 0 0 0 0 0 0 1.4963 1.6482 4.0169 45.8835 2.7315 24.4838 -9.3768 0.5301
10 2 Car 0 0 0 0 0 0 0 1.5530 1.6717 4.4523 -10.5137 4.3628 28.6381 -9.3432 0.8456
10 0 Car 0 0 0 0 0 0 0 1.9809 1.8967 5.1154 -14.2482 4.4203 25.2599 -9.3914 0.9388
10 4 Car 0 0 0 0 0 0 0 1.5184 1.7462 4.4640 -0.2353 3.9787 24.8065 -9.3255 0.8745
10 1 Car 0 0 0 0 0 0 0 1.5637 1.8001 4.8383 8.2327 3.8169 27.3368 -9.3339 0.8661
10 3 Car 0 0 0 0 0 0 0 1.9193 1.8547 4.5918 28.7056 3.2561 25.8561 -9.3745 0.8739
10 6 Car 0 0 0 0 0 0 0 1.7050 1.8052 4.5350 8.3313 3.8586 30.9995 -9.3532 0.7414
10 7 Car 0 0 0 0 0 0 0 1.5817 1.6304 4.5032 15.6437 3.7545 30.3202 -9.3607 0.8926
10 5 Car 0 0 0 0 0 0 0 1.5868 1.7497 3.7306 39.9852 2.9584 24.7562 -9.3574 0.8262
10 8 Car 0 0 0 0 0 0 0 1.4886 1.6409 4.0006 45.8759 2.7241 24.4792 -9.3837 0.5476
11 2 Car 0 0 0 0 0 0 0 1.5828 1.7217 4.2642 -11.2485 4.3850 28.7230 -9.3558 0.8709
11 0 Car 0 0 0 0 0 0 0 1.9515 1.8959 5.0859 -14.6979 4.3755 25.3039 -9.3794 0.9409
11 4 Car 0 0 0 0 0 0 0 1.5156 1.7183 4.4250 -0.7203 3.9747 24.8241 -9.3453 0.8678
11 1 Car 0 0 0 0 0 0 0 1.5415 1.8917 4.7389 7.7233 3.8336 27.4281 -9.3240 0.8339
11 3 Car 0 0 0 0 0 0 0 1.9178 1.8509 4.6235 28.3639 3.3074 25.9281 -9.3696 0.8858
11 6 Car 0 0 0 0 0 0 0 1.7246 1.8178 4.6073 8.4317 3.8584 30.9673 -9.3642 0.7448
11 7 Car 0 0 0 0 0 0 0 1.5659 1.6771 4.5254 15.5846 3.7580 30.3546 -9.3415 0.8713
11 5 Car 0 0 0 0 0 0 0 1.5749 1.7326 3.7345 39.9815 2.9636 24.7642 -9.3590 0.8274
11 8 Car 0 0 0 0 0 0 0 1.4796 1.6343 3.9845 45.8604 2.7241 24.4891 -9.3764 0.5346
12 2 Car 0 0 0 0 0 0 0 1.5993 1.8382 4.2298 -11.9424 4.4122 28.8151 -9.3321 0.8954
12 0 Car 0 0 0 0 0 0 0 1.9926 1.8394 5.1026 -15.2807 4.4208 25.2995 -9.4005 0.9360
12 4 Car 0 0 0 0 0 0 0 1.5173 1.7528 4.4243 -1.2658 3.9741 24.9186 -9.3547 0.8179
12 1 Car 0 0 0 0 0 0 0 1.5373 1.8969 4.7811 7.0099 3.8472 27.4942 -9.3352 0.8857
12 3 Car 0 0 0 0 0 0 0 1.8855 1.8595 4.4098 27.8095 3.2853 25.9701 -9.4187 0.8263
12 6 Car 0 0 0 0 0 0 0 1.8042 1.8684 4.7263 8.3801 3.9114 31.0080 -9.3684 0.7473
12 7 Car 0 0 0 0 0 0 0 1.5751 1.6650 4.5732 15.5286 3.7554 30.3331 -9.3327 0.8775
12 5 Car 0 0 0 0 0 0 0 1.5950 1.7621 3.7335 39.9910 2.9474 24.7717 -9.3525 0.8045
12 8 Car 0 0 0 0 0 0 0 1.4647 1.6352 3.9387 45.8688 2.7233 24.4745 -9.3773 0.5324
13 2 Car 0 0 0 0 0 0 0 1.5904 1.7065 4.2121 -12.7254 4.4159 28.7693 -9.3585 0.8670
13 0 Car 0 0 0 0 0 0 0 1.9663 1.8128 5.0934 -15.8446 4.4049 25.2811 -9.4083 0.9370
13 4 Car 0 0 0 0 0 0 0 1.4873 1.7162 4.4468 -1.9249 3.9575 24.9953 -9.3398 0.8139
13 1 Car 0 0 0 0 0 0 0 1.5527 1.9309 4.7927 6.3915 3.8922 27.5370 -9.3495 0.8664
13 3 Car 0 0 0 0 0 0 0 1.7988 1.8067 4.2308 27.4575 3.2730 25.9350 -9.4101 0.8219
13 6 Car 0 0 0 0 0 0 0 1.8333 1.9107 4.6957 8.3919 3.9897 31.0303 -9.3717 0.7312
13 7 Car 0 0 0 0 0 0 0 1.5716 1.6521 4.5836 15.5498 3.7612 30.3400 -9.3444 0.8757
13 5 Car 0 0 0 0 0 0 0 1.6347 1.7870 3.8522 39.9544 2.9692 24.7619 -9.3663 0.8045
13 8 Car 0 0 0 0 0 0 0 1.4822 1.6388 3.9732 45.8585 2.7213 24.4783 -9.3725 0.5396
14 2 Car 0 0 0 0 0 0 0 1.5996 1.6195 3.9518 -13.4115 4.4441 28.8100 -9.3564 0.8722
14 0 Car 0 0 0 0 0 0 0 1.9170 1.8936 4.9482 -16.2506 4.4379 25.2923 -9.4142 0.9248
14 4 Car 0 0 0 0 0 0 0 1.4943 1.6902 4.3006 -2.4515 3.9819 25.0110 -9.3526 0.8343
14 1 Car 0 0 0 0 0 0 0 1.5340 1.9042 4.7365 5.6852 3.9158 27.6180 -9.3407 0.8289
14 3 Car 0 0 0 0 0 0 0 1.8624 1.8557 4.5037 27.1796 3.3256 25.9821 -9.3989 0.8597
14 6 Car 0 0 0 0 0 0 0 1.7506 1.8235 4.6136 8.2869 3.9702 31.0261 -9.3812 0.8130
14 7 Car 0 0 0 0 0 0 0 1.5792 1.6526 4.5822 15.5607 3.7424 30.3119 -9.3671 0.8763
14 5 Car 0 0 0 0 0 0 0 1.6083 1.7653 3.8375 39.9555 2.9762 24.7665 -9.3689 0.8146
14 8 Car 0 0 0 0 0 0 0 1.4898 1.6405 3.9896 45.8610 2.7243 24.4789 -9.3786 0.5400
15 2 Car 0 0 0 0 0 0 0 1.6162 1.6753 3.7104 -14.1505 4.4890 28.8320 -9.3537 0.8398
15 0 Car 0 0 0 0 0 0 0 1.9897 1.8447 4.9894 -16.7968 4.4783 25.3377 -9.4040 0.9441
15 4 Car 0 0 0 0 0 0 0 1.4956 1.6810 4.3715 -3.0099 3.9969 25.0574 -9.3557 0.8236
15 1 Car 0 0 0 0 0 0 0 1.5351 1.9059 4.7087 5.0621 3.9431 27.6621 -9.3376 0.8557
15 3 Car 0 0 0 0 0 0 0 1.8072 1.7562 4.3696 26.6171 3.2817 25.9760 -9.3649 0.8673
15 6 Car 0 0 0 0 0 0 0 1.7520 1.8092 4.6179 8.2627 3.9793 31.0018 -9.3902 0.7987
15 7 Car 0 0 0 0 0 0 0 1.5738 1.6341 4.5484 15.5077 3.7378 30.3126 -9.3648 0.8464
15 5 Car 0 0 0 0 0 0 0 1.5602 1.7595 4.0722 40.0053 2.9631 24.7848 -9.3726 0.7795
15 8 Car 0 0 0 0 0 0 0 1.4779 1.6319 3.9803 45.8640 2.7367 24.4788 -9.3636 0.5576
16 2 Car 0 0 0 0 0 0 0 1.5927 1.6570 3.9211 -14.9855 4.4756 28.8610 -9.3364 0.8340
16 0 Car 0 0 0 0 0 0 0 1.9910 1.8318 5.0580 -17.3197 4.4953 25.3104 -9.3897 0.9025
16 4 Car 0 0 0 0 0 0 0 1.4935 1.6946 4.4757 -3.5519 4.0246 25.1195 -9.3506 0.8575
16 1 Car 0 0 0 0 0 0 0 1.5396 1.9567 4.6851 4.3758 3.9405 27.7300 -9.3428 0.8136
16 3 Car 0 0 0 0 0 0 0 1.7758 1.7397 4.3963 26.1981 3.3299 25.9842 -9.3671 0.8828
16 6 Car 0 0 0 0 0 0 0 1.7167 1.9268 4.5634 8.0930 3.9552 31.0730 -9.3799 0.8305
16 7 Car 0 0 0 0 0 0 0 1.5601 1.6760 4.5842 15.4885 3.7508 30.3624 -9.3455 0.8488
16 5 Car 0 0 0 0 0 0 0 1.6053 1.7819 3.9659 39.8724 2.9673 24.8023 -9.3678 0.7777
16 8 Car 0 0 0 0 0 0 0 1.4886 1.6407 3.9964 45.8727 2.7214 24.4808 -9.3736 0.5200
17 2 Car 0 0 0 0 0 0 0 1.5446 1.6255 4.1196 -15.9549 4.5522 28.9226 -9.3747 0.8265
17 0 Car 0 0 0 0 0 0 0 1.9812 1.8406 5.1100 -17.8948 4.5487 25.3962 -9.4032 0.9241
17 4 Car 0 0 0 0 0 0 0 1.4880 1.7129 4.4264 -4.1436 4.0275 25.1621 -9.3489 0.8152
17 1 Car 0 0 0 0 0 0 0 1.5382 1.9431 4.7084 3.7644 3.9536 27.7486 -9.3309 0.8097
17 3 Car 0 0 0 0 0 0 0 1.8006 1.6965 4.4380 25.7464 3.3172 26.0053 -9.3810 0.8620
17 6 Car 0 0 0 0 0 0 0 1.7284 1.8228 4.6351 7.9866 3.9450 31.0304 -9.3684 0.8625
17 7 Car 0 0 0 0 0 0 0 1.5808 1.6867 4.5866 15.4178 3.7604 30.3634 -9.3471 0.8681
17 5 Car 0 0 0 0 0 0 0 1.5870 1.7404 4.0352 39.7473 2.9687 24.8039 -9.3691 0.8045
17 8 Car 0 0 0 0 0 0 0 1.5125 1.6476 4.0568 45.8184 2.7308 24.4986 -9.3717 0.5788
18 2 Car 0 0 0 0 0 0 0 1.5998 1.5987 4.0252 -16.6452 4.5812 28.9560 -9.3656 0.8378
18 0 Car 0 0 0 0 0 0 0 2.0058 1.8194 5.0561 -18.3578 4.5414 25.3431 -9.3993 0.9234
18 4 Car 0 0 0 0 0 0 0 1.4880 1.6803 4.2738 -4.6712 4.0278 25.2048 -9.3581 0.7690
18 1 Car 0 0 0 0 0 0 0 1.5383 1.9693 4.8516 3.0381 3.9724 27.8567 -9.3511 0.7591
18 3 Car 0 0 0 0 0 0 0 1.7119 1.7271 4.3271 25.1652 3.3213 26.0531 -9.3752 0.8828
18 6 Car 0 0 0 0 0 0 0 1.7354 1.8502 4.6816 7.7907 3.9526 31.0135 -9.3755 0.8594
18 7 Car 0 0 0 0 0 0 0 1.5923 1.6733 4.6796 15.4120 3.7651 30.3520 -9.3568 0.8751
18 5 Car 0 0 0 0 0 0 0 1.5865 1.7600 4.1034 39.6708 2.9701 24.8233 -9.3693 0.7832
18 8 Car 0 0 0 0 0 0 0 1.5513 1.6739 4.1228 45.8169 2.7352 24.5153 -9.3792 0.6142
19 2 Car 0 0 0 0 0 0 0 1.5956 1.6532 4.2135 -17.5186 4.6075 29.0582 -9.3515 0.8267
19 0 Car 0 0 0 0 0 0 0 1.9711 1.8318 5.0840 -18.9336 4.5399 25.3780 -9.3881 0.9355
19 4 Car 0 0 0 0 0 0 0 1.4787 1.7006 4.3723 -5.3456 4.0716 25.2912 -9.3578 0.8391
19 1 Car 0 0 0 0 0 0 0 1.5565 1.9517 4.7633 2.2291 4.0264 27.8978 -9.3550 0.7722
19 3 Car 0 0 0 0 0 0 0 1.8150 1.7033 4.4522 24.6898 3.3397 26.0685 -9.3731 0.8831
19 6 Car 0 0 0 0 0 0 0 1.8198 1.8891 4.6513 7.6123 3.9670 31.0317 -9.3783 0.8705
19 7 Car 0 0 0 0 0 0 0 1.5780 1.6582 4.6570 15.3543 3.7519 30.3468 -9.3620 0.8609
19 5 Car 0 0 0 0 0 0 0 1.6450 1.7797 4.1243 39.5759 2.9934 24.8386 -9.3742 0.7318
19 8 Car 0 0 0 0 0 0 0 1.5460 1.6883 4.1125 45.8146 2.7422 24.5233 -9.3721 0.6035
20 2 Car 0 0 0 0 0 0 0 1.5881 1.6215 4.1053 -18.4530 4.5916 29.0830 -9.3328 0.7962
20 0 Car 0 0 0 0 0 0 0 1.9804 1.8327 5.0635 -19.4660 4.5352 25.4205 -9.3888 0.9298
20 4 Car 0 0 0 0 0 0 0 1.4869 1.7292 4.3422 -5.9431 4.0567 25.3399 -9.3672 0.8492
20 1 Car 0 0 0 0 0 0 0 1.5226 1.9399 4.4121 1.5093 4.0306 27.9421 -9.3692 0.7690
20 3 Car 0 0 0 0 0 0 0 1.8253 1.8271 4.4159 24.2798 3.3512 26.1660 -9.3867 0.8541
20 6 Car 0 0 0 0 0 0 0 1.7628 1.9005 4.6701 7.4575 3.9705 31.0854 -9.3723 0.8768
20 7 Car 0 0 0 0 0 0 0 1.5672 1.7202 4.5773 15.2907 3.7555 30.3838 -9.3584 0.8583
20 5 Car 0 0 0 0 0 0 0 1.5743 1.7085 4.1003 39.5345 2.9905 24.8270 -9.3722 0.7912
20 8 Car 0 0 0 0 0 0 0 1.5382 1.6840 4.1918 45.8515 2.7496 24.5264 -9.3725 0.6175
21 2 Car 0 0 0 0 0 0 0 1.5996 1.7297 4.1171 -19.3327 4.6160 29.1997 -9.3337 0.7847
21 0 Car 0 0 0 0 0 0 0 1.9291 1.8048 4.9072 -20.0212 4.5719 25.3786 -9.3888 0.9024
21 4 Car 0 0 0 0 0 0 0 1.4607 1.7001 4.3390 -6.6057 4.0615 25.3329 -9.3785 0.8328
21 1 Car 0 0 0 0 0 0 0 1.5683 2.0172 4.6770 0.6943 4.0283 28.1081 -9.3925 0.8176
21 3 Car 0 0 0 0 0 0 0 1.7398 1.7413 4.4612 23.7201 3.3620 26.1186 -9.3723 0.8836
21 6 Car 0 0 0 0 0 0 0 1.8277 2.0054 4.6263 7.2368 3.9689 31.1232 -9.3826 0.8890
21 7 Car 0 0 0 0 0 0 0 1.5840 1.7472 4.6570 15.2984 3.7654 30.3907 -9.3591 0.8744
21 5 Car 0 0 0 0 0 0 0 1.5851 1.7242 3.9901 39.4261 2.9858 24.8296 -9.3591 0.7784
21 8 Car 0 0 0 0 0 0 0 1.5228 1.6825 4.1134 45.8108 2.7631 24.5212 -9.3753 0.5677
22 2 Car 0 0 0 0 0 0 0 1.5704 1.5893 3.9780 -20.1815 4.6201 29.2368 -9.3661 0.8162
22 0 Car 0 0 0 0 0 0 0 2.0038 1.7979 5.0362 -20.5858 4.5856 25.4350 -9.4161 0.9318
22 4 Car 0 0 0 0 0 0 0 1.4564 1.6773 4.4106 -7.3239 4.1158 25.3906 -9.3800 0.8224
22 1 Car 0 0 0 0 0 0 0 1.5536 1.8157 4.5123 -0.0629 4.0501 28.0380 -9.3368 0.7773
22 3 Car 0 0 0 0 0 0 0 1.8250 1.7837 4.6854 23.2546 3.3977 26.1681 -9.3530 0.8882
22 6 Car 0 0 0 0 0 0 0 1.8336 1.9187 4.6737 6.9960 3.9707 31.0902 -9.3841 0.9007
22 7 Car 0 0 0 0 0 0 0 1.5816 1.6905 4.5828 15.1724 3.7543 30.3780 -9.3686 0.8687
22 5 Car 0 0 0 0 0 0 0 1.5874 1.7129 3.9878 39.2352 2.9939 24.8356 -9.3526 0.8319
22 8 Car 0 0 0 0 0 0 0 1.5074 1.6709 4.0847 45.7939 2.7432 24.5191 -9.3661 0.5599
23 2 Car 0 0 0 0 0 0 0 1.5631 1.5769 4.1571 -21.0810 4.6459 29.2450 -9.3126 0.8325
23 0 Car 0 0 0 0 0 0 0 1.9215 1.9140 4.9189 -21.1314 4.5775 25.5325 -9.4027 0.9223
23 4 Car 0 0 0 0 0 0 0 1.4805 1.7207 4.4597 -7.9947 4.1639 25.4937 -9.3464 0.7856
23 1 Car 0 0 0 0 0 0 0 1.5414 1.8153 4.5900 -0.8451 4.0685 28.0851 -9.3185 0.7839
23 3 Car 0 0 0 0 0 0 0 1.7780 1.8101 4.2643 22.4728 3.4066 26.2279 -9.3690 0.8599
23 6 Car 0 0 0 0 0 0 0 1.9068 1.9815 4.7341 6.7701 4.0398 31.1471 -9.3708 0.8732
23 7 Car 0 0 0 0 0 0 0 1.5796 1.6877 4.5651 15.0925 3.7652 30.3904 -9.3650 0.8392
23 5 Car 0 0 0 0 0 0 0 1.6004 1.7594 3.9550 39.0289 3.0226 24.8683 -9.3549 0.8016
23 8 Car 0 0 0 0 0 0 0 1.5344 1.7257 4.1436 45.8002 2.7902 24.5227 -9.3576 0.5540
24 2 Car 0 0 0 0 0 0 0 1.5572 1.5514 4.2714 -21.9843 4.6682 29.2479 -9.3399 0.8366
24 0 Car 0 0 0 0 0 0 0 1.9510 1.7956 4.9980 -21.7047 4.5849 25.4609 -9.3964 0.9223
24 4 Car 0 0 0 0 0 0 0 1.4838 1.7078 4.3987 -8.6066 4.1735 25.5140 -9.3708 0.8361
24 1 Car 0 0 0 0 0 0 0 1.5274 1.8136 4.5799 -1.4493 4.1000 28.1828 -9.3151 0.8007
24 3 Car 0 0 0 0 0 0 0 1.7521 1.7562 4.2083 21.9781 3.3843 26.2691 -9.3738 0.8895
24 6 Car 0 0 0 0 0 0 0 1.8574 1.9882 4.7374 6.5366 4.0420 31.1745 -9.3682 0.8742
24 7 Car 0 0 0 0 0 0 0 1.5619 1.6591 4.5812 15.0789 3.7575 30.3682 -9.3539 0.8268
24 5 Car 0 0 0 0 0 0 0 1.6080 1.7188 3.9293 38.8936 2.9972 24.8003 -9.3267 0.7632
24 8 Car 0 0 0 0 0 0 0 1.5657 1.7547 4.2321 45.8033 2.7825 24.5489 -9.3596 0.5956
25 2 Car 0 0 0 0 0 0 0 1.5695 1.7278 4.3826 -22.7032 4.7270 29.3890 -9.3480 0.8022
25 0 Car 0 0 0 0 0 0 0 1.9136 1.7862 4.8573 -22.2787 4.6046 25.4670 -9.3988 0.8964
25 4 Car 0 0 0 0 0 0 0 1.4896 1.7387 4.2551 -9.1661 4.1939 25.5260 -9.3597 0.8437
25 1 Car 0 0 0 0 0 0 0 1.5372 1.9090 4.6034 -2.2703 4.1022 28.3153 -9.3533 0.7696
25 3 Car 0 0 0 0 0 0 0 1.7752 1.8100 4.3239 21.4727 3.4021 26.3066 -9.3663 0.8863
25 6 Car 0 0 0 0 0 0 0 1.8484 1.8226 4.7146 6.2616 4.0450 31.1288 -9.3709 0.9130
25 7 Car 0 0 0 0 0 0 0 1.5705 1.6957 4.5746 14.9703 3.7487 30.3870 -9.3540 0.8202
25 5 Car 0 0 0 0 0 0 0 1.5767 1.7294 3.9550 38.6114 3.0063 24.8490 -9.3300 0.7891
25 8 Car 0 0 0 0 0 0 0 1.5689 1.7542 4.2335 45.7763 2.8031 24.5316 -9.3697 0.6313
26 2 Car 0 0 0 0 0 0 0 1.5989 1.6587 4.1563 -23.8432 4.7417 29.4337 -9.3828 0.8574
26 0 Car 0 0 0 0 0 0 0 1.9498 1.7693 4.9215 -22.9728 4.6143 25.4688 -9.3807 0.9089
26 4 Car 0 0 0 0 0 0 0 1.5055 1.7111 4.3422 -9.8316 4.2209 25.5887 -9.3716 0.8581
26 1 Car 0 0 0 0 0 0 0 1.5419 1.8788 4.5693 -2.9884 4.1198 28.3609 -9.3449 0.8163
26 3 Car 0 0 0 0 0 0 0 1.8123 1.7894 4.5424 20.7426 3.4378 26.3113 -9.3649 0.8947
26 6 Car 0 0 0 0 0 0 0 1.8565 1.8187 4.7337 5.9543 4.0758 31.1293 -9.3700 0.9083
26 7 Car 0 0 0 0 0 0 0 1.5777 1.6950 4.5204 14.8274 3.7466 30.4223 -9.3588 0.8120
26 5 Car 0 0 0 0 0 0 0 1.5753 1.7280 3.9786 38.3618 3.0119 24.8997 -9.3366 0.7917
26 8 Car 0 0 0 0 0 0 0 1.5671 1.7205 4.2327 45.7976 2.7750 24.5082 -9.3829 0.5824
27 2 Car 0 0 0 0 0 0 0 1.5619 1.5494 4.3144 -24.6374 4.7605 29.3874 -9.3326 0.7958
27 0 Car 0 0 0 0 0 0 0 1.9655 1.7844 4.8059 -23.5186 4.6373 25.5191 -9.4008 0.8955
27 4 Car 0 0 0 0 0 0 0 1.5291 1.8077 4.3415 -10.5166 4.2469 25.6605 -9.3763 0.8416
27 1 Car 0 0 0 0 0 0 0 1.5321 1.7612 4.4054 -3.6757 4.1459 28.3709 -9.3388 0.8159
27 3 Car 0 0 0 0 0 0 0 1.7813 1.7495 4.4258 20.1904 3.4375 26.3536 -9.3635 0.8943
27 6 Car 0 0 0 0 0 0 0 1.8417 1.7751 4.5925 5.6964 4.0666 31.1436 -9.3780 0.9226
27 7 Car 0 0 0 0 0 0 0 1.5956 1.7588 4.5888 14.6991 3.7693 30.4534 -9.3420 0.7890
27 5 Car 0 0 0 0 0 0 0 1.5810 1.7070 4.1201 38.1933 3.0195 24.8882 -9.3455 0.7598
27 8 Car 0 0 0 0 0 0 0 1.5553 1.7445 4.2462 45.7596 2.7899 24.5122 -9.3633 0.5753
28 2 Car 0 0 0 0 0 0 0 1.5608 1.6715 4.1869 -25.7012 4.7881 29.5097 -9.3884 0.8526
28 0 Car 0 0 0 0 0 0 0 1.9327 1.8102 4.8392 -24.1865 4.6576 25.5535 -9.3981 0.8817
28 4 Car 0 0 0 0 0 0 0 1.5355 1.8611 4.2582 -11.1652 4.2685 25.6897 -9.3786 0.9030
28 1 Car 0 0 0 0 0 0 0 1.5455 1.7615 4.4330 -4.4568 4.1517 28.4416 -9.3545 0.7725
28 3 Car 0 0 0 0 0 0 0 1.7736 1.7763 4.4834 19.5967 3.4772 26.3714 -9.3755 0.9082
28 6 Car 0 0 0 0 0 0 0 1.8232 1.8404 4.6842 5.3846 4.0619 31.2235 -9.3770 0.9043
28 7 Car 0 0 0 0 0 0 0 1.5839 1.7217 4.5213 14.5239 3.7855 30.4810 -9.3478 0.7927
28 5 Car 0 0 0 0 0 0 0 1.5745 1.7483 4.1699 37.9114 3.0293 24.9663 -9.3393 0.6949
28 8 Car 0 0 0 0 0 0 0 1.5485 1.6959 4.2353 45.7187 2.7755 24.4921 -9.3626 0.5612
29 2 Car 0 0 0 0 0 0 0 1.5596 1.6789 4.2192 -26.5695 4.8498 29.5498 -9.3599 0.8394
29 0 Car 0 0 0 0 0 0 0 2.0169 1.8311 4.9036 -24.7882 4.6662 25.5874 -9.4032 0.9191
29 4 Car 0 0 0 0 0 0 0 1.5074 1.7549 4.3686 -11.8855 4.2826 25.7012 -9.3904 0.8753
29 1 Car 0 0 0 0 0 0 0 1.5529 1.8107 4.5497 -5.2266 4.1857 28.5432 -9.3362 0.8309
29 3 Car 0 0 0 0 0 0 0 1.7732 1.7925 4.4972 18.9869 3.4807 26.4280 -9.3827 0.9110
29 6 Car 0 0 0 0 0 0 0 1.8181 1.7476 4.7388 5.0922 4.0618 31.2064 -9.3658 0.9189
29 7 Car 0 0 0 0 0 0 0 1.5720 1.7263 4.4904 14.3729 3.7929 30.5003 -9.3494 0.7860
29 5 Car 0 0 0 0 0 0 0 1.5817 1.7364 3.9792 37.5261 3.0361 25.0304 -9.3898 0.7013
29 8 Car 0 0 0 0 0 0 0 1.5902 1.7220 4.3106 45.7244 2.8095 24.5299 -9.3421 0.5687
30 2 Car 0 0 0 0 0 0 0 1.5760 1.7502 4.4673 -27.4287 4.8755 29.6550 -9.3760 0.8005
30 0 Car 0 0 0 0 0 0 0 1.9412 1.7880 4.9083 -25.3552 4.6631 25.5930 -9.4161 0.8862
30 4 Car 0 0 0 0 0 0 0 1.5037 1.6818 4.2462 -12.5185 4.2917 25.6901 -9.3871 0.8552
30 1 Car 0 0 0 0 0 0 0 1.5556 1.8428 4.4840 -5.9679 4.1829 28.5854 -9.3484 0.8608
30 3 Car 0 0 0 0 0 0 0 1.7937 1.7714 4.4814 18.2170 3.5187 26.4360 -9.3713 0.9156
30 6 Car 0 0 0 0 0 0 0 1.7568 1.7342 4.6882 4.7482 4.0537 31.1918 -9.3642 0.9176
30 7 Car 0 0 0 0 0 0 0 1.5593 1.6384 4.5355 14.4196 3.7590 30.4304 -9.3561 0.8250
30 5 Car 0 0 0 0 0 0 0 1.6152 1.7556 3.7631 37.1317 3.0233 24.9990 -9.3619 0.7851
30 8 Car 0 0 0 0 0 0 0 1.5732 1.7117 4.4028 45.7224 2.8022 24.5456 -9.3602 0.5761
31 2 Car 0 0 0 0 0 0 0 1.6074 1.7177 4.5230 -28.4304 4.9027 29.6758 -9.3604 0.7151
31 0 Car 0 0 0 0 0 0 0 1.9330 1.7994 4.9054 -26.0753 4.6718 25.6212 -9.4095 0.8915
31 4 Car 0 0 0 0 0 0 0 1.5307 1.7018 4.0940 -13.1485 4.3443 25.7394 -9.3767 0.8590
31 1 Car 0 0 0 0 0 0 0 1.5405 1.8261 4.5581 -6.7154 4.2371 28.6271 -9.3239 0.8518
31 3 Car 0 0 0 0 0 0 0 1.7934 1.7631 4.4483 17.6094 3.5685 26.4744 -9.3851 0.8945
31 6 Car 0 0 0 0 0 0 0 1.7103 1.8937 4.6050 4.4455 4.0655 31.2554 -9.3797 0.8930
31 7 Car 0 0 0 0 0 0 0 1.5667 1.6673 4.5734 14.2643 3.7943 30.4661 -9.3573 0.8493
31 5 Car 0 0 0 0 0 0 0 1.6640 1.7803 3.7804 36.8164 3.0455 25.0503 -9.3621 0.8491
31 8 Car 0 0 0 0 0 0 0 1.5595 1.7101 4.3970 45.7180 2.8181 24.5403 -9.3508 0.5702
32 2 Car 0 0 0 0 0 0 0 1.6461 1.7669 4.4208 -29.4633 4.9230 29.7090 -9.3686 0.7010
32 0 Car 0 0 0 0 0 0 0 1.9290 1.7784 4.9403 -26.7997 4.6946 25.6162 -9.4006 0.8909
32 4 Car 0 0 0 0 0 0 0 1.4942 1.6895 4.2362 -13.8387 4.3464 25.7444 -9.3715 0.8572
32 1 Car 0 0 0 0 0 0 0 1.5419 1.7343 4.5294 -7.6256 4.2226 28.6995 -9.3309 0.8214
32 3 Car 0 0 0 0 0 0 0 1.8106 1.7428 4.5592 16.9922 3.5722 26.4983 -9.3676 0.9034
32 6 Car 0 0 0 0 0 0 0 1.7320 1.8003 4.7512 3.9962 4.0795 31.2806 -9.3696 0.8962
32 7 Car 0 0 0 0 0 0 0 1.6012 1.7413 4.6865 14.0093 3.8200 30.4975 -9.3208 0.8494
32 5 Car 0 0 0 0 0 0 0 1.5591 1.7386 4.0912 36.5803 3.0527 25.0344 -9.3509 0.7952
32 8 Car 0 0 0 0 0 0 0 1.5790 1.7273 4.5222 45.6341 2.8402 24.5419 -9.3400 0.5703
33 2 Car 0 0 0 0 0 0 0 1.6444 1.7115 4.4080 -30.3382 4.9538 29.7603 -9.3551 0.6844
33 0 Car 0 0 0 0 0 0 0 1.9849 1.8517 5.1319 -27.4530 4.7025 25.7323 -9.3912 0.8898
33 4 Car 0 0 0 0 0 0 0 1.5085 1.7181 4.4431 -14.6451 4.3770 25.7944 -9.3869 0.8695
33 1 Car 0 0 0 0 0 0 0 1.5364 1.7548 4.4731 -8.3639 4.2365 28.8040 -9.3250 0.8295
33 3 Car 0 0 0 0 0 0 0 1.8289 1.7639 4.5951 16.2253 3.5824 26.5393 -9.3734 0.9151
33 6 Car 0 0 0 0 0 0 0 1.7573 1.8224 4.6662 3.6234 4.0463 31.2830 -9.3822 0.9142
33 7 Car 0 0 0 0 0 0 0 1.5862 1.7207 4.4774 13.6663 3.7808 30.4940 -9.3386 0.7960
33 5 Car 0 0 0 0 0 0 0 1.5996 1.7576 4.1032 36.1091 3.0751 25.0781 -9.3517 0.8207
33 8 Car 0 0 0 0 0 0 0 1.5760 1.7348 4.4433 45.4468 2.8440 24.5705 -9.3449 0.5802
34 2 Car 0 0 0 0 0 0 0 1.6300 1.7165 4.4330 -31.4276 4.9819 29.8040 -9.3974 0.7478
34 0 Car 0 0 0 0 0 0 0 1.9611 1.8284 5.0486 -28.1981 4.7055 25.7119 -9.3962 0.8691
34 4 Car 0 0 0 0 0 0 0 1.5209 1.7571 4.2733 -15.2187 4.4113 25.8136 -9.3974 0.8703
34 1 Car 0 0 0 0 0 0 0 1.5566 1.7829 4.5104 -9.1131 4.2496 28.8867 -9.3374 0.8066
34 3 Car 0 0 0 0 0 0 0 1.7441 1.7726 4.5786 15.4476 3.6113 26.6492 -9.3710 0.9081
34 6 Car 0 0 0 0 0 0 0 1.7095 1.8477 4.5548 3.1200 4.0754 31.3119 -9.3786 0.9135
34 7 Car 0 0 0 0 0 0 0 1.5032 1.6907 4.4330 13.3382 3.7260 30.5792 -9.3650 0.7975
34 5 Car 0 0 0 0 0 0 0 1.6355 1.7687 3.9664 35.7297 3.0972 25.0701 -9.3754 0.8581
34 8 Car 0 0 0 0 0 0 0 1.5958 1.7491 4.4913 45.4420 2.8784 24.5993 -9.3524 0.5871
35 2 Car 0 0 0 0 0 0 0 1.6863 1.7704 4.5712 -32.4810 5.0400 29.9019 -9.3744 0.7302
35 0 Car 0 0 0 0 0 0 0 1.9716 1.7692 5.2167 -28.8570 4.6891 25.7373 -9.3813 0.8600
35 4 Car 0 0 0 0 0 0 0 1.5077 1.6711 4.2958 -15.8895 4.4077 25.8273 -9.4044 0.8740
35 1 Car 0 0 0 0 0 0 0 1.5466 1.7195 4.4341 -9.9298 4.2816 28.9039 -9.3376 0.8329
35 3 Car 0 0 0 0 0 0 0 1.6933 1.7813 4.4605 14.6934 3.6093 26.6632 -9.3846 0.9036
35 6 Car 0 0 0 0 0 0 0 1.6970 1.7890 4.5232 2.7693 4.0787 31.3327 -9.3758 0.8711
35 7 Car 0 0 0 0 0 0 0 1.4783 1.7135 4.3719 13.0735 3.7241 30.5553 -9.3544 0.7870
35 5 Car 0 0 0 0 0 0 0 1.5763 1.7337 4.1222 35.3817 3.0767 25.0817 -9.3841 0.8404
35 8 Car 0 0 0 0 0 0 0 1.5828 1.7358 4.4606 45.4185 2.8536 24.6043 -9.3611 0.5886
36 2 Car 0 0 0 0 0 0 0 1.6173 1.7315 4.6018 -33.5507 5.0088 29.9363 -9.3529 0.7627
36 0 Car 0 0 0 0 0 0 0 1.9492 1.7881 5.1123 -29.5577 4.7139 25.7529 -9.3922 0.8411
36 4 Car 0 0 0 0 0 0 0 1.5199 1.6796 4.3139 -16.5931 4.4208 25.8513 -9.4005 0.8242
36 1 Car 0 0 0 0 0 0 0 1.5644 1.8001 4.6904 -10.8692 4.3389 29.0108 -9.3506 0.8753
36 3 Car 0 0 0 0 0 0 0 1.8030 1.8201 4.3775 13.9018 3.6424 26.7021 -9.3650 0.9084
36 6 Car 0 0 0 0 0 0 0 1.7020 1.7725 4.5716 2.1906 4.1009 31.3491 -9.3617 0.9156
36 7 Car 0 0 0 0 0 0 0 1.5111 1.7189 4.1576 12.6941 3.6567 30.6324 -9.3729 0.7395
36 5 Car 0 0 0 0 0 0 0 1.5938 1.7866 4.1214 34.9747 3.0970 25.1204 -9.3739 0.8135
36 8 Car 0 0 0 0 0 0 0 1.5974 1.7171 4.6330 45.3924 2.8512 24.6125 -9.3752 0.5925
37 2 Car 0 0 0 0 0 0 0 1.6337 1.7128 4.3275 -34.3567 5.0453 29.9791 -9.3318 0.6696
37 0 Car 0 0 0 0 0 0 0 1.9757 1.7293 5.1300 -30.1875 4.7118 25.7732 -9.3823 0.8061
37 4 Car 0 0 0 0 0 0 0 1.5000 1.6871 4.3982 -17.2277 4.4395 25.8529 -9.4059 0.8531
37 1 Car 0 0 0 0 0 0 0 1.5754 1.8128 4.6330 -11.6346 4.3469 29.0708 -9.3427 0.8696
37 3 Car 0 0 0 0 0 0 0 1.7088 1.7805 4.6261 13.1347 3.6290 26.7182 -9.3627 0.8872
37 6 Car 0 0 0 0 0 0 0 1.7755 1.8527 4.4547 1.7870 4.1350 31.4081 -9.3953 0.9079
37 7 Car 0 0 0 0 0 0 0 1.3840 1.6725 3.9254 12.5355 3.5589 30.6035 -9.3426 0.7508
37 5 Car 0 0 0 0 0 0 0 1.5824 1.7654 4.2261 34.5000 3.0888 25.1553 -9.3665 0.8156
37 8 Car 0 0 0 0 0 0 0 1.6233 1.7261 4.7234 45.2922 2.8443 24.6129 -9.3680 0.5921
38 2 Car 0 0 0 0 0 0 0 1.6136 1.8402 4.6604 -35.5644 5.0604 30.1104 -9.3188 0.5401
38 0 Car 0 0 0 0 0 0 0 1.9478 1.7609 4.8501 -30.8363 4.7583 25.7974 -9.3619 0.8001
38 4 Car 0 0 0 0 0 0 0 1.5215 1.7365 4.3131 -17.8960 4.4629 25.9002 -9.4112 0.8226
38 1 Car 0 0 0 0 0 0 0 1.5423 1.7745 4.5604 -12.4327 4.4059 29.1282 -9.3548 0.8904
38 3 Car 0 0 0 0 0 0 0 1.7797 1.8183 4.7461 12.2159 3.6530 26.8766 -9.3710 0.8828
38 6 Car 0 0 0 0 0 0 0 1.8051 1.8169 4.5637 1.2539 4.1263 31.3913 -9.3858 0.9021
38 7 Car 0 0 0 0 0 0 0 1.4863 1.7851 4.4710 12.4550 3.6775 30.6954 -9.3778 0.5579
38 5 Car 0 0 0 0 0 0 0 1.5628 1.7727 4.2375 33.9520 3.1167 25.2018 -9.3852 0.8009
38 8 Car 0 0 0 0 0 0 0 1.6563 1.8228 4.7533 45.2304 2.9261 24.6641 -9.3979 0.7018
39 0 Car 0 0 0 0 0 0 0 1.9828 1.8034 4.9266 -31.5680 4.7444 25.8561 -9.3950 0.7589
39 4 Car 0 0 0 0 0 0 0 1.5392 1.7918 4.4114 -18.6492 4.5085 25.9573 -9.3795 0.8756
39 1 Car 0 0 0 0 0 0 0 1.5711 1.6858 4.4695 -13.2864 4.4203 29.1396 -9.3474 0.8600
39 3 Car 0 0 0 0 0 0 0 1.7768 1.8317 4.9868 11.1753 3.6853 26.9203 -9.3807 0.8890
39 6 Car 0 0 0 0 0 0 0 1.8124 1.7989 4.6845 0.7289 4.1498 31.4354 -9.3910 0.9076
39 7 Car 0 0 0 0 0 0 0 1.4730 1.7383 4.3370 12.1270 3.6307 30.7091 -9.4022 0.5691
39 5 Car 0 0 0 0 0 0 0 1.5962 1.7546 4.0874 33.4713 3.1314 25.1953 -9.3705 0.8525
39 8 Car 0 0 0 0 0 0 0 1.6284 1.7550 4.5652 44.9497 2.9065 24.6438 -9.3857 0.7392
40 0 Car 0 0 0 0 0 0 0 1.8927 1.7189 4.9833 -32.2337 4.7475 25.8574 -9.3894 0.6601
40 4 Car 0 0 0 0 0 0 0 1.5301 1.8276 4.4534 -19.3255 4.5308 25.9899 -9.3852 0.8596
40 1 Car 0 0 0 0 0 0 0 1.5713 1.6941 4.4674 -14.0404 4.4496 29.2222 -9.3454 0.8656
40 3 Car 0 0 0 0 0 0 0 1.7793 1.8205 5.0409 10.3705 3.7438 26.9440 -9.3864 0.9253
40 6 Car 0 0 0 0 0 0 0 1.8142 1.8313 4.6808 0.2144 4.1843 31.4612 -9.3908 0.8809
40 5 Car 0 0 0 0 0 0 0 1.6267 1.7948 4.1238 32.9438 3.1415 25.2403 -9.3840 0.8451
40 8 Car 0 0 0 0 0 0 0 1.6350 1.7572 4.6438 44.8871 2.9054 24.6528 -9.3623 0.7149
41 0 Car 0 0 0 0 0 0 0 1.9553 1.7837 5.4512 -33.2552 4.8299 25.9353 -9.3977 0.8366
41 4 Car 0 0 0 0 0 0 0 1.5269 1.7927 4.4653 -19.9682 4.5152 25.9635 -9.4144 0.8393
41 1 Car 0 0 0 0 0 0 0 1.5551 1.6849 4.4625 -14.9814 4.4763 29.3014 -9.3418 0.8505
41 3 Car 0 0 0 0 0 0 0 1.8479 1.8439 4.9360 9.4317 3.7666 27.0589 -9.3616 0.9031
41 6 Car 0 0 0 0 0 0 0 1.7449 1.8431 4.7798 -0.2066 4.1554 31.5022 -9.3814 0.8917
41 7 Car 0 0 0 0 0 0 0 1.4620 1.6520 4.3825 11.7211 3.6252 30.6671 -9.3379 0.6205
41 5 Car 0 0 0 0 0 0 0 1.6108 1.7278 4.1872 32.3775 3.1419 25.2486 -9.3737 0.8311
41 8 Car 0 0 0 0 0 0 0 1.6236 1.8002 4.6744 44.8502 2.9374 24.6663 -9.3785 0.6680
42 0 Car 0 0 0 0 0 0 0 1.8972 1.7151 5.2449 -33.8608 4.8114 25.9682 -9.4011 0.7721
42 4 Car 0 0 0 0 0 0 0 1.5171 1.7069 4.3516 -20.6568 4.5273 26.0097 -9.3960 0.8599
42 1 Car 0 0 0 0 0 0 0 1.5748 1.7879 4.6311 -15.7655 4.5013 29.3766 -9.3280 0.8393
42 3 Car 0 0 0 0 0 0 0 1.8601 1.8438 4.9980 8.5007 3.8035 27.1236 -9.3593 0.9205
42 6 Car 0 0 0 0 0 0 0 1.7571 1.7736 4.4706 -0.8304 4.1581 31.4772 -9.3907 0.8634
42 7 Car 0 0 0 0 0 0 0 1.4959 1.7112 4.5874 11.6936 3.6815 30.6825 -9.3439 0.7967
42 5 Car 0 0 0 0 0 0 0 1.6879 1.8033 4.1297 31.9020 3.2146 25.3141 -9.3643 0.8215
42 8 Car 0 0 0 0 0 0 0 1.5972 1.7710 4.5638 44.6781 2.9152 24.6748 -9.3687 0.7317
43 0 Car 0 0 0 0 0 0 0 1.9727 1.7575 5.1502 -34.7588 4.8485 25.9979 -9.3600 0.8026
43 4 Car 0 0 0 0 0 0 0 1.5238 1.6956 4.4114 -21.3635 4.5427 25.9768 -9.4262 0.8126
43 1 Car 0 0 0 0 0 0 0 1.5634 1.7755 4.4437 -16.5791 4.5206 29.4080 -9.3601 0.8585
43 3 Car 0 0 0 0 0 0 0 1.8661 1.8081 5.0263 7.6388 3.8408 27.1227 -9.3635 0.9296
43 6 Car 0 0 0 0 0 0 0 1.7419 1.7289 4.7005 -1.3769 4.1774 31.4660 -9.3809 0.8709
43 7 Car 0 0 0 0 0 0 0 1.4931 1.6709 4.5983 11.2889 3.7235 30.7117 -9.3501 0.7534
43 5 Car 0 0 0 0 0 0 0 1.6445 1.7661 3.9619 31.3084 3.1780 25.3395 -9.3660 0.8415
43 8 Car 0 0 0 0 0 0 0 1.6306 1.7656 4.6076 44.6207 2.9087 24.6820 -9.3709 0.7142
44 0 Car 0 0 0 0 0 0 0 1.9635 1.7536 4.9071 -35.9561 4.8407 26.0535 -9.3664 0.7105
44 4 Car 0 0 0 0 0 0 0 1.5130 1.6543 4.3665 -22.1091 4.5594 26.0008 -9.3952 0.8080
44 1 Car 0 0 0 0 0 0 0 1.5608 1.7371 4.4648 -17.4547 4.5779 29.4779 -9.3636 0.8343
44 3 Car 0 0 0 0 0 0 0 1.8756 1.9075 5.0312 6.7342 3.8524 27.2530 -9.3584 0.8972
44 6 Car 0 0 0 0 0 0 0 1.7861 1.7428 4.5590 -2.0694 4.2133 31.5528 -9.3861 0.8729
44 7 Car 0 0 0 0 0 0 0 1.4983 1.6686 4.6553 10.8623 3.7437 30.7082 -9.3740 0.7959
44 5 Car 0 0 0 0 0 0 0 1.6580 1.7851 4.1501 30.6682 3.2090 25.3475 -9.3408 0.8558
44 8 Car 0 0 0 0 0 0 0 1.6378 1.7157 4.5191 44.2943 2.8647 24.6946 -9.3691 0.7076
45 0 Car 0 0 0 0 0 0 0 1.9812 1.7373 5.0678 -36.8876 4.9157 26.0671 -9.3802 0.7323
45 4 Car 0 0 0 0 0 0 0 1.5218 1.7468 4.4566 -22.8033 4.5954 26.0253 -9.4005 0.7552
45 1 Car 0 0 0 0 0 0 0 1.5749 1.7120 4.3562 -18.3593 4.5797 29.5276 -9.3615 0.8576
45 3 Car 0 0 0 0 0 0 0 1.8499 1.8636 5.1021 5.8000 3.8931 27.2397 -9.3783 0.8788
45 6 Car 0 0 0 0 0 0 0 1.7568 1.7093 4.7634 -2.5657 4.2459 31.5397 -9.3768 0.8806
45 7 Car 0 0 0 0 0 0 0 1.5190 1.7778 4.6059 10.5088 3.7896 30.7348 -9.3637 0.8893
45 5 Car 0 0 0 0 0 0 0 1.6416 1.7689 3.9693 30.0826 3.2075 25.3819 -9.3721 0.8717
45 8 Car 0 0 0 0 0 0 0 1.6085 1.6668 4.5199 44.1350 2.8542 24.6493 -9.3748 0.7195
46 0 Car 0 0 0 0 0 0 0 1.9588 1.7406 4.9270 -37.7637 4.9862 26.1046 -9.3815 0.7384
46 4 Car 0 0 0 0 0 0 0 1.5321 1.7411 4.3490 -23.5519 4.6061 26.0260 -9.3962 0.7871
46 1 Car 0 0 0 0 0 0 0 1.5920 1.7938 4.4904 -19.2409 4.6133 29.5653 -9.3550 0.7825
46 3 Car 0 0 0 0 0 0 0 1.8406 1.8000 5.0373 4.8872 3.8883 27.3211 -9.3651 0.9044
46 6 Car 0 0 0 0 0 0 0 1.7596 1.6941 4.6788 -3.1479 4.2735 31.5959 -9.3810 0.8249
46 7 Car 0 0 0 0 0 0 0 1.5300 1.7278 4.7366 10.1075 3.8270 30.7700 -9.3465 0.9140
46 5 Car 0 0 0 0 0 0 0 1.6142 1.7361 4.0655 29.5911 3.2363 25.3983 -9.3534 0.8767
46 8 Car 0 0 0 0 0 0 0 1.6074 1.7657 4.2191 43.7627 2.9312 24.6823 -9.3786 0.7798
47 0 Car 0 0 0 0 0 0 0 1.9648 1.7640 4.8134 -38.4842 4.9693 26.1030 -9.4003 0.6654
47 4 Car 0 0 0 0 0 0 0 1.5432 1.7701 4.3351 -24.2798 4.6099 26.0507 -9.3914 0.7252
47 1 Car 0 0 0 0 0 0 0 1.5673 1.6649 4.4158 -20.1584 4.6356 29.6224 -9.3636 0.8004
47 3 Car 0 0 0 0 0 0 0 1.8133 1.8007 4.9546 3.7708 3.9164 27.4024 -9.3630 0.8640
47 6 Car 0 0 0 0 0 0 0 1.7868 1.8267 4.7572 -3.8873 4.2875 31.7424 -9.3925 0.8591
47 7 Car 0 0 0 0 0 0 0 1.5499 1.7426 4.6777 9.5907 3.8511 30.8166 -9.3582 0.8779
47 5 Car 0 0 0 0 0 0 0 1.6039 1.7367 4.0833 28.9089 3.2212 25.4160 -9.3606 0.9022
47 8 Car 0 0 0 0 0 0 0 1.6140 1.7306 4.1807 43.4980 2.9201 24.6743 -9.3793 0.8337
48 0 Car 0 0 0 0 0 0 0 1.8498 1.7794 4.3834 -39.0018 4.9394 26.1408 -9.3937 0.5433
48 4 Car 0 0 0 0 0 0 0 1.5326 1.7465 4.3738 -24.9430 4.6210 26.0953 -9.3673 0.8172
48 1 Car 0 0 0 0 0 0 0 1.5759 1.7308 4.3981 -21.0557 4.6446 29.6800 -9.3595 0.8608
48 3 Car 0 0 0 0 0 0 0 1.7915 1.7918 4.9374 2.9244 3.9528 27.3990 -9.3827 0.8697
48 6 Car 0 0 0 0 0 0 0 1.7616 1.7707 4.4973 -4.4923 4.2679 31.7055 -9.3969 0.8347
48 7 Car 0 0 0 0 0 0 0 1.5633 1.7687 4.6087 9.2218 3.8766 30.8564 -9.3548 0.8994
48 5 Car 0 0 0 0 0 0 0 1.5979 1.7627 4.0814 28.3556 3.2789 25.5084 -9.3897 0.9131
48 8 Car 0 0 0 0 0 0 0 1.5121 1.7251 4.2377 43.3420 2.9005 24.6339 -9.3888 0.7558
49 0 Car 0 0 0 0 0 0 0 2.1065 1.8398 5.0757 -40.2278 5.1079 26.2766 -9.3776 0.6106
49 4 Car 0 0 0 0 0 0 0 1.5156 1.6510 4.4031 -25.6293 4.6426 26.1133 -9.4057 0.8067
49 1 Car 0 0 0 0 0 0 0 1.5912 1.7251 4.6049 -21.8384 4.6924 29.7064 -9.3791 0.8141
49 3 Car 0 0 0 0 0 0 0 1.8352 1.7570 4.5152 2.0241 3.9697 27.4713 -9.3717 0.7995
49 6 Car 0 0 0 0 0 0 0 1.7900 1.8449 4.7629 -5.0160 4.2992 31.7895 -9.3917 0.8804
49 7 Car 0 0 0 0 0 0 0 1.5744 1.7996 4.6016 8.8055 3.8684 30.8940 -9.3724 0.9058
49 5 Car 0 0 0 0 0 0 0 1.6236 1.8045 4.1108 27.5665 3.2854 25.5911 -9.3802 0.8609
49 8 Car 0 0 0 0 0 0 0 1.5882 1.7959 4.4118 43.1999 2.9203 24.7096 -9.4034 0.7195
50 0 Car 0 0 0 0 0 0 0 1.9913 1.8630 5.1435 -41.0444 5.1187 26.2488 -9.3903 0.6196
50 4 Car 0 0 0 0 0 0 0 1.5023 1.6494 4.4129 -26.4370 4.6324 26.1437 -9.4125 0.7984
50 1 Car 0 0 0 0 0 0 0 1.6197 1.7121 4.5303 -22.6819 4.7030 29.7526 -9.3826 0.7859
50 3 Car 0 0 0 0 0 0 0 1.7769 1.8103 4.6529 0.6686 3.9602 27.5832 -9.3818 0.8498
50 6 Car 0 0 0 0 0 0 0 1.8051 1.8709 4.7205 -5.7976 4.3108 31.8121 -9.3839 0.8959
50 7 Car 0 0 0 0 0 0 0 1.5481 1.7521 4.6902 8.4069 3.8645 30.8773 -9.3827 0.8669
50 5 Car 0 0 0 0 0 0 0 1.6147 1.7250 4.0698 27.1044 3.3010 25.5370 -9.3953 0.8572
50 8 Car 0 0 0 0 0 0 0 1.6134 1.7754 4.5817 43.0240 2.9458 24.7596 -9.4086 0.6582
51 0 Car 0 0 0 0 0 0 0 2.0447 1.7905 4.8071 -41.6977 5.0853 26.3272 -9.3595 0.5027
51 4 Car 0 0 0 0 0 0 0 1.5081 1.7106 4.5694 -27.1136 4.6744 26.1987 -9.3911 0.7603
51 1 Car 0 0 0 0 0 0 0 1.5820 1.7180 4.4858 -23.7123 4.7379 29.8137 -9.3760 0.8186
51 3 Car 0 0 0 0 0 0 0 1.7031 1.7720 4.4552 -0.4099 4.0074 27.5815 -9.3962 0.7961
51 6 Car 0 0 0 0 0 0 0 1.8172 1.8977 4.7901 -6.5036 4.3370 31.8999 -9.3757 0.8955
51 7 Car 0 0 0 0 0 0 0 1.5551 1.7803 4.5904 7.9021 3.9598 30.9440 -9.3548 0.8560
51 5 Car 0 0 0 0 0 0 0 1.6567 1.7361 4.0914 26.3737 3.2774 25.6056 -9.3697 0.8365
51 8 Car 0 0 0 0 0 0 0 1.5990 1.7897 4.5057 42.8033 2.9782 24.7410 -9.4073 0.6648
52 0 Car 0 0 0 0 0 0 0 2.0104 1.8026 4.9734 -42.6314 5.1541 26.3878 -9.3811 0.5991
52 4 Car 0 0 0 0 0 0 0 1.5297 1.7758 4.6337 -27.9370 4.7030 26.2771 -9.3773 0.7344
52 1 Car 0 0 0 0 0 0 0 1.6010 1.7689 4.5934 -24.5489 4.7908 29.8892 -9.3899 0.8484
52 3 Car 0 0 0 0 0 0 0 1.8296 1.6803 4.5769 -1.4814 4.0451 27.6346 -9.4186 0.8816
52 6 Car 0 0 0 0 0 0 0 1.7695 1.8325 4.7941 -7.1915 4.3463 31.8849 -9.3712 0.8593
52 7 Car 0 0 0 0 0 0 0 1.5677 1.7527 4.5879 7.4294 3.9382 30.9324 -9.3635 0.8427
52 5 Car 0 0 0 0 0 0 0 1.6054 1.7545 4.0680 25.7162 3.3052 25.6486 -9.3475 0.8683
52 8 Car 0 0 0 0 0 0 0 1.6214 1.7894 4.6307 42.3242 2.9839 24.8137 -9.3525 0.6495
53 0 Car 0 0 0 0 0 0 0 2.0386 1.7720 5.0885 -43.4744 5.2026 26.3218 -9.3938 0.6460
53 4 Car 0 0 0 0 0 0 0 1.5151 1.7484 4.6199 -28.6274 4.7010 26.2958 -9.3502 0.7687
53 1 Car 0 0 0 0 0 0 0 1.5910 1.7118 4.5669 -25.4435 4.7945 29.8850 -9.3779 0.7985
53 3 Car 0 0 0 0 0 0 0 1.7730 1.7228 4.5259 -2.5677 4.0804 27.6997 -9.3791 0.8932
53 6 Car 0 0 0 0 0 0 0 1.8084 1.7794 4.7861 -7.9243 4.3552 31.9180 -9.3596 0.8897
53 7 Car 0 0 0 0 0 0 0 1.5729 1.6953 4.5478 6.8453 3.9624 30.9777 -9.3591 0.8235
53 5 Car 0 0 0 0 0 0 0 1.6493 1.7638 4.2030 24.9445 3.3024 25.7184 -9.3664 0.8244
53 8 Car 0 0 0 0 0 0 0 1.5658 1.7159 4.3816 41.6970 2.9825 24.8091 -9.3500 0.7135
54 0 Car 0 0 0 0 0 0 0 2.0571 1.8102 4.9491 -44.2476 5.2469 26.4113 -9.3792 0.6558
54 4 Car 0 0 0 0 0 0 0 1.5556 1.7800 4.8317 -29.4818 4.7362 26.3208 -9.3931 0.7338
54 1 Car 0 0 0 0 0 0 0 1.6058 1.7510 4.7064 -26.1620 4.8092 29.9906 -9.3674 0.7853
54 3 Car 0 0 0 0 0 0 0 1.8046 1.6878 4.4238 -3.4999 4.0894 27.7383 -9.3821 0.8970
54 6 Car 0 0 0 0 0 0 0 1.8009 1.8456 4.7694 -8.6724 4.3692 31.9855 -9.3740 0.8605
54 7 Car 0 0 0 0 0 0 0 1.5976 1.7377 4.5404 6.3342 4.0054 31.0077 -9.3568 0.8277
54 5 Car 0 0 0 0 0 0 0 1.6094 1.7629 4.1040 24.3686 3.3353 25.6911 -9.3789 0.8916
54 8 Car 0 0 0 0 0 0 0 1.5515 1.7421 4.3646 41.6255 2.9522 24.7949 -9.3647 0.7048
55 0 Car 0 0 0 0 0 0 0 1.9893 1.7251 4.5494 -44.7637 5.1889 26.4318 -9.3680 0.6106
55 4 Car 0 0 0 0 0 0 0 1.4746 1.6798 4.7072 -30.1619 4.7104 26.3464 -9.3621 0.7422
55 1 Car 0 0 0 0 0 0 0 1.6138 1.7895 4.4203 -27.1657 4.8380 30.0377 -9.3862 0.8400
55 3 Car 0 0 0 0 0 0 0 1.7301 1.7504 4.4366 -4.4846 4.0998 27.7901 -9.3673 0.8859
55 6 Car 0 0 0 0 0 0 0 1.7360 1.8203 4.7592 -9.3312 4.3719 32.0267 -9.3584 0.8676
55 7 Car 0 0 0 0 0 0 0 1.5988 1.7467 4.7049 5.8981 4.0183 31.0429 -9.3578 0.8471
55 5 Car 0 0 0 0 0 0 0 1.5798 1.7710 4.1163 23.6516 3.3485 25.7385 -9.3729 0.8850
55 8 Car 0 0 0 0 0 0 0 1.5040 1.7743 4.3168 41.3947 2.9431 24.8095 -9.3642 0.6803
56 4 Car 0 0 0 0 0 0 0 1.4654 1.6902 4.7838 -30.9071 4.7044 26.4034 -9.3924 0.7918
56 1 Car 0 0 0 0 0 0 0 1.5576 1.8021 4.7381 -28.1059 4.8461 30.0509 -9.3924 0.8402
56 3 Car 0 0 0 0 0 0 0 1.8074 1.6915 4.4706 -5.4840 4.1503 27.8500 -9.3624 0.9249
56 6 Car 0 0 0 0 0 0 0 1.6840 1.8645 4.8119 -10.1043 4.3750 32.0784 -9.3714 0.8298
56 7 Car 0 0 0 0 0 0 0 1.6441 1.7951 4.7433 5.3214 4.0753 31.1248 -9.3666 0.8883
56 5 Car 0 0 0 0 0 0 0 1.6346 1.7373 4.1222 22.9295 3.3907 25.7711 -9.3700 0.8506
56 8 Car 0 0 0 0 0 0 0 1.5141 1.7980 4.3749 41.0592 2.9617 24.8650 -9.3552 0.7246
57 0 Car 0 0 0 0 0 0 0 2.1001 1.7553 5.0334 -46.6888 5.3151 26.4818 -9.3910 0.6485
57 4 Car 0 0 0 0 0 0 0 1.4486 1.6452 4.4755 -31.4916 4.6869 26.3961 -9.3795 0.7744
57 1 Car 0 0 0 0 0 0 0 1.5504 1.7876 4.8302 -29.0099 4.8450 30.0937 -9.3552 0.7966
57 3 Car 0 0 0 0 0 0 0 1.8093 1.7988 4.4831 -6.6497 4.1788 27.9345 -9.3900 0.9040
57 6 Car 0 0 0 0 0 0 0 1.7720 1.8021 4.8225 -10.8706 4.4062 32.1118 -9.3711 0.8493
57 7 Car 0 0 0 0 0 0 0 1.6063 1.7906 4.8298 4.7903 4.0337 31.1800 -9.3686 0.8836
57 5 Car 0 0 0 0 0 0 0 1.5726 1.7049 4.1190 22.1272 3.4076 25.8461 -9.3420 0.8568
57 8 Car 0 0 0 0 0 0 0 1.5491 1.8073 4.3875 40.7164 2.9907 24.9026 -9.3294 0.7459
58 4 Car 0 0 0 0 0 0 0 1.4711 1.6668 4.7929 -32.4720 4.7591 26.4233 -9.3812 0.7156
58 1 Car 0 0 0 0 0 0 0 1.5589 1.7223 4.7452 -29.8692 4.8701 30.0876 -9.3404 0.7995
58 3 Car 0 0 0 0 0 0 0 1.7189 1.8104 4.5495 -7.8039 4.2003 28.0245 -9.3803 0.8620
58 6 Car 0 0 0 0 0 0 0 1.6940 1.8192 4.9490 -11.7699 4.4101 32.1207 -9.3802 0.8405
58 7 Car 0 0 0 0 0 0 0 1.5962 1.8233 4.5729 4.2931 4.0660 31.2142 -9.3663 0.8832
58 5 Car 0 0 0 0 0 0 0 1.6033 1.7184 4.1223 21.4267 3.3727 25.9039 -9.3577 0.8271
58 8 Car 0 0 0 0 0 0 0 1.6089 1.8001 4.3012 40.3197 3.0023 24.9435 -9.3538 0.7211
59 4 Car 0 0 0 0 0 0 0 1.4497 1.6595 4.8030 -33.2582 4.8008 26.4748 -9.3917 0.6215
59 1 Car 0 0 0 0 0 0 0 1.5597 1.7599 4.6950 -30.7940 4.9294 30.1338 -9.4161 0.7665
59 3 Car 0 0 0 0 0 0 0 1.7855 1.7341 4.3750 -8.7287 4.2285 28.0152 -9.3906 0.8991
59 6 Car 0 0 0 0 0 0 0 1.7205 1.7985 4.8639 -12.5883 4.4388 32.1756 -9.3718 0.7241
59 7 Car 0 0 0 0 0 0 0 1.5882 1.7639 4.7462 3.6587 4.0552 31.2351 -9.3597 0.8587
59 5 Car 0 0 0 0 0 0 0 1.6102 1.6938 4.1629 20.7423 3.4258 25.9433 -9.3427 0.8677
59 8 Car 0 0 0 0 0 0 0 1.5555 1.7993 4.2571 39.9003 2.9845 24.9462 -9.3978 0.7298
60 4 Car 0 0 0 0 0 0 0 1.5003 1.7119 4.8075 -34.1382 4.8555 26.5380 -9.4153 0.5516
60 1 Car 0 0 0 0 0 0 0 1.5840 1.8009 4.7779 -31.6989 4.9522 30.2294 -9.3947 0.8044
60 3 Car 0 0 0 0 0 0 0 1.7636 1.7715 4.5198 -9.8793 4.2583 28.0840 -9.3783 0.9058
60 6 Car 0 0 0 0 0 0 0 1.7218 1.7706 4.7324 -13.4156 4.4589 32.1843 -9.3680 0.7018
60 7 Car 0 0 0 0 0 0 0 1.5849 1.7039 4.5762 3.0349 4.1061 31.2418 -9.3708 0.8948
60 5 Car 0 0 0 0 0 0 0 1.5953 1.7583 4.0255 19.8951 3.4495 26.0212 -9.3535 0.8462
60 8 Car 0 0 0 0 0 0 0 1.6075 1.7787 4.6035 39.7171 3.0364 24.9263 -9.3946 0.7756
61 0 Car 0 0 0 0 0 0 0 2.0560 1.6706 4.8413 -49.9647 5.3668 26.6505 -9.4163 0.5065
61 4 Car 0 0 0 0 0 0 0 1.4467 1.6819 4.4928 -34.6938 4.8489 26.5820 -9.4069 0.5480
61 1 Car 0 0 0 0 0 0 0 1.6114 1.7772 5.2298 -32.8927 5.0032 30.2629 -9.3639 0.6964
61 3 Car 0 0 0 0 0 0 0 1.7722 1.8964 4.6237 -11.1481 4.2843 28.1826 -9.3803 0.9229
61 6 Car 0 0 0 0 0 0 0 1.8255 1.7111 4.6913 -14.2155 4.5302 32.2452 -9.3853 0.7681
61 7 Car 0 0 0 0 0 0 0 1.5839 1.6519 4.5164 2.3608 4.0983 31.2693 -9.3547 0.8693
61 5 Car 0 0 0 0 0 0 0 1.5848 1.7398 4.1111 19.1727 3.4554 26.0620 -9.3367 0.8554
61 8 Car 0 0 0 0 0 0 0 1.6113 1.8152 4.5243 39.3024 3.0328 25.0015 -9.3613 0.7502
62 4 Car 0 0 0 0 0 0 0 1.5910 1.7505 4.7251 -36.1618 4.9468 26.6985 -9.3895 0.5504
62 1 Car 0 0 0 0 0 0 0 1.5604 1.7750 4.8474 -33.6777 5.0189 30.2785 -9.3700 0.8120
62 3 Car 0 0 0 0 0 0 0 1.7845 1.8848 4.7261 -12.3198 4.3562 28.2309 -9.3645 0.8993
62 6 Car 0 0 0 0 0 0 0 1.7927 1.8184 4.7957 -14.9535 4.5879 32.3250 -9.4127 0.6800
62 7 Car 0 0 0 0 0 0 0 1.5915 1.6990 4.4741 1.8262 4.0895 31.3032 -9.3828 0.8925
62 5 Car 0 0 0 0 0 0 0 1.5727 1.7356 4.0101 18.4078 3.4954 26.1473 -9.3579 0.8987
62 8 Car 0 0 0 0 0 0 0 1.5745 1.7629 4.4716 38.8216 3.0334 24.9463 -9.3742 0.7661
63 4 Car 0 0 0 0 0 0 0 1.5886 1.7148 4.4906 -37.0399 4.9636 26.6850 -9.3778 0.5669
63 1 Car 0 0 0 0 0 0 0 1.5338 1.7001 4.7007 -34.3274 5.0457 30.2900 -9.4164 0.7866
63 3 Car 0 0 0 0 0 0 0 1.7923 1.8483 4.2770 -13.2729 4.4040 28.3190 -9.3674 0.9135
63 6 Car 0 0 0 0 0 0 0 1.8658 1.7417 4.8488 -15.8751 4.5769 32.3734 -9.4025 0.7867
63 7 Car 0 0 0 0 0 0 0 1.5974 1.7273 4.5194 1.1238 4.1227 31.3486 -9.3569 0.8520
63 5 Car 0 0 0 0 0 0 0 1.6196 1.6970 3.9943 17.5389 3.5180 26.1969 -9.3331 0.8905
63 8 Car 0 0 0 0 0 0 0 1.6398 1.8086 4.4730 38.3981 3.0600 24.9862 -9.3647 0.8200
64 4 Car 0 0 0 0 0 0 0 1.5694 1.7451 4.4647 -37.8409 5.0163 26.7551 -9.3805 0.5959
64 1 Car 0 0 0 0 0 0 0 1.5711 1.7590 5.0637 -35.4568 5.0723 30.3517 -9.3939 0.7275
64 3 Car 0 0 0 0 0 0 0 1.8130 1.8820 4.3950 -14.3546 4.4148 28.3728 -9.3765 0.9082
64 6 Car 0 0 0 0 0 0 0 1.8392 1.7251 4.8310 -16.6934 4.6423 32.4177 -9.3783 0.7777
64 7 Car 0 0 0 0 0 0 0 1.5965 1.7666 4.5586 0.4776 4.1276 31.3667 -9.3744 0.8669
64 5 Car 0 0 0 0 0 0 0 1.6017 1.7698 4.0996 16.7887 3.5744 26.2857 -9.3522 0.8827
64 8 Car 0 0 0 0 0 0 0 1.5905 1.7322 4.3800 37.7868 3.0595 25.0123 -9.3472 0.6638
65 1 Car 0 0 0 0 0 0 0 1.5882 1.7930 4.7484 -36.4389 5.0879 30.4175 -9.3661 0.5655
65 3 Car 0 0 0 0 0 0 0 1.7998 1.7453 4.2157 -15.4174 4.4372 28.3421 -9.3764 0.8948
65 6 Car 0 0 0 0 0 0 0 1.8532 1.7995 4.7786 -17.5611 4.6531 32.4438 -9.3795 0.7948
65 7 Car 0 0 0 0 0 0 0 1.5722 1.7407 4.7196 -0.0673 4.1415 31.3627 -9.3936 0.8280
65 5 Car 0 0 0 0 0 0 0 1.6060 1.7552 3.9782 15.9102 3.5994 26.3301 -9.3616 0.8910
65 8 Car 0 0 0 0 0 0 0 1.6148 1.7839 4.2073 37.2119 3.0596 25.1026 -9.3669 0.7589
66 4 Car 0 0 0 0 0 0 0 1.5487 1.7592 4.4244 -39.4716 5.0246 26.8404 -9.3898 0.5178
66 1 Car 0 0 0 0 0 0 0 1.6569 1.7667 5.0260 -37.5874 5.1168 30.4055 -9.3693 0.6016
66 3 Car 0 0 0 0 0 0 0 1.8358 1.6577 4.1400 -16.5298 4.4674 28.3477 -9.3788 0.8524
66 6 Car 0 0 0 0 0 0 0 1.8370 1.7849 4.7924 -18.3973 4.6563 32.4860 -9.3807 0.7230
66 7 Car 0 0 0 0 0 0 0 1.5756 1.6650 4.6549 -0.7653 4.1842 31.3758 -9.4113 0.8335
66 5 Car 0 0 0 0 0 0 0 1.5848 1.6699 4.0967 15.0181 3.6299 26.3541 -9.3491 0.8752
66 8 Car 0 0 0 0 0 0 0 1.6768 1.8537 4.1140 36.7782 3.0864 25.1120 -9.3651 0.7766
67 4 Car 0 0 0 0 0 0 0 1.4864 1.6788 4.4003 -40.2677 5.0877 26.8235 -9.3730 0.5270
67 1 Car 0 0 0 0 0 0 0 1.6700 1.7376 4.7146 -38.8966 5.1497 30.5291 -9.3901 0.6341
67 3 Car 0 0 0 0 0 0 0 1.7755 1.7459 4.4386 -17.7462 4.5121 28.5294 -9.3786 0.8786
67 6 Car 0 0 0 0 0 0 0 1.8042 1.7009 4.4932 -19.1898 4.6943 32.4800 -9.3587 0.7460
67 7 Car 0 0 0 0 0 0 0 1.5540 1.6721 4.7097 -1.3514 4.2053 31.3906 -9.3996 0.8339
67 5 Car 0 0 0 0 0 0 0 1.5997 1.7581 4.0310 14.2932 3.6403 26.4586 -9.3558 0.8764
67 8 Car 0 0 0 0 0 0 0 1.6026 1.7496 4.4362 36.3506 3.1181 25.1222 -9.3558 0.7538
68 4 Car 0 0 0 0 0 0 0 1.5757 1.7477 4.4601 -41.1298 5.1346 26.9331 -9.3653 0.5212
68 1 Car 0 0 0 0 0 0 0 1.6128 1.7499 4.6442 -40.0080 5.2143 30.5167 -9.3897 0.6048
68 3 Car 0 0 0 0 0 0 0 1.7984 1.8383 4.4931 -18.8300 4.5775 28.5647 -9.4094 0.8334
68 6 Car 0 0 0 0 0 0 0 1.8262 1.7478 4.3748 -20.0253 4.7201 32.5545 -9.3924 0.8228
68 7 Car 0 0 0 0 0 0 0 1.5670 1.7062 4.6612 -2.2102 4.2275 31.4575 -9.4080 0.7776
68 5 Car 0 0 0 0 0 0 0 1.6075 1.8093 3.9679 13.3461 3.6900 26.5514 -9.3523 0.8368
68 8 Car 0 0 0 0 0 0 0 1.6053 1.8029 4.3224 35.8205 3.0919 25.1291 -9.3500 0.8026
69 1 Car 0 0 0 0 0 0 0 1.6104 1.7952 4.6014 -41.1346 5.2178 30.5965 -9.3975 0.6134
69 3 Car 0 0 0 0 0 0 0 1.8005 1.8126 4.3377 -20.0627 4.5772 28.6402 -9.3812 0.8646
69 6 Car 0 0 0 0 0 0 0 1.7653 1.8608 4.5003 -20.8230 4.7321 32.6231 -9.3864 0.8515
69 7 Car 0 0 0 0 0 0 0 1.5788 1.7464 4.7006 -2.7979 4.2575 31.4886 -9.3984 0.8254
69 5 Car 0 0 0 0 0 0 0 1.6015 1.7750 4.3417 12.4241 3.7284 26.6156 -9.3452 0.8174
69 8 Car 0 0 0 0 0 0 0 1.6022 1.7891 4.3200 35.3289 3.0883 25.1546 -9.3674 0.7676
70 4 Car 0 0 0 0 0 0 0 1.5190 1.6683 4.3433 -42.9040 5.1513 27.0043 -9.3591 0.5417
70 1 Car 0 0 0 0 0 0 0 1.6256 1.7903 4.5516 -41.9929 5.2293 30.5741 -9.4003 0.5860
70 3 Car 0 0 0 0 0 0 0 1.7415 1.9036 4.4481 -21.1143 4.5900 28.7825 -9.3720 0.8481
70 6 Car 0 0 0 0 0 0 0 1.7710 1.8444 4.4907 -21.8652 4.7517 32.6849 -9.3769 0.8152
70 7 Car 0 0 0 0 0 0 0 1.5623 1.6527 4.6144 -3.5518 4.2633 31.4868 -9.4046 0.8137
70 5 Car 0 0 0 0 0 0 0 1.6227 1.7970 4.6402 11.3734 3.6953 26.7218 -9.3262 0.8470
70 8 Car 0 0 0 0 0 0 0 1.5780 1.7339 4.4267 34.8869 3.1252 25.1737 -9.3545 0.8092
71 4 Car 0 0 0 0 0 0 0 1.5217 1.6702 4.3726 -43.7233 5.1621 27.0088 -9.3743 0.5078
71 3 Car 0 0 0 0 0 0 0 1.7865 1.8666 4.4095 -22.2178 4.6527 28.7932 -9.3915 0.8702
71 6 Car 0 0 0 0 0 0 0 1.7883 1.8256 4.4640 -22.7288 4.8118 32.7232 -9.3907 0.7643
71 7 Car 0 0 0 0 0 0 0 1.5596 1.6779 4.5462 -4.2192 4.2702 31.5021 -9.4079 0.8502
71 5 Car 0 0 0 0 0 0 0 1.6304 1.7786 4.6409 10.4678 3.7174 26.7335 -9.3189 0.8750
71 8 Car 0 0 0 0 0 0 0 1.6527 1.8176 4.5904 34.2426 3.1756 25.2451 -9.3635 0.8001
72 1 Car 0 0 0 0 0 0 0 1.5764 1.7509 4.5841 -43.9441 5.2477 30.6492 -9.3982 0.5006
72 3 Car 0 0 0 0 0 0 0 1.8230 1.8677 4.3711 -23.3128 4.7013 28.8423 -9.3840 0.8551
72 6 Car 0 0 0 0 0 0 0 1.7600 1.8960 4.4454 -23.7096 4.8130 32.7430 -9.3898 0.7858
72 7 Car 0 0 0 0 0 0 0 1.5611 1.7659 4.6590 -4.9500 4.2852 31.5446 -9.3980 0.7936
72 5 Car 0 0 0 0 0 0 0 1.6385 1.8295 4.4905 9.6040 3.7562 26.8729 -9.3451 0.8283
72 8 Car 0 0 0 0 0 0 0 1.6429 1.7870 4.4372 33.6510 3.1715 25.2612 -9.3498 0.8047
73 3 Car 0 0 0 0 0 0 0 1.8379 1.8829 4.7616 -24.4221 4.7120 28.8872 -9.3743 0.8725
73 6 Car 0 0 0 0 0 0 0 1.6795 1.8083 4.3766 -24.6885 4.8060 32.7369 -9.3910 0.8892
73 7 Car 0 0 0 0 0 0 0 1.5369 1.6938 4.5224 -5.7897 4.2897 31.5954 -9.4014 0.8358
73 5 Car 0 0 0 0 0 0 0 1.6731 1.8374 4.6571 8.6905 3.7506 26.8973 -9.3550 0.8506
73 8 Car 0 0 0 0 0 0 0 1.5743 1.7278 4.3441 33.0757 3.1478 25.2659 -9.3587 0.8242
74 3 Car 0 0 0 0 0 0 0 1.8443 1.7841 4.5349 -25.5203 4.7419 28.9517 -9.3663 0.8423
74 6 Car 0 0 0 0 0 0 0 1.6941 1.7764 4.3894 -25.7183 4.8280 32.7872 -9.3685 0.8490
74 7 Car 0 0 0 0 0 0 0 1.5380 1.6874 4.6100 -6.5535 4.2795 31.6374 -9.3761 0.8555
74 5 Car 0 0 0 0 0 0 0 1.5971 1.8176 4.6262 7.7261 3.7913 26.9669 -9.3487 0.8695
74 8 Car 0 0 0 0 0 0 0 1.6354 1.7118 4.4804 32.4856 3.1809 25.3091 -9.3604 0.7879
75 3 Car 0 0 0 0 0 0 0 1.7416 1.7532 4.6300 -26.6878 4.7597 29.0417 -9.3720 0.8034
75 6 Car 0 0 0 0 0 0 0 1.7218 1.7610 4.3923 -26.6915 4.8766 32.8190 -9.4043 0.7458
75 7 Car 0 0 0 0 0 0 0 1.5372 1.6896 4.6512 -7.3193 4.3164 31.6692 -9.3940 0.8479
75 5 Car 0 0 0 0 0 0 0 1.6138 1.7953 4.6053 6.9122 3.8428 27.0248 -9.3475 0.8281
75 8 Car 0 0 0 0 0 0 0 1.6347 1.7985 4.4314 31.9672 3.2551 25.4061 -9.3495 0.8589
76 3 Car 0 0 0 0 0 0 0 1.8376 1.7912 4.6899 -27.7468 4.7811 29.0922 -9.3968 0.8737
76 6 Car 0 0 0 0 0 0 0 1.7750 1.7582 4.5233 -27.7760 4.9101 32.8623 -9.4189 0.7707
76 7 Car 0 0 0 0 0 0 0 1.5599 1.7329 4.7066 -8.1015 4.3588 31.6907 -9.4047 0.8678
76 5 Car 0 0 0 0 0 0 0 1.5773 1.8283 4.6118 5.8857 3.8552 27.0911 -9.3535 0.8426
76 8 Car 0 0 0 0 0 0 0 1.5991 1.7527 4.3039 31.1959 3.2078 25.3928 -9.3490 0.8453
77 3 Car 0 0 0 0 0 0 0 1.8174 1.8488 5.0352 -28.9946 4.8183 29.1737 -9.3850 0.8368
77 6 Car 0 0 0 0 0 0 0 1.7342 1.7770 4.4987 -28.7781 4.8975 32.9420 -9.3820 0.8141
77 7 Car 0 0 0 0 0 0 0 1.5521 1.6464 4.6335 -8.7345 4.3842 31.7158 -9.4083 0.8619
77 5 Car 0 0 0 0 0 0 0 1.5695 1.7048 4.4975 5.0357 3.8707 27.0748 -9.3763 0.8831
77 8 Car 0 0 0 0 0 0 0 1.5720 1.7058 4.4554 30.5722 3.2511 25.4580 -9.3391 0.8704
78 3 Car 0 0 0 0 0 0 0 1.7330 1.7586 4.8895 -30.1808 4.8477 29.1361 -9.3900 0.7933
78 6 Car 0 0 0 0 0 0 0 1.7207 1.7556 4.5778 -29.7077 4.9188 32.9680 -9.3732 0.6621
78 7 Car 0 0 0 0 0 0 0 1.5513 1.7239 4.5689 -9.5104 4.3854 31.7615 -9.4047 0.8229
78 5 Car 0 0 0 0 0 0 0 1.5576 1.7681 4.5591 4.0561 3.9294 27.1974 -9.3601 0.7894
78 8 Car 0 0 0 0 0 0 0 1.6475 1.7692 4.4201 29.8598 3.2459 25.5344 -9.3544 0.8014
79 3 Car 0 0 0 0 0 0 0 1.7115 1.8698 4.9875 -31.1862 4.8946 29.3460 -9.3331 0.7972
79 6 Car 0 0 0 0 0 0 0 1.7806 1.8283 4.5516 -30.5584 4.9535 33.0482 -9.3744 0.8298
79 7 Car 0 0 0 0 0 0 0 1.5582 1.7409 4.6303 -10.4494 4.4276 31.8251 -9.3894 0.8493
79 5 Car 0 0 0 0 0 0 0 1.5393 1.8135 4.5678 3.1410 3.9156 27.2801 -9.3590 0.8414
79 8 Car 0 0 0 0 0 0 0 1.5592 1.7072 4.4322 29.2305 3.2654 25.5630 -9.3376 0.8719
80 3 Car 0 0 0 0 0 0 0 1.9230 1.8349 5.2685 -32.3578 4.9028 29.4074 -9.3905 0.8421
80 6 Car 0 0 0 0 0 0 0 1.8023 1.7693 4.5243 -31.5312 4.9670 33.0726 -9.3700 0.8422
80 7 Car 0 0 0 0 0 0 0 1.5699 1.7504 4.6474 -11.2757 4.4353 31.8704 -9.3778 0.8293
80 5 Car 0 0 0 0 0 0 0 1.5620 1.7749 4.5208 2.1973 3.9714 27.3581 -9.3210 0.7737
80 8 Car 0 0 0 0 0 0 0 1.5592 1.7426 4.4704 28.4965 3.2851 25.6394 -9.3553 0.9122
81 3 Car 0 0 0 0 0 0 0 1.8087 1.8450 5.1619 -33.5367 4.9425 29.4546 -9.3839 0.7500
81 6 Car 0 0 0 0 0 0 0 1.7685 1.7208 4.6884 -32.5873 4.9796 33.1007 -9.3602 0.8215
81 7 Car 0 0 0 0 0 0 0 1.5136 1.7240 4.6560 -12.0670 4.4530 31.8495 -9.3876 0.8828
81 5 Car 0 0 0 0 0 0 0 1.5571 1.7013 4.2756 0.9870 3.9719 27.4336 -9.3102 0.7457
81 8 Car 0 0 0 0 0 0 0 1.6166 1.7556 4.5326 27.7472 3.2930 25.7068 -9.3526 0.8425
82 3 Car 0 0 0 0 0 0 0 2.0183 1.7999 5.2879 -34.7133 5.0130 29.5218 -9.3367 0.7292
82 6 Car 0 0 0 0 0 0 0 1.6851 1.7375 4.6306 -33.6760 5.0760 33.1411 -9.3794 0.7365
82 7 Car 0 0 0 0 0 0 0 1.5669 1.8542 4.8466 -12.9612 4.4786 31.9622 -9.3852 0.8944
82 5 Car 0 0 0 0 0 0 0 1.5723 1.7617 4.1351 0.1419 4.0063 27.4612 -9.3704 0.8484
82 8 Car 0 0 0 0 0 0 0 1.5892 1.7702 4.3701 27.0433 3.3103 25.7408 -9.3551 0.8120
83 3 Car 0 0 0 0 0 0 0 1.9407 1.7858 4.7465 -35.4164 5.0130 29.6091 -9.3549 0.7413
83 6 Car 0 0 0 0 0 0 0 1.6850 1.7660 4.7136 -34.7962 5.1192 33.1868 -9.3766 0.6517
83 7 Car 0 0 0 0 0 0 0 1.5564 1.8299 4.7466 -13.8244 4.4606 31.9938 -9.3829 0.8801
83 5 Car 0 0 0 0 0 0 0 1.5880 1.7659 4.2314 -0.7765 4.0225 27.5570 -9.3629 0.8553
83 8 Car 0 0 0 0 0 0 0 1.5960 1.7221 4.3975 26.2970 3.3225 25.7754 -9.3653 0.8040
84 3 Car 0 0 0 0 0 0 0 1.7192 1.8340 5.0044 -37.0861 5.0643 29.7287 -9.4055 0.5655
84 6 Car 0 0 0 0 0 0 0 1.7613 1.7810 4.7371 -35.9238 5.1183 33.2276 -9.3478 0.6287
84 7 Car 0 0 0 0 0 0 0 1.5562 1.7391 4.6320 -14.6921 4.5405 31.9910 -9.3923 0.8987
84 5 Car 0 0 0 0 0 0 0 1.5878 1.7466 4.2398 -1.9093 4.0471 27.5826 -9.3862 0.7566
84 8 Car 0 0 0 0 0 0 0 1.5755 1.7079 4.3919 25.5513 3.3613 25.8214 -9.3559 0.8944
85 3 Car 0 0 0 0 0 0 0 2.0019 1.7666 4.7773 -38.5597 5.1638 29.7735 -9.3843 0.6539
85 6 Car 0 0 0 0 0 0 0 1.9584 1.7841 4.9956 -37.0661 5.1758 33.2897 -9.3641 0.7639
85 7 Car 0 0 0 0 0 0 0 1.5557 1.6886 4.5669 -15.6033 4.5386 32.0062 -9.3836 0.8880
85 5 Car 0 0 0 0 0 0 0 1.5327 1.7933 4.4177 -2.5830 4.0946 27.6709 -9.3623 0.7794
85 8 Car 0 0 0 0 0 0 0 1.6046 1.7403 4.4272 24.7445 3.3579 25.8779 -9.3786 0.8689
86 3 Car 0 0 0 0 0 0 0 1.5513 1.7834 4.3813 -39.6392 5.1893 29.8234 -9.4393 0.5593
86 6 Car 0 0 0 0 0 0 0 1.8788 1.7789 4.9468 -38.2219 5.1854 33.3775 -9.3660 0.7070
86 7 Car 0 0 0 0 0 0 0 1.5729 1.7510 4.6299 -16.4754 4.6089 32.0760 -9.3937 0.8647
86 5 Car 0 0 0 0 0 0 0 1.5324 1.7447 4.2467 -3.6036 4.0975 27.7053 -9.3669 0.8244
86 8 Car 0 0 0 0 0 0 0 1.5863 1.7725 4.4381 24.0694 3.3841 25.9073 -9.3692 0.8542
87 3 Car 0 0 0 0 0 0 0 1.6579 1.8350 4.5436 -41.2061 5.2321 29.8895 -9.3720 0.5217
87 6 Car 0 0 0 0 0 0 0 1.6444 1.7316 4.8254 -39.5098 5.1900 33.3657 -9.3586 0.5894
87 7 Car 0 0 0 0 0 0 0 1.5531 1.8691 4.7106 -17.5009 4.6450 32.1535 -9.3927 0.9037
87 5 Car 0 0 0 0 0 0 0 1.5224 1.7313 4.2346 -4.5280 4.0939 27.7495 -9.3706 0.8323
87 8 Car 0 0 0 0 0 0 0 1.5647 1.7182 4.4099 23.2895 3.4125 25.9501 -9.3674 0.8637
88 3 Car 0 0 0 0 0 0 0 1.7526 1.7259 4.6214 -42.3936 5.1960 29.9151 -9.3405 0.5717
88 6 Car 0 0 0 0 0 0 0 1.6737 1.8059 4.7835 -40.7471 5.2158 33.5247 -9.4157 0.5383
88 7 Car 0 0 0 0 0 0 0 1.6046 1.7888 4.6231 -18.3328 4.6913 32.1153 -9.3836 0.8614
88 5 Car 0 0 0 0 0 0 0 1.5889 1.7620 4.2557 -5.6310 4.1183 27.8930 -9.3317 0.8604
88 8 Car 0 0 0 0 0 0 0 1.5949 1.7249 4.3862 22.4496 3.4042 26.0255 -9.3418 0.7983
89 6 Car 0 0 0 0 0 0 0 1.7486 1.8230 4.6916 -42.2576 5.2374 33.5904 -9.3680 0.5106
89 7 Car 0 0 0 0 0 0 0 1.5552 1.8133 4.6378 -19.3100 4.6556 32.2067 -9.3903 0.8707
89 5 Car 0 0 0 0 0 0 0 1.5625 1.8072 3.9561 -6.4818 4.1506 27.9191 -9.3655 0.8335
89 8 Car 0 0 0 0 0 0 0 1.5631 1.7346 4.4192 21.6465 3.4311 26.0852 -9.3387 0.8403
90 6 Car 0 0 0 0 0 0 0 1.7957 1.7494 4.6698 -43.5043 5.2439 33.6010 -9.4172 0.5348
90 7 Car 0 0 0 0 0 0 0 1.5678 1.7250 4.5179 -20.2061 4.6806 32.2100 -9.3775 0.8768
90 5 Car 0 0 0 0 0 0 0 1.5907 1.7093 4.0550 -7.6691 4.1813 28.0009 -9.3408 0.7879
90 8 Car 0 0 0 0 0 0 0 1.5754 1.7396 4.4462 20.8971 3.4689 26.1533 -9.3574 0.8145
91 7 Car 0 0 0 0 0 0 0 1.5741 1.6707 4.6900 -21.1033 4.7330 32.2496 -9.3987 0.8294
91 5 Car 0 0 0 0 0 0 0 1.5954 1.6627 4.0059 -8.5470 4.2007 28.0480 -9.3551 0.8106
91 8 Car 0 0 0 0 0 0 0 1.5915 1.7247 4.3931 20.1487 3.4563 26.2268 -9.3339 0.8641
92 7 Car 0 0 0 0 0 0 0 1.5816 1.7949 4.7535 -22.2556 4.8072 32.2882 -9.3754 0.8356
92 5 Car 0 0 0 0 0 0 0 1.5534 1.6807 4.2763 -9.3636 4.2506 28.0916 -9.3651 0.8228
92 8 Car 0 0 0 0 0 0 0 1.5750 1.7215 4.3923 19.3486 3.4792 26.2397 -9.3673 0.9003
93 7 Car 0 0 0 0 0 0 0 1.6072 1.7508 4.7404 -23.3058 4.8073 32.3314 -9.3831 0.8532
93 5 Car 0 0 0 0 0 0 0 1.5828 1.6980 4.2291 -10.5957 4.2886 28.1957 -9.3415 0.8607
93 8 Car 0 0 0 0 0 0 0 1.5901 1.7409 4.4062 18.4818 3.5177 26.3405 -9.3685 0.8258
94 7 Car 0 0 0 0 0 0 0 1.5733 1.8527 4.7209 -24.1435 4.7704 32.4197 -9.3680 0.8380
94 5 Car 0 0 0 0 0 0 0 1.6275 1.8356 4.1458 -11.6341 4.3168 28.2473 -9.3443 0.8358
94 8 Car 0 0 0 0 0 0 0 1.5815 1.7213 4.3424 17.6502 3.5778 26.4091 -9.3504 0.9115
95 7 Car 0 0 0 0 0 0 0 1.5623 1.7682 4.8630 -25.1530 4.7945 32.4909 -9.3769 0.8342
95 5 Car 0 0 0 0 0 0 0 1.5780 1.7374 4.0635 -12.5444 4.3693 28.2972 -9.3581 0.8374
95 8 Car 0 0 0 0 0 0 0 1.6300 1.7850 4.4298 16.7386 3.5997 26.4809 -9.3516 0.8987
96 7 Car 0 0 0 0 0 0 0 1.5777 1.7168 4.8045 -26.1697 4.8517 32.4771 -9.3661 0.8061
96 5 Car 0 0 0 0 0 0 0 1.6015 1.7472 3.8706 -13.4869 4.4228 28.3495 -9.3776 0.8112
96 8 Car 0 0 0 0 0 0 0 1.5974 1.8054 4.4770 15.8868 3.6230 26.5577 -9.3526 0.8614
97 7 Car 0 0 0 0 0 0 0 1.5662 1.7280 4.9171 -27.3239 4.8925 32.5471 -9.3751 0.7983
97 5 Car 0 0 0 0 0 0 0 1.5884 1.6970 4.2485 -14.4415 4.4555 28.4134 -9.3646 0.8351
97 8 Car 0 0 0 0 0 0 0 1.5592 1.7183 4.5137 15.0059 3.6281 26.5636 -9.3537 0.8414
98 7 Car 0 0 0 0 0 0 0 1.5752 1.7673 4.7619 -28.2926 4.8985 32.5694 -9.4026 0.8272
98 5 Car 0 0 0 0 0 0 0 1.6414 1.8262 4.0596 -15.5724 4.4622 28.5115 -9.3407 0.8420
98 8 Car 0 0 0 0 0 0 0 1.5817 1.8344 4.5546 14.0326 3.6924 26.6999 -9.3330 0.8752
99 7 Car 0 0 0 0 0 0 0 1.5885 1.6916 4.7673 -29.3953 4.9210 32.6208 -9.3866 0.7817
99 5 Car 0 0 0 0 0 0 0 1.5737 1.7557 4.0032 -16.5837 4.4710 28.5206 -9.3490 0.8368
99 8 Car 0 0 0 0 0 0 0 1.5646 1.8126 4.6948 13.2422 3.7093 26.7254 -9.3531 0.8463
100 7 Car 0 0 0 0 0 0 0 1.5858 1.7154 4.8344 -30.3823 4.9671 32.6746 -9.3663 0.7726
100 5 Car 0 0 0 0 0 0 0 1.5595 1.7104 4.1588 -17.6030 4.5396 28.5846 -9.3675 0.8056
100 8 Car 0 0 0 0 0 0 0 1.5566 1.7983 4.8146 12.0753 3.7335 26.8375 -9.3320 0.8336
101 7 Car 0 0 0 0 0 0 0 1.6257 1.7648 5.0725 -31.5446 5.0029 32.7829 -9.3572 0.8135
101 5 Car 0 0 0 0 0 0 0 1.5589 1.6733 4.4331 -18.5209 4.5764 28.6397 -9.3612 0.8268
101 8 Car 0 0 0 0 0 0 0 1.5913 1.8189 4.9509 10.9741 3.7146 26.9355 -9.3448 0.8497
102 7 Car 0 0 0 0 0 0 0 1.5555 1.7561 5.1538 -32.6974 4.9602 32.8550 -9.3701 0.8305
102 5 Car 0 0 0 0 0 0 0 1.6056 1.6978 3.9960 -19.6310 4.5813 28.6971 -9.3775 0.8044
102 8 Car 0 0 0 0 0 0 0 1.6272 1.7881 4.9361 10.1761 3.7606 26.9569 -9.3536 0.8806
103 7 Car 0 0 0 0 0 0 0 1.5562 1.7516 4.9133 -33.6903 5.0308 32.8807 -9.3859 0.7754
103 5 Car 0 0 0 0 0 0 0 1.5763 1.7965 4.2517 -20.6923 4.6260 28.8053 -9.3709 0.8338
103 8 Car 0 0 0 0 0 0 0 1.6375 1.8494 4.9076 9.0647 3.7700 27.0110 -9.3552 0.8190
104 7 Car 0 0 0 0 0 0 0 1.5892 1.7610 5.0059 -34.8468 5.1002 32.9605 -9.3730 0.7209
104 5 Car 0 0 0 0 0 0 0 1.5621 1.6772 4.2856 -21.6459 4.6480 28.7815 -9.3663 0.8456
104 8 Car 0 0 0 0 0 0 0 1.5983 1.8575 4.9401 8.1992 3.7988 27.1267 -9.3610 0.7975
105 7 Car 0 0 0 0 0 0 0 1.5689 1.8272 4.9936 -35.8468 5.1792 32.9855 -9.3454 0.6654
105 5 Car 0 0 0 0 0 0 0 1.5966 1.6931 4.1353 -22.6354 4.6551 28.8431 -9.3829 0.8129
105 8 Car 0 0 0 0 0 0 0 1.5893 1.9485 4.8760 7.2405 3.8057 27.1684 -9.3544 0.8380
106 7 Car 0 0 0 0 0 0 0 1.6181 1.7462 4.9738 -37.4108 5.2223 33.0675 -9.3559 0.6626
106 5 Car 0 0 0 0 0 0 0 1.5689 1.7348 4.3233 -23.7093 4.7260 28.9139 -9.3931 0.7857
106 8 Car 0 0 0 0 0 0 0 1.6109 1.9164 5.0165 6.2770 3.8742 27.2488 -9.3705 0.8583
107 7 Car 0 0 0 0 0 0 0 1.6040 1.7484 4.9170 -38.4453 5.2344 33.1510 -9.3738 0.6435
107 5 Car 0 0 0 0 0 0 0 1.6265 1.7831 4.1262 -24.7665 4.7359 28.9737 -9.3675 0.8243
107 8 Car 0 0 0 0 0 0 0 1.5413 2.0040 4.9327 5.2334 3.9303 27.3293 -9.3603 0.8181
108 7 Car 0 0 0 0 0 0 0 1.6188 1.7634 4.8756 -39.6852 5.2356 33.2226 -9.3721 0.6992
108 5 Car 0 0 0 0 0 0 0 1.6025 1.7211 4.1906 -25.7377 4.7513 29.0274 -9.3619 0.8003
108 8 Car 0 0 0 0 0 0 0 1.5482 1.9337 4.9871 4.3109 3.9516 27.3559 -9.3634 0.7365
109 7 Car 0 0 0 0 0 0 0 1.5477 1.7108 4.6407 -40.5992 5.2909 33.2350 -9.3949 0.6506
109 5 Car 0 0 0 0 0 0 0 1.5387 1.6854 4.3488 -26.9355 4.7902 29.0596 -9.3812 0.7604
109 8 Car 0 0 0 0 0 0 0 1.5574 2.0221 4.9463 3.1543 3.9840 27.4768 -9.3677 0.7901
110 7 Car 0 0 0 0 0 0 0 1.5322 1.7364 4.7101 -42.2711 5.3399 33.3021 -9.4223 0.5589
110 5 Car 0 0 0 0 0 0 0 1.5412 1.7014 4.3668 -28.0166 4.7999 29.1429 -9.3871 0.8004
110 8 Car 0 0 0 0 0 0 0 1.5637 1.8851 4.7667 2.1808 4.0093 27.4853 -9.3509 0.7671
111 5 Car 0 0 0 0 0 0 0 1.5634 1.7279 4.4952 -29.0273 4.8512 29.2063 -9.3954 0.8136
111 8 Car 0 0 0 0 0 0 0 1.5566 1.7410 4.4010 0.6943 3.9903 27.5467 -9.3644 0.8175
112 5 Car 0 0 0 0 0 0 0 1.5455 1.7178 4.5959 -30.0449 4.8468 29.1999 -9.3782 0.7941
112 8 Car 0 0 0 0 0 0 0 1.5644 1.7999 4.5708 -0.2554 4.0130 27.6276 -9.3873 0.8490
113 5 Car 0 0 0 0 0 0 0 1.5767 1.7235 4.6883 -31.2211 4.9026 29.2849 -9.3545 0.7562
113 8 Car 0 0 0 0 0 0 0 1.5302 1.7834 4.5458 -1.1718 4.0743 27.6604 -9.3851 0.7957
114 7 Car 0 0 0 0 0 0 0 1.6467 1.6887 4.7976 -47.4330 5.5177 33.5579 -9.3596 0.5423
114 5 Car 0 0 0 0 0 0 0 1.5445 1.7391 4.7298 -32.3669 4.8921 29.3886 -9.3524 0.8409
114 8 Car 0 0 0 0 0 0 0 1.5567 1.8951 4.5768 -2.3562 4.1066 27.7816 -9.3648 0.7247
115 7 Car 0 0 0 0 0 0 0 1.6400 1.7110 4.7757 -48.5983 5.5547 33.6326 -9.3735 0.5287
115 5 Car 0 0 0 0 0 0 0 1.4882 1.7476 4.8403 -33.5273 4.9148 29.4251 -9.3944 0.8153
115 8 Car 0 0 0 0 0 0 0 1.5579 1.8207 4.6146 -3.4152 4.1137 27.8172 -9.3767 0.8210
116 7 Car 0 0 0 0 0 0 0 1.6259 1.6698 4.7168 -49.8678 5.5650 33.6688 -9.3860 0.5253
116 5 Car 0 0 0 0 0 0 0 1.5485 1.7297 4.7847 -34.5598 4.9932 29.3928 -9.3968 0.7618
116 8 Car 0 0 0 0 0 0 0 1.5385 1.7243 4.4644 -4.5224 4.1392 27.8182 -9.3563 0.8281
117 5 Car 0 0 0 0 0 0 0 1.6004 1.7422 4.5672 -35.4155 4.9890 29.5291 -9.3568 0.8322
117 8 Car 0 0 0 0 0 0 0 1.5456 1.7751 4.2618 -5.5703 4.1598 27.9158 -9.3620 0.8380
118 5 Car 0 0 0 0 0 0 0 1.5979 1.7433 4.8075 -36.8514 5.0694 29.6262 -9.3947 0.6507
118 8 Car 0 0 0 0 0 0 0 1.5286 1.7436 4.4040 -6.5382 4.1809 27.9578 -9.3671 0.8329
119 5 Car 0 0 0 0 0 0 0 1.7929 1.6893 4.4638 -38.4724 5.0799 29.6872 -9.3888 0.6598
119 8 Car 0 0 0 0 0 0 0 1.5146 1.7309 4.4836 -7.7341 4.2312 27.9961 -9.3555 0.7778
120 5 Car 0 0 0 0 0 0 0 1.6743 1.7738 4.1880 -39.6176 5.1119 29.7434 -9.4169 0.6305
120 8 Car 0 0 0 0 0 0 0 1.5384 1.7728 4.6056 -8.7653 4.2431 28.0693 -9.3804 0.7907
121 5 Car 0 0 0 0 0 0 0 1.7216 1.7417 4.3271 -41.0398 5.2047 29.7696 -9.4034 0.6281
121 8 Car 0 0 0 0 0 0 0 1.5347 1.7231 4.3151 -9.6408 4.2691 28.1110 -9.3551 0.8530
122 5 Car 0 0 0 0 0 0 0 1.6570 1.7172 4.2063 -42.0701 5.1629 29.8133 -9.3563 0.5938
122 8 Car 0 0 0 0 0 0 0 1.5372 1.7745 4.5724 -11.0321 4.3301 28.2095 -9.3756 0.8876
123 5 Car 0 0 0 0 0 0 0 1.6826 1.7462 4.5418 -43.4971 5.2352 29.8788 -9.3889 0.5788
123 8 Car 0 0 0 0 0 0 0 1.5516 1.8082 4.4118 -11.9911 4.3630 28.2445 -9.3642 0.8609
124 5 Car 0 0 0 0 0 0 0 1.6240 1.7055 4.4990 -44.5939 5.2101 29.9221 -9.3809 0.5064
124 8 Car 0 0 0 0 0 0 0 1.5690 1.7162 4.3330 -13.1312 4.4153 28.2981 -9.3501 0.8613
125 8 Car 0 0 0 0 0 0 0 1.5940 1.7221 4.4885 -14.1539 4.4156 28.3312 -9.3720 0.8354
126 8 Car 0 0 0 0 0 0 0 1.5562 1.7292 4.5084 -15.3636 4.4584 28.4114 -9.3552 0.8307
127 8 Car 0 0 0 0 0 0 0 1.5470 1.6694 4.3594 -16.3496 4.4823 28.4325 -9.3572 0.8224
128 8 Car 0 0 0 0 0 0 0 1.5456 1.6637 4.4271 -17.5017 4.5519 28.4899 -9.3780 0.8280
129 8 Car 0 0 0 0 0 0 0 1.5523 1.7578 4.6102 -18.6179 4.5865 28.5717 -9.3826 0.7926
130 8 Car 0 0 0 0 0 0 0 1.5387 1.6688 4.4387 -19.8706 4.6021 28.5763 -9.3444 0.8271
131 8 Car 0 0 0 0 0 0 0 1.5425 1.7216 4.5115 -20.9593 4.6026 28.6668 -9.3676 0.8461
132 8 Car 0 0 0 0 0 0 0 1.5190 1.6513 4.4996 -21.9811 4.6318 28.6948 -9.3888 0.8331
133 8 Car 0 0 0 0 0 0 0 1.5762 1.6813 4.4587 -23.1300 4.7102 28.7658 -9.3767 0.8062
134 8 Car 0 0 0 0 0 0 0 1.5959 1.6780 4.4391 -24.0561 4.7009 28.8218 -9.3862 0.8395
135 8 Car 0 0 0 0 0 0 0 1.5319 1.6736 4.4267 -25.3135 4.7341 28.8469 -9.3799 0.8118
136 8 Car 0 0 0 0 0 0 0 1.5511 1.6980 4.5450 -26.5284 4.7946 28.9295 -9.3523 0.7941
137 8 Car 0 0 0 0 0 0 0 1.5381 1.7184 4.8611 -27.6415 4.7877 29.0122 -9.3824 0.8147
138 8 Car 0 0 0 0 0 0 0 1.5801 1.7546 4.7278 -28.7366 4.8351 29.0433 -9.3810 0.7551
139 8 Car 0 0 0 0 0 0 0 1.5653 1.7363 4.8389 -29.9346 4.8535 29.0819 -9.3663 0.8262
140 8 Car 0 0 0 0 0 0 0 1.5477 1.7602 4.8363 -31.0436 4.9020 29.1399 -9.3748 0.7851
141 8 Car 0 0 0 0 0 0 0 1.5560 1.8051 4.8798 -32.1873 4.9344 29.2853 -9.3584 0.8204
142 8 Car 0 0 0 0 0 0 0 1.5437 1.7966 4.9596 -33.4780 4.9377 29.3096 -9.3745 0.6699
143 8 Car 0 0 0 0 0 0 0 1.5862 1.8517 5.1740 -34.5098 4.9972 29.3762 -9.3787 0.7714
144 8 Car 0 0 0 0 0 0 0 1.7080 1.8111 4.8729 -35.5785 4.9589 29.4589 -9.3586 0.6949
145 8 Car 0 0 0 0 0 0 0 1.5765 1.7746 4.9110 -37.0628 5.0572 29.5314 -9.3638 0.5990
146 8 Car 0 0 0 0 0 0 0 1.6029 1.7388 4.7914 -38.7019 5.1128 29.6021 -9.4445 0.6987
147 8 Car 0 0 0 0 0 0 0 1.5834 1.7500 4.5885 -40.2225 5.1486 29.6712 -9.3835 0.6020
148 8 Car 0 0 0 0 0 0 0 1.6288 1.7466 4.6580 -41.4376 5.1935 29.7017 -9.3832 0.6490
149 8 Car 0 0 0 0 0 0 0 1.5958 1.7414 4.5262 -42.5700 5.2118 29.7286 -9.3997 0.6096
