0 4 Car -1 -1 -1 10 10 100 100 1.5909 1.7573 4.3143 -19.3510 4.5115 25.7575 -9.3505 1.7274
0 8 Car -1 -1 -1 10 10 100 100 1.5676 1.7998 4.4980 43.2019 2.8443 4.3439 -12.4646 0.7863
0 0 Car -1 -1 -1 10 10 100 100 1.5082 1.7116 4.6602 -15.9765 4.4386 28.9338 -9.3854 1.9111
0 5 Car -1 -1 -1 10 10 100 100 1.7536 1.6599 4.2847 -1.8736 3.9459 24.2589 -9.3568 1.6768
0 6 Car -1 -1 -1 10 10 100 100 1.5354 1.7722 4.6145 24.3271 3.3237 9.1514 -12.4771 1.4253
0 3 Car -1 -1 -1 10 10 100 100 1.5238 1.7414 4.2789 2.0135 4.0016 27.6967 -9.3737 1.7323
0 1 Car -1 -1 -1 10 10 100 100 1.5673 1.6948 4.4713 14.8349 3.6807 26.9369 -9.3319 1.8908
0 7 Car -1 -1 -1 10 10 100 100 1.4622 1.6419 4.2070 33.2411 2.9842 21.8392 -9.3602 1.3767
0 2 Car -1 -1 -1 10 10 100 100 1.6740 1.7272 4.1073 25.6521 3.3437 26.3710 -9.3499 1.7408
0 9 Car -1 -1 -1 10 10 100 100 1.6787 1.9184 4.4154 52.7372 2.6581 24.1006 -9.3530 0.3473
1 4 Car -1 -1 -1 10 10 100 100 1.5734 1.7579 4.3185 -20.1254 4.5005 25.7939 -9.3872 1.7452
1 8 Car -1 -1 -1 10 10 100 100 1.5817 1.7735 4.3171 43.7949 2.8620 4.3377 -12.5053 0.5306
1 0 Car -1 -1 -1 10 10 100 100 1.5410 1.7384 4.6268 -16.7841 4.4940 28.9806 -9.3673 2.0767
1 5 Car -1 -1 -1 10 10 100 100 1.7180 1.6188 4.2081 -2.6365 3.9771 24.3098 -9.3360 2.1749
1 6 Car -1 -1 -1 10 10 100 100 1.5430 1.7672 4.5364 25.2293 3.2999 9.1043 -12.4820 1.2235
1 3 Car -1 -1 -1 10 10 100 100 1.5497 1.7169 4.0904 1.4184 4.0424 27.7734 -9.3347 1.5307
1 1 Car -1 -1 -1 10 10 100 100 1.6031 1.7147 4.4657 14.3920 3.7301 26.9277 -9.3549 1.5895
1 7 Car -1 -1 -1 10 10 100 100 1.3949 1.6757 3.7226 32.3997 2.8609 21.9136 -9.3667 1.1816
1 2 Car -1 -1 -1 10 10 100 100 1.6661 1.8028 4.1352 25.4234 3.3473 26.4207 -9.3607 1.7505
1 9 Car -1 -1 -1 10 10 100 100 1.6475 1.8928 4.3207 52.4689 2.6366 24.1124 -9.3620 0.5599
2 4 Car -1 -1 -1 10 10 100 100 1.5538 1.7623 4.3102 -21.0943 4.5279 25.8844 -9.3696 1.6908
2 8 Car -1 -1 -1 10 10 100 100 1.6250 1.7804 4.2478 44.5447 2.8505 4.4026 -12.5718 0.3115
2 0 Car -1 -1 -1 10 10 100 100 1.5178 1.7098 4.6455 -17.6497 4.4771 29.0578 -9.3926 1.5887
2 5 Car -1 -1 -1 10 10 100 100 1.7425 1.6731 4.1996 -3.1895 3.9655 24.4137 -9.3626 2.2963
2 6 Car -1 -1 -1 10 10 100 100 1.5281 1.7703 4.6319 26.1575 3.3139 9.1102 -12.4796 1.2330
2 3 Car -1 -1 -1 10 10 100 100 1.5596 1.7613 4.3594 0.4452 4.0535 27.8675 -9.3587 1.4908
2 1 Car -1 -1 -1 10 10 100 100 1.5938 1.7029 4.3389 14.0689 3.7156 26.9563 -9.3501 2.0392
2 7 Car -1 -1 -1 10 10 100 100 1.5555 1.6525 4.1516 31.9339 3.1061 21.9195 -9.3735 1.3844
2 2 Car -1 -1 -1 10 10 100 100 1.6817 1.7363 4.1505 25.0915 3.3156 26.4160 -9.3686 1.4531
2 9 Car -1 -1 -1 10 10 100 100 1.6977 1.8585 4.3121 52.2501 2.6415 24.0934 -9.3492 0.3025
3 4 Car -1 -1 -1 10 10 100 100 1.5892 1.7325 4.4544 -22.0823 4.6048 25.9028 -9.3773 1.2747
3 0 Car -1 -1 -1 10 10 100 100 1.6245 1.7480 4.5891 -18.4404 4.5989 29.0792 -9.3781 1.4741
3 10 Car -1 -1 -1 10 10 100 100 2.1064 1.9757 4.4617 -17.1246 4.7862 50.3168 -10.8386 1.2582
3 5 Car -1 -1 -1 10 10 100 100 1.6665 1.6477 4.1157 -3.9036 3.9417 24.4524 -9.3713 2.6361
3 6 Car -1 -1 -1 10 10 100 100 1.5325 1.7363 4.4841 27.1101 3.2503 9.0045 -12.4839 1.3661
3 3 Car -1 -1 -1 10 10 100 100 1.5382 1.6826 4.3593 -0.3168 4.0735 27.8625 -9.3231 0.8968
3 1 Car -1 -1 -1 10 10 100 100 1.5907 1.7140 4.3716 13.6388 3.7298 27.0277 -9.3374 1.8557
3 7 Car -1 -1 -1 10 10 100 100 1.3338 1.6735 3.8200 31.1556 2.8102 21.9570 -9.3775 1.4307
3 2 Car -1 -1 -1 10 10 100 100 1.6886 1.7709 4.1468 24.7756 3.3498 26.4482 -9.3532 2.1175
3 9 Car -1 -1 -1 10 10 100 100 1.6411 1.8159 4.3371 52.1042 2.6314 24.0788 -9.3609 0.3791
4 4 Car -1 -1 -1 10 10 100 100 1.5704 1.7825 4.3727 -23.1834 4.6041 25.9426 -9.3738 1.2699
4 0 Car -1 -1 -1 10 10 100 100 1.5616 1.6621 4.5647 -19.4302 4.5655 29.0406 -9.3846 1.7964
4 5 Car -1 -1 -1 10 10 100 100 1.6831 1.7149 4.3430 -4.6624 3.9660 24.5483 -9.3266 2.3922
4 6 Car -1 -1 -1 10 10 100 100 1.5317 1.7563 4.6156 27.9966 3.2489 8.9302 -12.4821 1.3493
4 3 Car -1 -1 -1 10 10 100 100 1.5354 1.6052 4.4074 -1.0372 4.0591 27.8490 -9.3375 1.2723
4 1 Car -1 -1 -1 10 10 100 100 1.5676 1.7440 4.4335 13.2905 3.7201 27.0476 -9.3486 1.5996
4 7 Car -1 -1 -1 10 10 100 100 1.4063 1.6870 3.9145 30.4962 2.8958 22.0324 -9.3743 1.4440
4 2 Car -1 -1 -1 10 10 100 100 1.7067 1.7699 4.1527 24.4798 3.3603 26.4731 -9.3519 1.9572
4 9 Car -1 -1 -1 10 10 100 100 1.6383 1.8785 4.2869 51.8528 2.6311 24.1188 -9.3463 0.4237
5 4 Car -1 -1 -1 10 10 100 100 1.5757 1.7375 4.5155 -24.0040 4.6163 25.9842 -9.3855 1.2307
5 8 Car -1 -1 -1 10 10 100 100 1.6097 1.8238 4.2630 46.6150 2.8063 4.2982 -12.5550 0.4806
5 0 Car -1 -1 -1 10 10 100 100 1.5864 1.8531 4.5390 -20.2837 4.5378 29.2045 -9.3772 2.1517
5 5 Car -1 -1 -1 10 10 100 100 1.7468 1.7113 4.3682 -5.5001 4.0479 24.6102 -9.3136 2.2737
5 6 Car -1 -1 -1 10 10 100 100 1.4971 1.6842 4.4695 28.9260 3.2197 8.8445 -12.4905 1.2828
5 3 Car -1 -1 -1 10 10 100 100 1.5549 1.6886 4.4424 -1.7256 4.1380 27.9773 -9.3629 1.5424
5 1 Car -1 -1 -1 10 10 100 100 1.5683 1.7701 4.4649 12.8235 3.7291 27.0879 -9.3301 2.0812
5 7 Car -1 -1 -1 10 10 100 100 1.2959 1.7134 3.7717 29.8457 2.7924 22.0531 -9.3688 1.4582
5 2 Car -1 -1 -1 10 10 100 100 1.6661 1.7641 4.1616 24.1813 3.3561 26.4763 -9.3538 2.0314
5 11 Car -1 -1 -1 10 10 100 100 1.4717 1.6825 4.1750 38.8219 3.0401 25.2797 -9.3923 0.3949
5 9 Car -1 -1 -1 10 10 100 100 1.6132 1.8421 4.3020 51.6412 2.6591 24.1354 -9.3559 0.6809
6 4 Car -1 -1 -1 10 10 100 100 1.5792 1.7353 4.3572 -25.1120 4.6196 25.9970 -9.3811 1.3431
6 8 Car -1 -1 -1 10 10 100 100 1.6467 1.7197 4.0070 46.9804 2.8243 4.1940 -12.5509 0.3078
6 0 Car -1 -1 -1 10 10 100 100 1.5328 1.7325 4.7138 -21.1974 4.6340 29.1768 -9.3824 1.4912
6 5 Car -1 -1 -1 10 10 100 100 1.7599 1.8284 4.4591 -6.2148 4.1032 24.7622 -9.3407 2.3221
6 6 Car -1 -1 -1 10 10 100 100 1.5220 1.7937 4.4023 29.7799 3.2250 8.8244 -12.4926 1.8478
6 3 Car -1 -1 -1 10 10 100 100 1.5609 1.7151 4.2784 -2.6569 4.1527 28.0133 -9.3392 1.7472
6 1 Car -1 -1 -1 10 10 100 100 1.5804 1.7449 4.5435 12.4049 3.7254 27.1125 -9.3493 1.5401
6 7 Car -1 -1 -1 10 10 100 100 1.3107 1.7062 3.7693 29.1758 2.8124 22.0759 -9.3808 1.5337
6 2 Car -1 -1 -1 10 10 100 100 1.6688 1.7418 4.1413 23.7733 3.3542 26.5168 -9.3482 1.7769
6 11 Car -1 -1 -1 10 10 100 100 1.4794 1.6505 4.2905 38.8230 3.0176 25.2804 -9.3524 1.2128
6 9 Car -1 -1 -1 10 10 100 100 1.6702 1.8725 4.3768 51.4163 2.6839 24.1646 -9.3318 0.6696
7 4 Car -1 -1 -1 10 10 100 100 1.5652 1.6953 4.4522 -26.2067 4.6568 26.0267 -9.3788 0.8185
7 0 Car -1 -1 -1 10 10 100 100 1.6003 1.7027 4.6101 -22.0821 4.6773 29.2069 -9.3891 1.3299
7 5 Car -1 -1 -1 10 10 100 100 1.6744 1.7452 4.4901 -7.1126 4.0968 24.7734 -9.3315 1.9518
7 6 Car -1 -1 -1 10 10 100 100 1.5264 1.7667 4.6496 30.5493 3.2012 8.7934 -12.4868 0.8309
7 3 Car -1 -1 -1 10 10 100 100 1.5460 1.6786 4.4164 -3.3520 4.1322 28.0436 -9.3527 1.7342
7 1 Car -1 -1 -1 10 10 100 100 1.5496 1.7709 4.6345 11.9456 3.7393 27.1771 -9.3509 1.7506
7 7 Car -1 -1 -1 10 10 100 100 1.2820 1.6864 3.7826 28.5710 2.8568 22.0914 -9.3675 1.8867
7 2 Car -1 -1 -1 10 10 100 100 1.7057 1.7282 4.1870 23.4324 3.3638 26.5670 -9.3571 1.4432
7 11 Car -1 -1 -1 10 10 100 100 1.5002 1.6211 4.3453 38.6932 3.0618 25.2817 -9.3511 1.2407
7 9 Car -1 -1 -1 10 10 100 100 1.6814 1.9006 4.3354 51.1818 2.7157 24.2096 -9.3408 0.7832
8 4 Car -1 -1 -1 10 10 100 100 1.6110 1.7833 4.6126 -27.3403 4.6854 26.1554 -9.4021 0.9500
8 0 Car -1 -1 -1 10 10 100 100 1.5762 1.7042 4.6390 -23.0070 4.6914 29.2780 -9.3847 1.6055
8 5 Car -1 -1 -1 10 10 100 100 1.6405 1.7112 4.2766 -7.8084 4.1014 24.7985 -9.3339 1.6480
8 6 Car -1 -1 -1 10 10 100 100 1.5096 1.7342 4.6716 31.3528 3.1855 8.7335 -12.4818 1.0110
8 3 Car -1 -1 -1 10 10 100 100 1.5317 1.6412 4.3127 -4.1684 4.1580 28.0894 -9.3531 1.9671
8 1 Car -1 -1 -1 10 10 100 100 1.5639 1.7013 4.6321 11.5000 3.7455 27.1193 -9.3529 2.0013
8 7 Car -1 -1 -1 10 10 100 100 1.3296 1.6880 4.0040 27.9235 2.8861 22.1321 -9.3698 1.7582
8 2 Car -1 -1 -1 10 10 100 100 1.6567 1.7343 4.0283 22.9590 3.3652 26.5780 -9.3796 1.5800
8 11 Car -1 -1 -1 10 10 100 100 1.4772 1.6358 4.3187 38.3314 3.0389 25.3204 -9.3098 1.1919
8 9 Car -1 -1 -1 10 10 100 100 1.6493 1.8474 4.4527 50.9651 2.6850 24.2056 -9.3255 0.8761
9 4 Car -1 -1 -1 10 10 100 100 1.5812 1.6977 4.5113 -28.4364 4.6874 26.1656 -9.3985 1.3482
9 0 Car -1 -1 -1 10 10 100 100 1.6082 1.7052 4.6424 -24.0685 4.7308 29.3053 -9.3826 1.4050
9 5 Car -1 -1 -1 10 10 100 100 1.7220 1.7876 4.3605 -8.5700 4.1638 24.9264 -9.3440 1.8183
9 6 Car -1 -1 -1 10 10 100 100 1.5300 1.7585 4.5284 32.1966 3.1259 8.6614 -12.4859 1.3522
9 3 Car -1 -1 -1 10 10 100 100 1.5126 1.8276 4.5176 -5.1055 4.2060 28.2124 -9.3951 1.2264
9 1 Car -1 -1 -1 10 10 100 100 1.5672 1.7563 4.6073 11.0949 3.7586 27.2058 -9.3621 2.0481
9 7 Car -1 -1 -1 10 10 100 100 1.4209 1.7231 4.0845 27.2598 3.0691 22.1378 -9.3691 2.1776
9 2 Car -1 -1 -1 10 10 100 100 1.6724 1.7355 4.1277 22.6471 3.3846 26.5873 -9.3584 1.7754
9 11 Car -1 -1 -1 10 10 100 100 1.5087 1.6929 4.1066 38.0159 3.0772 25.3930 -9.2917 1.2317
9 9 Car -1 -1 -1 10 10 100 100 1.7101 1.7991 4.3449 50.7116 2.6656 24.1898 -9.3339 0.8885
10 4 Car -1 -1 -1 10 10 100 100 1.6220 1.6935 4.6518 -29.4347 4.7057 26.2126 -9.3838 1.1558
10 0 Car -1 -1 -1 10 10 100 100 1.5403 1.6816 4.6908 -24.9282 4.7027 29.3129 -9.3720 1.4447
10 5 Car -1 -1 -1 10 10 100 100 1.7131 1.7049 4.2779 -9.5326 4.1747 24.9697 -9.3370 1.9644
10 6 Car -1 -1 -1 10 10 100 100 1.5326 1.7947 4.6762 33.1542 3.1204 8.7081 -12.4824 0.7579
10 3 Car -1 -1 -1 10 10 100 100 1.4884 1.7241 4.4155 -5.8651 4.1693 28.2306 -9.3880 2.0352
10 1 Car -1 -1 -1 10 10 100 100 1.5364 1.8301 4.6309 10.6708 3.7369 27.2813 -9.3790 1.9440
10 7 Car -1 -1 -1 10 10 100 100 1.3406 1.6686 4.0437 26.6264 2.9419 22.1938 -9.3450 1.7887
10 2 Car -1 -1 -1 10 10 100 100 1.7036 1.7042 4.2104 22.3329 3.3864 26.5967 -9.3568 1.7799
10 11 Car -1 -1 -1 10 10 100 100 1.5038 1.6128 3.9890 37.7816 3.0721 25.3604 -9.3062 1.0738
10 9 Car -1 -1 -1 10 10 100 100 1.6560 1.8001 4.3892 50.5202 2.6688 24.2072 -9.3383 0.7315
11 4 Car -1 -1 -1 10 10 100 100 1.6414 1.7497 4.7929 -30.5040 4.7314 26.2750 -9.3846 1.0691
11 0 Car -1 -1 -1 10 10 100 100 1.5862 1.8272 4.8098 -25.8833 4.7970 29.4248 -9.3914 1.0991
11 10 Car -1 -1 -1 10 10 100 100 2.0857 1.9851 4.2055 -17.0476 4.7496 50.0656 -10.8104 0.8146
11 5 Car -1 -1 -1 10 10 100 100 1.7013 1.7630 4.4434 -10.3155 4.1918 25.0672 -9.3495 1.6034
11 6 Car -1 -1 -1 10 10 100 100 1.5259 1.8167 4.7766 33.9463 3.1273 8.6517 -12.4780 0.9801
11 3 Car -1 -1 -1 10 10 100 100 1.5314 1.7263 4.2940 -6.5992 4.2118 28.2479 -9.3915 1.9511
11 1 Car -1 -1 -1 10 10 100 100 1.5526 1.8150 4.6432 10.3718 3.7552 27.2920 -9.3726 2.1676
11 7 Car -1 -1 -1 10 10 100 100 1.4089 1.7255 4.0668 26.0281 3.0286 22.2752 -9.3629 2.1821
11 2 Car -1 -1 -1 10 10 100 100 1.6600 1.7621 4.1799 21.9827 3.3771 26.6355 -9.3389 1.7897
11 11 Car -1 -1 -1 10 10 100 100 1.5048 1.6448 4.0765 37.6408 3.0713 25.4122 -9.3123 1.2547
11 9 Car -1 -1 -1 10 10 100 100 1.6499 1.7810 4.4305 50.3382 2.6528 24.1689 -9.3654 0.7197
12 4 Car -1 -1 -1 10 10 100 100 1.6012 1.7721 4.4451 -31.1141 4.6922 26.3297 -9.4027 1.2684
12 0 Car -1 -1 -1 10 10 100 100 1.5861 1.8487 4.9080 -26.9050 4.8245 29.4825 -9.3954 1.3221
12 10 Car -1 -1 -1 10 10 100 100 2.2021 1.9484 4.4662 -17.1107 4.7347 50.2416 -10.7902 0.7103
12 5 Car -1 -1 -1 10 10 100 100 1.7732 1.8426 4.3663 -11.1434 4.2839 25.1761 -9.3510 1.8740
12 6 Car -1 -1 -1 10 10 100 100 1.5407 1.8020 4.5959 34.8220 3.0736 8.5262 -12.4707 0.8481
12 3 Car -1 -1 -1 10 10 100 100 1.4981 1.7354 4.4390 -7.6006 4.2716 28.2886 -9.3858 1.5782
12 1 Car -1 -1 -1 10 10 100 100 1.5714 1.7900 4.5698 9.7675 3.7731 27.2964 -9.3518 1.6565
12 7 Car -1 -1 -1 10 10 100 100 1.3803 1.6478 4.1650 25.3442 3.0406 22.2740 -9.3515 2.1360
12 2 Car -1 -1 -1 10 10 100 100 1.6568 1.7792 4.1959 21.6118 3.3796 26.6735 -9.3762 1.8283
12 11 Car -1 -1 -1 10 10 100 100 1.5214 1.6804 4.2062 37.4913 3.0764 25.3993 -9.3342 1.3455
12 9 Car -1 -1 -1 10 10 100 100 1.7144 1.6736 4.2511 50.0887 2.6337 24.1932 -9.3614 0.9569
13 4 Car -1 -1 -1 10 10 100 100 1.5250 1.6762 4.3145 -32.2738 4.6609 26.3405 -9.3901 0.4313
13 0 Car -1 -1 -1 10 10 100 100 1.5921 1.8312 4.5662 -27.8371 4.8102 29.4956 -9.3833 1.6599
13 5 Car -1 -1 -1 10 10 100 100 1.7753 1.8655 4.3935 -12.0929 4.3002 25.2406 -9.3477 1.7438
13 6 Car -1 -1 -1 10 10 100 100 1.5517 1.7658 4.5578 35.4409 3.0271 8.4898 -12.4647 0.5829
13 3 Car -1 -1 -1 10 10 100 100 1.4887 1.6817 4.3785 -8.3848 4.3000 28.3045 -9.3500 2.1099
13 1 Car -1 -1 -1 10 10 100 100 1.5437 1.8374 4.6333 9.4277 3.7736 27.3278 -9.3460 1.7522
13 7 Car -1 -1 -1 10 10 100 100 1.3538 1.6093 4.0858 24.7092 3.0408 22.3348 -9.3717 1.9400
13 2 Car -1 -1 -1 10 10 100 100 1.6542 1.7408 4.1471 21.2256 3.3886 26.6740 -9.3620 1.8787
13 11 Car -1 -1 -1 10 10 100 100 1.5432 1.7510 4.4053 37.4470 3.1174 25.4948 -9.3530 1.1407
13 9 Car -1 -1 -1 10 10 100 100 1.6582 1.6755 4.2902 49.8727 2.6600 24.2024 -9.3418 0.9498
14 4 Car -1 -1 -1 10 10 100 100 1.4448 1.6343 4.3791 -33.6867 4.7811 26.3696 -9.5368 0.3043
14 0 Car -1 -1 -1 10 10 100 100 1.5532 1.8272 4.8025 -28.7169 4.7855 29.5418 -9.3756 1.5726
14 10 Car -1 -1 -1 10 10 100 100 1.8893 1.9126 4.1546 -17.2182 4.9112 50.0937 -10.8503 0.3002
14 5 Car -1 -1 -1 10 10 100 100 1.7145 1.8284 4.1833 -12.9091 4.2846 25.3316 -9.3613 2.0770
14 6 Car -1 -1 -1 10 10 100 100 1.5629 1.7229 4.7233 36.5600 3.0127 8.4367 -12.4497 0.8676
14 3 Car -1 -1 -1 10 10 100 100 1.5303 1.7262 4.4697 -9.2780 4.2998 28.4124 -9.3865 1.7362
14 1 Car -1 -1 -1 10 10 100 100 1.5462 1.8351 4.6074 8.9837 3.7780 27.3585 -9.3492 1.9455
14 7 Car -1 -1 -1 10 10 100 100 1.4314 1.6618 4.1766 24.1729 3.1346 22.3907 -9.3608 2.0456
14 2 Car -1 -1 -1 10 10 100 100 1.6666 1.7630 4.2419 20.7974 3.4263 26.7247 -9.3562 1.9813
14 11 Car -1 -1 -1 10 10 100 100 1.5592 1.7391 4.4640 37.2368 3.0720 25.4796 -9.3326 1.2317
14 9 Car -1 -1 -1 10 10 100 100 1.6575 1.7365 4.3370 49.7014 2.6574 24.2269 -9.3256 0.3587
15 0 Car -1 -1 -1 10 10 100 100 1.5910 1.9059 5.0245 -29.7629 4.8619 29.5014 -9.3895 1.3010
15 5 Car -1 -1 -1 10 10 100 100 1.7402 1.8100 4.2022 -13.7245 4.3230 25.3754 -9.3540 2.3378
15 6 Car -1 -1 -1 10 10 100 100 1.5369 1.7250 4.4482 37.3992 3.0019 8.4100 -12.4814 0.8874
15 3 Car -1 -1 -1 10 10 100 100 1.4754 1.6903 4.3707 -10.2903 4.3092 28.4557 -9.3620 1.7883
15 1 Car -1 -1 -1 10 10 100 100 1.5746 1.8521 4.6633 8.5740 3.8038 27.4378 -9.3517 1.5585
15 7 Car -1 -1 -1 10 10 100 100 1.3944 1.6456 3.9420 23.4280 3.1048 22.4292 -9.3657 1.7246
15 2 Car -1 -1 -1 10 10 100 100 1.6743 1.7476 4.1935 20.3969 3.4236 26.7494 -9.3459 1.8992
15 11 Car -1 -1 -1 10 10 100 100 1.5625 1.7161 4.4495 36.9296 3.1367 25.4727 -9.3328 1.0658
15 9 Car -1 -1 -1 10 10 100 100 1.6758 1.7506 4.3514 49.5929 2.6613 24.2248 -9.3151 0.6168
16 4 Car -1 -1 -1 10 10 100 100 1.8311 1.7638 4.5602 -37.1152 4.9148 26.4755 -9.4291 0.3217
16 0 Car -1 -1 -1 10 10 100 100 1.5979 1.8668 4.9771 -30.9018 4.9283 29.6644 -9.3625 1.3626
16 5 Car -1 -1 -1 10 10 100 100 1.6957 1.8569 4.2154 -14.7548 4.3663 25.4939 -9.3329 2.4673
16 6 Car -1 -1 -1 10 10 100 100 1.5692 1.7394 4.6206 38.1950 2.9701 8.3400 -12.4980 1.0111
16 3 Car -1 -1 -1 10 10 100 100 1.5128 1.7060 4.4179 -11.1436 4.3698 28.4801 -9.3600 1.9594
16 1 Car -1 -1 -1 10 10 100 100 1.5519 1.8761 4.5903 8.0832 3.8190 27.4259 -9.3487 1.8175
16 7 Car -1 -1 -1 10 10 100 100 1.5060 1.6890 4.2998 22.8254 3.2764 22.4776 -9.3469 1.8079
16 2 Car -1 -1 -1 10 10 100 100 1.6871 1.7403 4.1745 20.0154 3.4407 26.7517 -9.3508 2.3330
16 11 Car -1 -1 -1 10 10 100 100 1.5300 1.7404 4.3592 36.6461 3.1250 25.5041 -9.3352 1.9801
16 9 Car -1 -1 -1 10 10 100 100 1.6736 1.7243 4.2799 49.3643 2.6984 24.2571 -9.3276 0.6020
17 0 Car -1 -1 -1 10 10 100 100 1.5740 1.8185 5.1888 -31.7954 4.9107 29.6639 -9.4029 1.3783
17 5 Car -1 -1 -1 10 10 100 100 1.7296 1.8178 4.1612 -15.6446 4.3957 25.5054 -9.3574 1.7773
17 6 Car -1 -1 -1 10 10 100 100 1.5687 1.7547 4.6763 39.1167 2.9875 8.3509 -12.4892 0.5435
17 3 Car -1 -1 -1 10 10 100 100 1.5388 1.7185 4.3919 -12.0236 4.4087 28.5482 -9.3526 1.7678
17 1 Car -1 -1 -1 10 10 100 100 1.5432 1.9198 4.4528 7.6236 3.8085 27.5027 -9.3380 2.2633
17 7 Car -1 -1 -1 10 10 100 100 1.4712 1.6931 4.1033 22.1488 3.1556 22.5534 -9.3656 1.9115
17 2 Car -1 -1 -1 10 10 100 100 1.6872 1.7694 4.2120 19.6273 3.4535 26.8198 -9.3571 2.1899
17 11 Car -1 -1 -1 10 10 100 100 1.5353 1.6565 4.3530 36.2707 3.1282 25.4697 -9.3249 1.4031
17 9 Car -1 -1 -1 10 10 100 100 1.6107 1.7092 4.3159 49.1745 2.6950 24.2592 -9.3324 0.4630
18 0 Car -1 -1 -1 10 10 100 100 1.6345 1.7855 4.9197 -32.7344 4.9505 29.7327 -9.3925 0.8419
18 10 Car -1 -1 -1 10 10 100 100 2.0459 1.9891 4.4720 -17.1661 4.9531 50.1659 -10.7699 0.3352
18 5 Car -1 -1 -1 10 10 100 100 1.7491 1.8383 4.2989 -16.4432 4.4316 25.5965 -9.3278 1.7726
18 6 Car -1 -1 -1 10 10 100 100 1.5813 1.7336 4.5699 40.0843 2.9402 8.2478 -12.4981 0.7143
18 3 Car -1 -1 -1 10 10 100 100 1.5134 1.6153 4.3135 -12.9966 4.4274 28.5688 -9.3739 1.7276
18 1 Car -1 -1 -1 10 10 100 100 1.5344 1.9252 4.4899 7.2570 3.8328 27.5265 -9.3471 2.1938
18 7 Car -1 -1 -1 10 10 100 100 1.4363 1.6547 4.1950 21.5840 3.2907 22.5547 -9.3282 2.4002
18 2 Car -1 -1 -1 10 10 100 100 1.6764 1.7023 4.2004 19.2003 3.4479 26.8257 -9.3534 2.0464
18 11 Car -1 -1 -1 10 10 100 100 1.5300 1.6276 4.3242 35.9507 3.1444 25.4956 -9.3077 1.5129
18 9 Car -1 -1 -1 10 10 100 100 1.6919 1.7803 4.4069 48.8548 2.7140 24.3337 -9.3416 0.7647
19 0 Car -1 -1 -1 10 10 100 100 1.6125 1.8531 5.1766 -33.9089 5.0030 29.7727 -9.3936 1.1969
19 5 Car -1 -1 -1 10 10 100 100 1.7075 1.8230 4.2751 -17.4541 4.4664 25.7394 -9.3289 1.9459
19 6 Car -1 -1 -1 10 10 100 100 1.5651 1.7338 4.7351 40.8458 2.9254 8.1727 -12.4824 0.7915
19 3 Car -1 -1 -1 10 10 100 100 1.5326 1.6526 4.4120 -14.0210 4.4448 28.6503 -9.3597 1.9943
19 1 Car -1 -1 -1 10 10 100 100 1.5156 1.9522 4.5899 6.5873 3.8479 27.5993 -9.3633 1.7737
19 7 Car -1 -1 -1 10 10 100 100 1.5396 1.7677 4.1921 20.9132 3.2895 22.6210 -9.3606 2.1525
19 2 Car -1 -1 -1 10 10 100 100 1.6803 1.7300 4.1259 18.8320 3.4984 26.8411 -9.3473 2.1453
19 11 Car -1 -1 -1 10 10 100 100 1.5252 1.6832 4.3869 35.6572 3.1436 25.5723 -9.3138 1.6385
19 9 Car -1 -1 -1 10 10 100 100 1.6575 1.8103 4.3232 48.6936 2.6878 24.3698 -9.3446 0.3949
20 0 Car -1 -1 -1 10 10 100 100 1.5923 1.8049 4.8462 -34.8080 5.0687 29.7760 -9.3540 0.7085
20 5 Car -1 -1 -1 10 10 100 100 1.6946 1.7588 4.2659 -18.4710 4.4927 25.7657 -9.3346 1.7808
20 6 Car -1 -1 -1 10 10 100 100 1.5796 1.7830 4.6550 41.7505 2.9135 8.1617 -12.4899 0.7330
20 3 Car -1 -1 -1 10 10 100 100 1.4870 1.5790 4.1670 -14.9228 4.4415 28.6598 -9.3697 2.3190
20 1 Car -1 -1 -1 10 10 100 100 1.5149 2.0124 4.6746 6.1073 3.8555 27.6414 -9.3645 1.8147
20 7 Car -1 -1 -1 10 10 100 100 1.2923 1.5918 4.0593 20.1699 3.1445 22.5908 -9.3563 1.9805
20 2 Car -1 -1 -1 10 10 100 100 1.7072 1.7131 4.3175 18.3994 3.5140 26.8422 -9.3651 1.9365
20 11 Car -1 -1 -1 10 10 100 100 1.5275 1.7327 4.4154 35.3367 3.1438 25.5895 -9.3390 1.9529
21 0 Car -1 -1 -1 10 10 100 100 1.5838 1.7817 4.5131 -35.5016 5.0491 29.8006 -9.4145 0.6197
21 10 Car -1 -1 -1 10 10 100 100 2.0510 1.9831 4.4820 -17.1228 4.8887 50.1362 -10.7514 0.3958
21 5 Car -1 -1 -1 10 10 100 100 1.7091 1.8728 4.2272 -19.3047 4.5131 25.8619 -9.3300 2.0227
21 6 Car -1 -1 -1 10 10 100 100 1.5826 1.7270 4.3541 42.4010 2.9034 8.0782 -12.4686 1.0122
21 3 Car -1 -1 -1 10 10 100 100 1.4875 1.6707 4.2175 -15.9574 4.4590 28.7002 -9.3655 1.9394
21 1 Car -1 -1 -1 10 10 100 100 1.5114 1.9542 4.5130 5.5419 3.8722 27.6393 -9.3709 1.5174
21 7 Car -1 -1 -1 10 10 100 100 1.4058 1.6805 4.0047 19.5574 3.1937 22.7245 -9.3558 1.9222
21 2 Car -1 -1 -1 10 10 100 100 1.6872 1.7151 4.1267 17.9937 3.5120 26.8728 -9.3571 2.0870
21 11 Car -1 -1 -1 10 10 100 100 1.5508 1.6723 4.4162 34.9671 3.1499 25.5902 -9.3599 1.5525
22 0 Car -1 -1 -1 10 10 100 100 1.7692 1.8043 5.0612 -37.4008 5.1534 29.9097 -9.3918 0.5481
22 5 Car -1 -1 -1 10 10 100 100 1.7135 1.8189 4.4103 -20.0911 4.5476 25.8913 -9.3506 1.5450
22 6 Car -1 -1 -1 10 10 100 100 1.5820 1.7193 4.4941 43.5233 2.8899 8.0600 -12.4889 0.4324
22 3 Car -1 -1 -1 10 10 100 100 1.5070 1.5437 4.2984 -16.8794 4.5448 28.7045 -9.3696 2.0193
22 1 Car -1 -1 -1 10 10 100 100 1.5317 1.8854 4.6320 5.0238 3.9169 27.6756 -9.3539 1.6989
22 7 Car -1 -1 -1 10 10 100 100 1.3389 1.6172 3.9715 18.8405 3.1656 22.7242 -9.3553 2.1559
22 2 Car -1 -1 -1 10 10 100 100 1.6651 1.6848 4.0438 17.6312 3.5275 26.8683 -9.3441 2.0477
22 11 Car -1 -1 -1 10 10 100 100 1.5196 1.6986 4.4503 34.6577 3.1266 25.6470 -9.3489 1.8448
23 0 Car -1 -1 -1 10 10 100 100 1.7289 1.7688 4.8600 -38.9365 5.1532 29.9868 -9.4017 0.5974
23 5 Car -1 -1 -1 10 10 100 100 1.7141 1.8296 4.3170 -21.2821 4.5679 25.9671 -9.3248 1.7257
23 6 Car -1 -1 -1 10 10 100 100 1.5774 1.7288 4.5917 44.2195 2.8859 7.9764 -12.4777 0.7828
23 3 Car -1 -1 -1 10 10 100 100 1.5062 1.6460 4.3173 -17.9637 4.5659 28.8165 -9.3781 2.0028
23 1 Car -1 -1 -1 10 10 100 100 1.5413 1.8526 4.5815 4.4313 3.9512 27.7020 -9.3713 1.4126
23 7 Car -1 -1 -1 10 10 100 100 1.4002 1.6847 4.0300 18.2400 3.1894 22.8221 -9.3647 1.9731
23 2 Car -1 -1 -1 10 10 100 100 1.6673 1.7064 4.1471 17.2301 3.5419 26.9206 -9.3582 2.1020
23 11 Car -1 -1 -1 10 10 100 100 1.5238 1.7140 4.4976 34.2353 3.1716 25.6554 -9.3562 1.4765
23 9 Car -1 -1 -1 10 10 100 100 1.6921 1.7209 4.3794 47.8034 2.7490 24.3892 -9.3809 0.5194
24 5 Car -1 -1 -1 10 10 100 100 1.6931 1.7750 4.1885 -22.2448 4.5720 26.0214 -9.3176 1.6030
24 6 Car -1 -1 -1 10 10 100 100 1.5827 1.7599 4.4267 45.1535 2.8632 7.9486 -12.4924 0.6742
24 3 Car -1 -1 -1 10 10 100 100 1.5239 1.7076 4.2556 -19.0404 4.6097 28.8496 -9.3852 1.3144
24 1 Car -1 -1 -1 10 10 100 100 1.5339 1.8130 4.4301 3.7950 3.9594 27.7032 -9.3603 1.8075
24 7 Car -1 -1 -1 10 10 100 100 1.3381 1.6827 4.1507 17.5671 3.2412 22.8857 -9.3431 2.1694
24 2 Car -1 -1 -1 10 10 100 100 1.6668 1.6520 4.0967 16.7696 3.5579 26.9178 -9.3452 1.7951
24 11 Car -1 -1 -1 10 10 100 100 1.5266 1.6718 4.3025 33.7442 3.1843 25.7112 -9.3888 1.6770
24 9 Car -1 -1 -1 10 10 100 100 1.6746 1.7821 4.4171 47.5485 2.7467 24.4231 -9.3229 0.4241
25 5 Car -1 -1 -1 10 10 100 100 1.7413 1.8188 4.3034 -23.2156 4.6146 26.1058 -9.3415 1.7750
25 6 Car -1 -1 -1 10 10 100 100 1.5790 1.7354 4.3946 45.9196 2.8268 7.8680 -12.4937 0.3932
25 3 Car -1 -1 -1 10 10 100 100 1.5057 1.7045 4.4718 -19.9957 4.6502 28.9354 -9.3588 1.5071
25 1 Car -1 -1 -1 10 10 100 100 1.5296 1.7962 4.4985 3.2650 3.9419 27.7221 -9.3680 1.6426
25 7 Car -1 -1 -1 10 10 100 100 1.3288 1.6591 3.8822 16.8835 3.1699 22.9148 -9.3619 1.8681
25 2 Car -1 -1 -1 10 10 100 100 1.6516 1.6589 4.0839 16.3926 3.5578 26.9797 -9.3518 1.7592
25 11 Car -1 -1 -1 10 10 100 100 1.5520 1.6872 4.3061 33.3892 3.2125 25.6927 -9.3686 1.7784
25 9 Car -1 -1 -1 10 10 100 100 1.7421 1.7668 4.4440 47.2956 2.7270 24.4653 -9.3229 0.3102
26 5 Car -1 -1 -1 10 10 100 100 1.7282 1.8504 4.3179 -24.1840 4.6132 26.2216 -9.3422 1.7122
26 6 Car -1 -1 -1 10 10 100 100 1.5899 1.7702 4.7063 46.8714 2.8160 7.8332 -12.4815 0.6575
26 3 Car -1 -1 -1 10 10 100 100 1.5051 1.7065 4.3904 -20.8808 4.6630 28.9703 -9.3575 1.6288
26 1 Car -1 -1 -1 10 10 100 100 1.5495 1.7754 4.6159 2.6522 3.9674 27.7564 -9.3508 1.5716
26 7 Car -1 -1 -1 10 10 100 100 1.3223 1.6918 4.1357 16.2284 3.2692 22.9883 -9.3617 2.1572
26 2 Car -1 -1 -1 10 10 100 100 1.6351 1.6958 4.1174 15.9974 3.5854 26.9956 -9.3757 1.4246
26 11 Car -1 -1 -1 10 10 100 100 1.5051 1.5833 4.4274 33.0320 3.1967 25.6278 -9.3770 1.1322
26 9 Car -1 -1 -1 10 10 100 100 1.6726 1.7505 4.5341 47.1006 2.7161 24.4620 -9.3453 0.5065
27 5 Car -1 -1 -1 10 10 100 100 1.7183 1.8155 4.2764 -25.1677 4.6423 26.2591 -9.3555 1.6398
27 3 Car -1 -1 -1 10 10 100 100 1.5061 1.6393 4.5090 -21.9163 4.7009 28.9970 -9.3619 1.3076
27 1 Car -1 -1 -1 10 10 100 100 1.5477 1.7930 4.4102 1.9017 3.9919 27.8462 -9.3691 1.1097
27 7 Car -1 -1 -1 10 10 100 100 1.4427 1.7194 3.9940 15.4943 3.3435 23.0845 -9.3459 2.2060
27 2 Car -1 -1 -1 10 10 100 100 1.6391 1.6962 3.9156 15.5252 3.6273 26.9931 -9.3719 1.3792
27 11 Car -1 -1 -1 10 10 100 100 1.5234 1.7207 4.3956 32.5070 3.1981 25.8243 -9.3549 1.4207
27 9 Car -1 -1 -1 10 10 100 100 1.6565 1.7441 4.4427 46.7118 2.7435 24.4776 -9.3691 0.3740
28 5 Car -1 -1 -1 10 10 100 100 1.7228 1.7682 4.4043 -26.1107 4.6440 26.2530 -9.3706 1.6300
28 6 Car -1 -1 -1 10 10 100 100 1.5913 1.7568 4.4018 48.6490 2.7618 7.7790 -12.5158 0.5686
28 3 Car -1 -1 -1 10 10 100 100 1.5211 1.7406 4.3922 -23.0363 4.7167 29.0927 -9.3816 1.4440
28 1 Car -1 -1 -1 10 10 100 100 1.5436 1.7689 4.3891 1.3386 4.0087 27.8598 -9.3716 1.5338
28 7 Car -1 -1 -1 10 10 100 100 1.4514 1.7656 4.0910 14.8640 3.3739 23.1881 -9.3502 2.1103
28 2 Car -1 -1 -1 10 10 100 100 1.6477 1.7120 4.2367 15.2298 3.6248 27.0823 -9.3841 1.7926
28 11 Car -1 -1 -1 10 10 100 100 1.4941 1.6510 4.4028 32.1069 3.1780 25.8020 -9.3585 1.6574
29 5 Car -1 -1 -1 10 10 100 100 1.7518 1.7311 4.5485 -27.2676 4.6978 26.3714 -9.3579 1.5949
29 3 Car -1 -1 -1 10 10 100 100 1.5607 1.7745 4.6148 -24.0433 4.7533 29.1194 -9.3930 0.9545
29 1 Car -1 -1 -1 10 10 100 100 1.5503 1.7160 4.3198 0.6003 4.0165 27.8844 -9.3570 1.4946
29 7 Car -1 -1 -1 10 10 100 100 1.4826 1.7920 4.1972 14.1149 3.3955 23.2366 -9.3408 1.9406
29 2 Car -1 -1 -1 10 10 100 100 1.6411 1.7174 4.1122 14.8358 3.6462 27.0451 -9.3516 0.9089
29 11 Car -1 -1 -1 10 10 100 100 1.4951 1.7253 4.2811 31.5408 3.2163 25.8117 -9.3737 1.5397
29 9 Car -1 -1 -1 10 10 100 100 1.7101 1.7287 4.4394 46.0443 2.7465 24.5426 -9.3536 0.4246
30 5 Car -1 -1 -1 10 10 100 100 1.7166 1.7487 4.5959 -28.2950 4.7058 26.3639 -9.3573 1.1207
30 3 Car -1 -1 -1 10 10 100 100 1.5636 1.7625 4.6224 -25.1069 4.7692 29.1613 -9.3604 0.6818
30 1 Car -1 -1 -1 10 10 100 100 1.5408 1.7635 4.6180 -0.0432 4.0336 27.9574 -9.3481 1.5136
30 7 Car -1 -1 -1 10 10 100 100 1.3442 1.7456 4.1543 13.4727 3.3377 23.2675 -9.3288 1.8532
30 2 Car -1 -1 -1 10 10 100 100 1.6171 1.6516 3.7026 14.2941 3.6820 27.0714 -9.3923 0.6332
30 11 Car -1 -1 -1 10 10 100 100 1.5119 1.6173 4.3657 31.1196 3.2355 25.8081 -9.3658 1.3567
30 9 Car -1 -1 -1 10 10 100 100 1.6722 1.7901 4.4277 45.5576 2.8044 24.6072 -9.3050 0.5888
31 5 Car -1 -1 -1 10 10 100 100 1.7844 1.7291 4.6668 -29.3916 4.7082 26.4695 -9.3496 1.2949
31 3 Car -1 -1 -1 10 10 100 100 1.5390 1.7146 4.4869 -26.2107 4.7792 29.2289 -9.3763 0.8177
31 1 Car -1 -1 -1 10 10 100 100 1.5566 1.6950 4.4166 -0.6346 4.0440 27.9436 -9.3538 1.1952
31 7 Car -1 -1 -1 10 10 100 100 1.4205 1.6973 4.3024 12.6942 3.4102 23.2619 -9.3366 1.7129
31 2 Car -1 -1 -1 10 10 100 100 1.6197 1.6820 3.8402 13.9325 3.6836 27.1267 -9.3410 0.5704
31 11 Car -1 -1 -1 10 10 100 100 1.4677 1.5643 4.4140 30.4602 3.2599 25.8053 -9.3398 1.2922
31 9 Car -1 -1 -1 10 10 100 100 1.6845 1.7934 4.6562 45.4224 2.7912 24.5953 -9.3230 0.6149
32 5 Car -1 -1 -1 10 10 100 100 1.8051 1.8212 4.7493 -30.4283 4.7255 26.5759 -9.3339 1.1429
32 3 Car -1 -1 -1 10 10 100 100 1.5462 1.7652 4.6553 -27.0715 4.7941 29.2486 -9.3409 1.0793
32 1 Car -1 -1 -1 10 10 100 100 1.5398 1.7446 4.4698 -1.2780 4.0550 27.9960 -9.3494 1.4802
32 7 Car -1 -1 -1 10 10 100 100 1.4216 1.7457 4.2508 11.9715 3.4539 23.3920 -9.3255 1.6708
32 2 Car -1 -1 -1 10 10 100 100 1.6695 1.6803 4.1863 13.5138 3.6423 27.1716 -9.3290 0.9977
32 11 Car -1 -1 -1 10 10 100 100 1.5194 1.6990 4.3987 30.1220 3.2772 25.8689 -9.3739 1.0482
32 9 Car -1 -1 -1 10 10 100 100 1.7288 1.8056 4.6589 45.0033 2.7715 24.6356 -9.3253 0.7528
33 5 Car -1 -1 -1 10 10 100 100 1.7153 1.7119 4.5996 -31.2513 4.7025 26.6401 -9.3296 1.3669
33 3 Car -1 -1 -1 10 10 100 100 1.5234 1.7834 4.6812 -28.1883 4.7685 29.3389 -9.3785 0.9550
33 1 Car -1 -1 -1 10 10 100 100 1.5321 1.7867 4.4511 -2.0139 4.0695 28.1276 -9.3622 1.4952
33 7 Car -1 -1 -1 10 10 100 100 1.4265 1.7058 4.3411 11.3457 3.4995 23.3754 -9.3365 1.9454
33 2 Car -1 -1 -1 10 10 100 100 1.6370 1.6909 4.0563 13.0824 3.6467 27.2193 -9.3485 0.8866
33 11 Car -1 -1 -1 10 10 100 100 1.5188 1.6779 4.3868 29.4624 3.2610 25.9605 -9.3561 1.8391
33 9 Car -1 -1 -1 10 10 100 100 1.7148 1.7833 4.6043 44.6405 2.8127 24.6547 -9.3435 0.7982
34 3 Car -1 -1 -1 10 10 100 100 1.4731 1.6546 4.5203 -29.2712 4.7970 29.3549 -9.3698 0.9550
34 1 Car -1 -1 -1 10 10 100 100 1.5416 1.7819 4.4421 -2.7168 4.0978 28.2144 -9.3567 1.4379
34 7 Car -1 -1 -1 10 10 100 100 1.3885 1.7177 4.2329 10.5458 3.4772 23.4930 -9.3045 1.8241
34 2 Car -1 -1 -1 10 10 100 100 1.6095 1.6773 4.2704 12.7687 3.6522 27.2408 -9.3130 1.5932
34 11 Car -1 -1 -1 10 10 100 100 1.5288 1.6859 4.3874 28.9220 3.3182 25.9790 -9.3716 2.2133
34 9 Car -1 -1 -1 10 10 100 100 1.6885 1.8035 4.4816 44.1611 2.7987 24.7196 -9.3393 0.6111
35 5 Car -1 -1 -1 10 10 100 100 1.9399 1.7781 5.1692 -33.6818 4.8766 26.7967 -9.4021 0.8969
35 3 Car -1 -1 -1 10 10 100 100 1.4594 1.7133 4.6478 -30.4048 4.8570 29.4149 -9.3830 0.9700
35 1 Car -1 -1 -1 10 10 100 100 1.5252 1.7244 4.4107 -3.1980 4.1062 28.1696 -9.3536 1.5941
35 7 Car -1 -1 -1 10 10 100 100 1.3666 1.6743 4.3864 9.7530 3.4879 23.5208 -9.3199 1.8594
35 2 Car -1 -1 -1 10 10 100 100 1.5819 1.7136 4.4484 12.2753 3.6422 27.3082 -9.3167 1.2625
35 11 Car -1 -1 -1 10 10 100 100 1.5119 1.7000 4.4660 28.4131 3.3129 26.0491 -9.3642 1.8729
35 9 Car -1 -1 -1 10 10 100 100 1.6895 1.7602 4.4129 43.7545 2.8691 24.7373 -9.3523 0.7621
36 3 Car -1 -1 -1 10 10 100 100 1.5245 1.7690 4.7723 -31.4138 4.8802 29.4844 -9.3723 1.5522
36 1 Car -1 -1 -1 10 10 100 100 1.5248 1.7452 4.3781 -4.0287 4.1292 28.2395 -9.3643 1.1934
36 7 Car -1 -1 -1 10 10 100 100 1.3933 1.7266 4.3780 8.9608 3.5164 23.6140 -9.3328 1.5599
36 2 Car -1 -1 -1 10 10 100 100 1.6711 1.7317 4.5077 11.7941 3.6602 27.3534 -9.3214 1.5074
36 11 Car -1 -1 -1 10 10 100 100 1.5437 1.7196 4.2649 27.7387 3.3386 26.0583 -9.3762 1.8321
36 9 Car -1 -1 -1 10 10 100 100 1.7221 1.8604 4.5285 43.3840 2.9721 24.8358 -9.3606 1.1617
37 3 Car -1 -1 -1 10 10 100 100 1.4514 1.6954 4.5773 -32.4149 4.8716 29.4867 -9.3720 1.1001
37 1 Car -1 -1 -1 10 10 100 100 1.5212 1.7316 4.5861 -4.8944 4.1522 28.2843 -9.3591 1.3399
37 7 Car -1 -1 -1 10 10 100 100 1.2434 1.6170 4.4917 8.1398 3.4248 23.6517 -9.3221 1.5955
37 2 Car -1 -1 -1 10 10 100 100 1.6541 1.6901 4.2725 11.1952 3.6925 27.3622 -9.3222 1.2233
37 11 Car -1 -1 -1 10 10 100 100 1.5557 1.7834 4.4151 27.3992 3.3630 26.1181 -9.3726 1.4695
37 9 Car -1 -1 -1 10 10 100 100 1.7202 1.7089 4.5042 42.8909 2.8276 24.8119 -9.3546 0.8603
38 3 Car -1 -1 -1 10 10 100 100 1.4654 1.8007 4.7178 -33.5508 4.9260 29.6511 -9.3781 1.2710
38 1 Car -1 -1 -1 10 10 100 100 1.5396 1.7659 4.3514 -5.8024 4.1853 28.3316 -9.3589 1.2540
38 7 Car -1 -1 -1 10 10 100 100 1.4937 1.7424 4.5113 7.4094 3.6607 23.7563 -9.3485 1.8496
38 2 Car -1 -1 -1 10 10 100 100 1.6753 1.6577 4.3154 10.8941 3.6968 27.3228 -9.3307 1.5861
38 11 Car -1 -1 -1 10 10 100 100 1.5519 1.7538 4.3519 26.8052 3.3871 26.1418 -9.3656 1.5438
38 9 Car -1 -1 -1 10 10 100 100 1.7156 1.7743 4.4888 42.4534 2.8444 24.8657 -9.3596 0.3792
39 3 Car -1 -1 -1 10 10 100 100 1.5065 1.8738 4.7693 -34.6010 5.0412 29.7294 -9.3259 0.5030
39 1 Car -1 -1 -1 10 10 100 100 1.5358 1.7304 4.3418 -6.4173 4.1863 28.3045 -9.3953 1.4143
39 7 Car -1 -1 -1 10 10 100 100 1.5119 1.7895 4.5212 6.6989 3.6583 23.8082 -9.3287 1.6425
39 2 Car -1 -1 -1 10 10 100 100 1.6514 1.7543 4.2578 10.3743 3.6852 27.3832 -9.3487 1.6157
39 11 Car -1 -1 -1 10 10 100 100 1.5478 1.7407 4.4100 26.3529 3.3873 26.1437 -9.3645 2.0291
39 9 Car -1 -1 -1 10 10 100 100 1.7070 1.7833 4.4732 41.8086 2.9163 24.9109 -9.3224 0.8089
40 3 Car -1 -1 -1 10 10 100 100 1.5404 1.7999 4.5896 -35.5309 5.0296 29.7920 -9.3453 0.7932
40 1 Car -1 -1 -1 10 10 100 100 1.5420 1.7549 4.4210 -7.0483 4.2342 28.3654 -9.3789 1.2876
40 7 Car -1 -1 -1 10 10 100 100 1.4745 1.7990 4.3866 5.9600 3.6565 23.8700 -9.3434 1.7144
40 2 Car -1 -1 -1 10 10 100 100 1.6551 1.7245 4.1721 10.0736 3.6838 27.4331 -9.3562 1.7359
40 11 Car -1 -1 -1 10 10 100 100 1.5524 1.7214 4.3989 25.6388 3.3972 26.1713 -9.3791 1.8923
40 9 Car -1 -1 -1 10 10 100 100 1.7204 1.8287 4.5755 41.4571 2.9406 24.9325 -9.3506 0.6038
41 3 Car -1 -1 -1 10 10 100 100 1.5383 1.9090 4.8047 -37.0194 5.2204 29.8871 -9.3936 0.5859
41 1 Car -1 -1 -1 10 10 100 100 1.5328 1.7003 4.4676 -7.8252 4.2318 28.4429 -9.3551 1.5913
41 7 Car -1 -1 -1 10 10 100 100 1.5084 1.8258 4.4548 5.1390 3.6851 23.9373 -9.3399 1.4969
41 2 Car -1 -1 -1 10 10 100 100 1.6613 1.6841 4.2656 9.3814 3.7254 27.4150 -9.3624 1.9925
41 11 Car -1 -1 -1 10 10 100 100 1.5433 1.7419 4.4188 25.1503 3.3892 26.1973 -9.3543 1.7363
41 9 Car -1 -1 -1 10 10 100 100 1.6827 1.8563 4.4757 41.0194 2.9755 25.0407 -9.3443 0.6477
42 1 Car -1 -1 -1 10 10 100 100 1.5232 1.7454 4.4741 -8.5818 4.2563 28.4833 -9.3543 1.5166
42 7 Car -1 -1 -1 10 10 100 100 1.4701 1.8009 4.5039 4.3596 3.7155 24.0379 -9.3611 1.5920
42 2 Car -1 -1 -1 10 10 100 100 1.6833 1.8191 4.2873 8.8294 3.7559 27.4956 -9.3557 2.1109
42 11 Car -1 -1 -1 10 10 100 100 1.5401 1.7401 4.4576 24.6247 3.4518 26.2521 -9.3702 1.9460
42 9 Car -1 -1 -1 10 10 100 100 1.6718 1.7896 4.3789 40.5098 2.9480 25.0327 -9.3616 0.4783
43 1 Car -1 -1 -1 10 10 100 100 1.5367 1.7095 4.4422 -9.2833 4.2700 28.5033 -9.3585 1.6486
43 7 Car -1 -1 -1 10 10 100 100 1.3992 1.7676 4.2323 3.5193 3.7102 24.0743 -9.3613 1.0887
43 2 Car -1 -1 -1 10 10 100 100 1.6779 1.6937 4.5335 8.2377 3.7630 27.4565 -9.3679 2.0126
43 11 Car -1 -1 -1 10 10 100 100 1.5578 1.7423 4.3969 24.0667 3.4716 26.2811 -9.3501 1.9402
43 9 Car -1 -1 -1 10 10 100 100 1.6859 1.8699 4.4755 40.0124 3.0088 25.0921 -9.3828 1.0938
44 12 Car -1 -1 -1 10 10 100 100 1.6575 1.8039 4.5076 53.3719 2.5874 23.6791 -9.3573 0.3469
44 1 Car -1 -1 -1 10 10 100 100 1.5607 1.7305 4.3410 -10.0111 4.2864 28.5460 -9.3495 1.4869
44 7 Car -1 -1 -1 10 10 100 100 1.4853 1.7795 4.4717 2.7688 3.8761 24.1335 -9.3694 1.4402
44 2 Car -1 -1 -1 10 10 100 100 1.7051 1.7309 4.4617 7.7110 3.7625 27.5459 -9.3456 2.5039
44 11 Car -1 -1 -1 10 10 100 100 1.5477 1.7541 4.4587 23.4772 3.4620 26.3504 -9.3635 2.0364
44 9 Car -1 -1 -1 10 10 100 100 1.7789 1.8614 4.5787 39.5682 3.0106 25.1325 -9.3757 1.3810
45 1 Car -1 -1 -1 10 10 100 100 1.5496 1.8091 4.5511 -10.7620 4.3516 28.6047 -9.3586 1.4438
45 7 Car -1 -1 -1 10 10 100 100 1.5083 1.7146 4.4778 2.1176 3.9122 24.1866 -9.3619 1.3554
45 2 Car -1 -1 -1 10 10 100 100 1.7361 1.7804 4.4592 7.2301 3.7887 27.5698 -9.3684 2.3477
45 11 Car -1 -1 -1 10 10 100 100 1.4767 1.7685 4.3409 22.8752 3.4070 26.3715 -9.3605 1.6362
45 9 Car -1 -1 -1 10 10 100 100 1.7311 1.8625 4.6076 38.9576 3.0406 25.1221 -9.3579 1.3665
46 1 Car -1 -1 -1 10 10 100 100 1.5627 1.8132 4.4399 -11.4193 4.3613 28.6766 -9.3427 1.7285
46 7 Car -1 -1 -1 10 10 100 100 1.5159 1.7140 4.2478 0.9228 3.9001 24.2779 -9.3232 1.6090
46 2 Car -1 -1 -1 10 10 100 100 1.6756 1.8076 4.4290 6.6484 3.8002 27.6295 -9.3590 2.1848
46 11 Car -1 -1 -1 10 10 100 100 1.5197 1.7262 4.4065 22.2757 3.4592 26.4062 -9.3450 1.7876
46 9 Car -1 -1 -1 10 10 100 100 1.7557 1.8391 4.5654 38.4135 3.0253 25.1380 -9.3485 1.4105
47 1 Car -1 -1 -1 10 10 100 100 1.5697 1.8525 4.5152 -12.2221 4.4139 28.7699 -9.3677 1.9162
47 7 Car -1 -1 -1 10 10 100 100 1.5248 1.7604 3.9890 0.1577 3.9142 24.3661 -9.3249 1.6793
47 2 Car -1 -1 -1 10 10 100 100 1.6482 1.7655 4.3422 6.0506 3.8258 27.6370 -9.3634 2.1499
47 11 Car -1 -1 -1 10 10 100 100 1.5408 1.7371 4.4907 21.6006 3.4655 26.4240 -9.3619 2.1669
47 9 Car -1 -1 -1 10 10 100 100 1.7474 1.8724 4.5453 37.8131 3.0388 25.2470 -9.3600 0.6739
48 1 Car -1 -1 -1 10 10 100 100 1.5441 1.7749 4.4532 -12.9053 4.4081 28.7561 -9.3713 1.8238
48 7 Car -1 -1 -1 10 10 100 100 1.4920 1.7766 4.0030 -0.6061 3.8787 24.4335 -9.3584 1.9997
48 2 Car -1 -1 -1 10 10 100 100 1.7290 1.8718 4.4281 5.4889 3.8412 27.7249 -9.3724 2.1153
48 11 Car -1 -1 -1 10 10 100 100 1.4920 1.7342 4.4631 21.1437 3.4542 26.4479 -9.3632 1.7371
48 9 Car -1 -1 -1 10 10 100 100 1.7487 1.8986 4.3554 37.1625 3.0641 25.2566 -9.3402 1.3014
49 12 Car -1 -1 -1 10 10 100 100 1.6480 1.7227 4.0439 51.8153 2.6441 23.7433 -9.3742 0.3857
49 1 Car -1 -1 -1 10 10 100 100 1.5757 1.6678 4.2550 -13.5300 4.4302 28.7170 -9.3563 1.9868
49 7 Car -1 -1 -1 10 10 100 100 1.5263 1.7264 3.9686 -1.5396 3.9070 24.4680 -9.3638 1.3526
49 2 Car -1 -1 -1 10 10 100 100 1.7184 1.7923 4.4979 4.9460 3.8511 27.7451 -9.3613 2.1847
49 11 Car -1 -1 -1 10 10 100 100 1.4483 1.6564 4.3000 20.5444 3.4500 26.4363 -9.3702 2.2584
49 9 Car -1 -1 -1 10 10 100 100 1.7466 1.9326 4.4800 36.7392 3.0709 25.3171 -9.3394 1.3571
50 1 Car -1 -1 -1 10 10 100 100 1.5903 1.6744 4.3107 -14.3075 4.4397 28.7600 -9.3373 2.0231
50 7 Car -1 -1 -1 10 10 100 100 1.4873 1.7169 4.0202 -2.4899 3.9150 24.5329 -9.3433 1.6974
50 2 Car -1 -1 -1 10 10 100 100 1.7344 1.7501 4.3752 4.2762 3.8760 27.7746 -9.3746 2.2919
50 11 Car -1 -1 -1 10 10 100 100 1.5720 1.7268 4.4165 19.9727 3.5152 26.5455 -9.3795 2.1900
50 9 Car -1 -1 -1 10 10 100 100 1.7227 1.9056 4.4557 36.1104 3.1252 25.3391 -9.3545 1.5077
51 1 Car -1 -1 -1 10 10 100 100 1.5830 1.7427 4.4214 -15.0951 4.4428 28.8256 -9.3576 1.8416
51 7 Car -1 -1 -1 10 10 100 100 1.4085 1.7015 4.2209 -3.1867 3.8920 24.5847 -9.3412 1.6404
51 2 Car -1 -1 -1 10 10 100 100 1.6383 1.8311 4.4771 3.7667 3.9096 27.8620 -9.3705 2.2046
51 11 Car -1 -1 -1 10 10 100 100 1.4798 1.7206 4.3289 19.3741 3.4899 26.5298 -9.3687 2.3814
51 9 Car -1 -1 -1 10 10 100 100 1.7225 1.9161 4.3248 35.4761 3.1094 25.3642 -9.3456 1.8332
52 12 Car -1 -1 -1 10 10 100 100 1.6357 1.8162 4.2053 50.6687 2.7114 23.8842 -9.3360 0.8395
52 1 Car -1 -1 -1 10 10 100 100 1.5189 1.7237 4.3422 -15.8681 4.5038 28.8946 -9.3466 2.0264
52 7 Car -1 -1 -1 10 10 100 100 1.4390 1.6974 4.0321 -4.0221 3.9724 24.6614 -9.3542 2.4800
52 2 Car -1 -1 -1 10 10 100 100 1.7353 1.8514 4.6152 3.1580 3.9139 27.9029 -9.3626 1.9689
52 11 Car -1 -1 -1 10 10 100 100 1.5137 1.6992 4.3548 18.8091 3.5325 26.5738 -9.3970 2.0613
52 9 Car -1 -1 -1 10 10 100 100 1.6938 1.8994 4.4248 34.9934 3.1141 25.3998 -9.3690 1.5314
53 12 Car -1 -1 -1 10 10 100 100 1.6319 1.7856 4.4049 50.2842 2.7023 23.8788 -9.3241 0.4194
53 1 Car -1 -1 -1 10 10 100 100 1.5400 1.6896 4.3354 -16.5493 4.5220 28.8950 -9.3763 1.8290
53 7 Car -1 -1 -1 10 10 100 100 1.4303 1.6964 4.1011 -4.9241 3.9787 24.7325 -9.3474 2.0197
53 2 Car -1 -1 -1 10 10 100 100 1.6920 1.8751 4.5667 2.5896 3.9312 27.9405 -9.3788 1.9450
53 11 Car -1 -1 -1 10 10 100 100 1.5113 1.7215 4.3649 18.1855 3.5764 26.5982 -9.3790 2.1453
53 9 Car -1 -1 -1 10 10 100 100 1.6978 1.8490 4.5338 34.3760 3.1112 25.4371 -9.3522 1.6820
54 12 Car -1 -1 -1 10 10 100 100 1.6895 1.7624 4.2743 49.8401 2.6870 23.9283 -9.3224 0.3075
54 1 Car -1 -1 -1 10 10 100 100 1.5588 1.7219 4.3044 -17.2468 4.5556 28.9573 -9.3667 1.6383
54 7 Car -1 -1 -1 10 10 100 100 1.4504 1.7180 4.1025 -5.7130 4.0188 24.8280 -9.3408 2.2752
54 2 Car -1 -1 -1 10 10 100 100 1.7007 1.8058 4.2905 1.6862 3.9557 28.0052 -9.3854 1.1851
54 11 Car -1 -1 -1 10 10 100 100 1.5295 1.6888 4.3400 17.6068 3.5901 26.6053 -9.3924 2.1640
54 9 Car -1 -1 -1 10 10 100 100 1.7779 1.9562 4.4945 33.7498 3.1599 25.5118 -9.3701 2.1879
55 1 Car -1 -1 -1 10 10 100 100 1.5513 1.7193 4.4921 -18.1559 4.5835 28.9764 -9.3632 1.7711
55 7 Car -1 -1 -1 10 10 100 100 1.4664 1.7927 4.0527 -6.5353 4.0570 24.9143 -9.3686 1.6916
55 2 Car -1 -1 -1 10 10 100 100 1.6732 1.7681 4.1687 0.8626 3.9531 28.0382 -9.3787 1.4759
55 11 Car -1 -1 -1 10 10 100 100 1.5630 1.7017 4.3380 16.9346 3.6486 26.6620 -9.3457 2.2605
55 9 Car -1 -1 -1 10 10 100 100 1.6728 1.8540 4.4064 33.1301 3.1284 25.5041 -9.3474 2.3215
56 12 Car -1 -1 -1 10 10 100 100 1.6949 1.6439 4.1441 48.9227 2.6957 23.9291 -9.2921 0.8867
56 1 Car -1 -1 -1 10 10 100 100 1.5427 1.7454 4.4312 -18.9000 4.5962 28.9848 -9.3862 1.6632
56 7 Car -1 -1 -1 10 10 100 100 1.4518 1.6950 4.0248 -7.4595 4.0306 24.9476 -9.3737 1.5598
56 2 Car -1 -1 -1 10 10 100 100 1.7117 1.8484 4.3248 0.3832 3.9839 28.1056 -9.3656 1.6496
56 11 Car -1 -1 -1 10 10 100 100 1.5223 1.7454 4.4269 16.2873 3.6473 26.7149 -9.3645 2.2386
56 9 Car -1 -1 -1 10 10 100 100 1.7523 1.9005 4.4282 32.4908 3.1677 25.5845 -9.3565 1.8440
57 1 Car -1 -1 -1 10 10 100 100 1.5087 1.6623 4.3972 -19.6561 4.6022 29.0371 -9.3826 1.8017
57 7 Car -1 -1 -1 10 10 100 100 1.4609 1.6467 4.0493 -8.2134 4.0904 24.9681 -9.3534 1.8933
57 2 Car -1 -1 -1 10 10 100 100 1.6878 1.7526 4.1389 -0.2436 3.9724 28.1163 -9.3753 1.4901
57 11 Car -1 -1 -1 10 10 100 100 1.4895 1.6758 4.3702 15.6386 3.6150 26.6846 -9.3558 2.1335
57 9 Car -1 -1 -1 10 10 100 100 1.7628 1.8282 4.5154 31.9285 3.1764 25.6134 -9.3549 1.8563
58 1 Car -1 -1 -1 10 10 100 100 1.5672 1.7995 4.3529 -20.4083 4.6168 29.1198 -9.3783 2.1342
58 7 Car -1 -1 -1 10 10 100 100 1.4450 1.6586 4.1678 -9.1167 4.1520 25.0640 -9.3485 1.9949
58 2 Car -1 -1 -1 10 10 100 100 1.6690 1.7914 4.1766 -0.8538 4.0058 28.1626 -9.3446 1.7900
58 11 Car -1 -1 -1 10 10 100 100 1.4483 1.6382 4.3303 14.9577 3.5904 26.7401 -9.3723 1.6389
58 9 Car -1 -1 -1 10 10 100 100 1.7372 1.8621 4.3817 31.2165 3.1566 25.6457 -9.3460 1.6245
59 1 Car -1 -1 -1 10 10 100 100 1.5525 1.7381 4.4259 -21.2731 4.6367 29.1038 -9.3735 1.6918
59 7 Car -1 -1 -1 10 10 100 100 1.4873 1.6795 3.9352 -9.9168 4.1969 25.0749 -9.3633 2.0765
59 2 Car -1 -1 -1 10 10 100 100 1.6914 1.7481 4.1495 -1.5442 3.9876 28.1916 -9.3553 1.7527
59 11 Car -1 -1 -1 10 10 100 100 1.4791 1.7121 4.4207 14.3443 3.6358 26.7654 -9.3675 2.1548
59 9 Car -1 -1 -1 10 10 100 100 1.7415 1.7952 4.4652 30.5363 3.2038 25.6674 -9.3477 1.9124
60 1 Car -1 -1 -1 10 10 100 100 1.5365 1.6865 4.4481 -22.0326 4.6484 29.1438 -9.3680 1.4707
60 7 Car -1 -1 -1 10 10 100 100 1.5115 1.7273 4.0241 -10.8664 4.1870 25.1793 -9.3381 1.6825
60 2 Car -1 -1 -1 10 10 100 100 1.6791 1.7439 4.1562 -2.2935 4.0151 28.2710 -9.3706 1.1828
60 11 Car -1 -1 -1 10 10 100 100 1.4650 1.8819 4.6828 13.6503 3.6613 26.8861 -9.3670 2.2387
60 9 Car -1 -1 -1 10 10 100 100 1.7176 1.7766 4.3774 29.8709 3.2265 25.7421 -9.3555 1.9133
61 1 Car -1 -1 -1 10 10 100 100 1.5407 1.7067 4.3487 -22.9290 4.6994 29.2046 -9.3750 2.0590
61 7 Car -1 -1 -1 10 10 100 100 1.5320 1.7418 3.9495 -11.7795 4.2450 25.3104 -9.3567 1.9043
61 2 Car -1 -1 -1 10 10 100 100 1.6868 1.7123 4.1175 -2.9308 4.0544 28.2983 -9.3614 1.6661
61 11 Car -1 -1 -1 10 10 100 100 1.5093 1.7039 4.4748 12.9921 3.6852 26.8332 -9.3766 2.0134
61 9 Car -1 -1 -1 10 10 100 100 1.7569 1.8191 4.3269 29.1967 3.2619 25.8233 -9.3538 1.7704
62 1 Car -1 -1 -1 10 10 100 100 1.5504 1.7339 4.5150 -23.7085 4.7304 29.2111 -9.3927 1.1402
62 7 Car -1 -1 -1 10 10 100 100 1.5496 1.7306 3.8624 -12.6945 4.2741 25.3860 -9.3531 1.7269
62 2 Car -1 -1 -1 10 10 100 100 1.6926 1.7377 4.3892 -3.5863 4.0820 28.3668 -9.3571 1.6123
62 11 Car -1 -1 -1 10 10 100 100 1.5220 1.6561 4.5878 12.2907 3.7044 26.8650 -9.3444 2.0210
62 9 Car -1 -1 -1 10 10 100 100 1.7906 1.8448 4.4559 28.5783 3.2923 25.8224 -9.3667 2.0603
63 1 Car -1 -1 -1 10 10 100 100 1.5941 1.7100 4.4561 -24.5369 4.7400 29.2229 -9.3545 1.3374
63 7 Car -1 -1 -1 10 10 100 100 1.5054 1.6756 4.1299 -13.5800 4.2692 25.4213 -9.3529 1.8821
63 2 Car -1 -1 -1 10 10 100 100 1.6357 1.7631 4.1180 -4.1154 4.0780 28.4203 -9.3830 1.6958
63 11 Car -1 -1 -1 10 10 100 100 1.5341 1.7452 4.6621 11.5108 3.7158 26.9218 -9.3686 2.2409
63 9 Car -1 -1 -1 10 10 100 100 1.7223 1.7315 4.6077 27.9851 3.2687 25.8400 -9.3679 1.7922
64 1 Car -1 -1 -1 10 10 100 100 1.5260 1.6433 4.4420 -25.3980 4.7315 29.2538 -9.3835 1.4216
64 7 Car -1 -1 -1 10 10 100 100 1.5368 1.6796 3.8844 -14.3793 4.3310 25.4749 -9.3527 2.2450
64 2 Car -1 -1 -1 10 10 100 100 1.6821 1.7243 4.2545 -4.8479 4.0741 28.4428 -9.3538 1.9141
64 11 Car -1 -1 -1 10 10 100 100 1.5317 1.7304 4.6652 10.6350 3.7531 26.9800 -9.3844 1.9790
64 9 Car -1 -1 -1 10 10 100 100 1.7441 1.7326 4.3563 27.2965 3.2912 25.8576 -9.3743 1.3616
65 1 Car -1 -1 -1 10 10 100 100 1.5260 1.6540 4.3799 -26.2600 4.7669 29.2999 -9.3881 1.3182
65 7 Car -1 -1 -1 10 10 100 100 1.5786 1.7644 3.8776 -15.3278 4.3416 25.5622 -9.3637 1.8174
65 2 Car -1 -1 -1 10 10 100 100 1.6849 1.7252 4.1513 -5.4770 4.1030 28.4742 -9.3700 1.8373
65 11 Car -1 -1 -1 10 10 100 100 1.5119 1.7476 4.6967 10.1179 3.7748 27.0162 -9.3776 1.9087
65 9 Car -1 -1 -1 10 10 100 100 1.7451 1.7281 4.3933 26.6711 3.3138 25.9188 -9.3614 1.5919
66 1 Car -1 -1 -1 10 10 100 100 1.5553 1.6650 4.4566 -27.1380 4.7964 29.3078 -9.3801 1.2007
66 7 Car -1 -1 -1 10 10 100 100 1.4810 1.6658 4.0810 -16.2798 4.3713 25.6221 -9.3642 2.0036
66 2 Car -1 -1 -1 10 10 100 100 1.6714 1.7980 4.2356 -6.1066 4.1298 28.5453 -9.3671 2.1178
66 11 Car -1 -1 -1 10 10 100 100 1.5178 1.7792 4.6691 9.3230 3.7820 27.0526 -9.3819 1.8626
66 9 Car -1 -1 -1 10 10 100 100 1.7507 1.7342 4.4287 26.0293 3.3339 25.9770 -9.3530 1.8094
67 1 Car -1 -1 -1 10 10 100 100 1.5657 1.8617 4.5694 -27.8964 4.7937 29.4260 -9.3920 1.2785
67 7 Car -1 -1 -1 10 10 100 100 1.5521 1.6725 3.7940 -17.1295 4.4370 25.6591 -9.3514 1.9714
67 2 Car -1 -1 -1 10 10 100 100 1.6427 1.6949 4.1288 -6.7668 4.1542 28.5677 -9.3797 1.9829
67 11 Car -1 -1 -1 10 10 100 100 1.5105 1.7961 4.7869 8.6395 3.8071 27.1271 -9.3784 1.9513
67 9 Car -1 -1 -1 10 10 100 100 1.7100 1.7757 4.3671 25.3043 3.3421 26.0374 -9.3678 1.9261
68 1 Car -1 -1 -1 10 10 100 100 1.5753 1.8001 4.4793 -28.7374 4.8149 29.4171 -9.3922 1.4987
68 7 Car -1 -1 -1 10 10 100 100 1.5556 1.7290 4.1976 -18.2075 4.4350 25.7334 -9.3691 1.5156
68 2 Car -1 -1 -1 10 10 100 100 1.6718 1.6574 4.0884 -7.4370 4.1691 28.5894 -9.3501 1.6478
68 11 Car -1 -1 -1 10 10 100 100 1.5220 1.8008 4.6704 7.9125 3.8235 27.1360 -9.3603 1.8915
68 9 Car -1 -1 -1 10 10 100 100 1.7927 1.7608 4.3939 24.6437 3.3903 26.0619 -9.3852 1.9426
69 1 Car -1 -1 -1 10 10 100 100 1.5237 1.6155 4.4228 -29.7734 4.7945 29.3351 -9.3890 1.4892
69 7 Car -1 -1 -1 10 10 100 100 1.5799 1.6630 3.8098 -18.9244 4.4483 25.7682 -9.3563 1.7365
69 2 Car -1 -1 -1 10 10 100 100 1.6977 1.6383 4.0381 -8.0279 4.2055 28.5901 -9.3841 1.8439
69 11 Car -1 -1 -1 10 10 100 100 1.5023 1.8602 4.5966 7.2441 3.8231 27.1998 -9.3671 1.9004
69 9 Car -1 -1 -1 10 10 100 100 1.7293 1.7750 4.3445 24.0099 3.3759 26.1043 -9.3525 2.0001
70 14 Car -1 -1 -1 10 10 100 100 2.6368 2.3057 6.1871 36.6355 2.6760 21.5308 -9.3473 0.6337
70 1 Car -1 -1 -1 10 10 100 100 1.4982 1.7585 4.7304 -30.6703 4.8433 29.4269 -9.3779 1.3639
70 7 Car -1 -1 -1 10 10 100 100 1.5494 1.7379 4.0046 -19.9875 4.4903 25.9110 -9.3626 1.9074
70 2 Car -1 -1 -1 10 10 100 100 1.7084 1.6639 4.2231 -8.7707 4.2400 28.6684 -9.3597 1.8701
70 11 Car -1 -1 -1 10 10 100 100 1.5073 1.8603 4.5616 6.3785 3.8605 27.2605 -9.3769 1.4067
70 9 Car -1 -1 -1 10 10 100 100 1.6800 1.7660 4.3573 23.2815 3.3791 26.1569 -9.3664 2.2326
71 1 Car -1 -1 -1 10 10 100 100 1.5774 1.7632 4.6770 -31.4533 4.9014 29.4567 -9.3796 1.4162
71 7 Car -1 -1 -1 10 10 100 100 1.5772 1.6674 3.9162 -20.8699 4.4708 25.9452 -9.3260 2.1643
71 2 Car -1 -1 -1 10 10 100 100 1.6571 1.6627 4.1389 -9.4221 4.2426 28.7140 -9.3502 1.8892
71 11 Car -1 -1 -1 10 10 100 100 1.5161 1.8282 4.6098 5.5902 3.9196 27.3255 -9.3797 1.8601
71 9 Car -1 -1 -1 10 10 100 100 1.7300 1.7462 4.5029 22.7361 3.3891 26.1716 -9.3409 1.8031
72 1 Car -1 -1 -1 10 10 100 100 1.5307 1.7409 4.6941 -32.3841 4.9471 29.4976 -9.3895 1.1608
72 7 Car -1 -1 -1 10 10 100 100 1.5492 1.6517 4.2660 -21.8844 4.5576 25.9632 -9.3646 1.6672
72 2 Car -1 -1 -1 10 10 100 100 1.6388 1.7198 4.1219 -10.0021 4.2619 28.7970 -9.3431 1.6966
72 11 Car -1 -1 -1 10 10 100 100 1.5276 1.8349 4.5597 4.7474 3.9427 27.3563 -9.3840 1.6860
72 9 Car -1 -1 -1 10 10 100 100 1.6959 1.7600 4.3942 21.8995 3.3789 26.2489 -9.3365 2.0792
73 1 Car -1 -1 -1 10 10 100 100 1.5301 1.7729 4.7546 -33.3502 4.9689 29.5610 -9.4180 0.9384
73 7 Car -1 -1 -1 10 10 100 100 1.5329 1.6553 4.1886 -22.6896 4.5775 26.0088 -9.3581 1.6226
73 2 Car -1 -1 -1 10 10 100 100 1.6830 1.8030 4.2802 -10.8178 4.2993 28.8989 -9.3644 2.2406
73 11 Car -1 -1 -1 10 10 100 100 1.5174 1.8127 4.5631 3.9393 3.9404 27.3798 -9.3579 1.8558
73 9 Car -1 -1 -1 10 10 100 100 1.7534 1.7249 4.5539 21.3378 3.3803 26.2548 -9.3391 1.9534
74 1 Car -1 -1 -1 10 10 100 100 1.5743 1.7604 4.7356 -34.2232 5.0081 29.5609 -9.4106 0.6591
74 7 Car -1 -1 -1 10 10 100 100 1.5842 1.7230 3.9719 -23.6459 4.5682 26.0863 -9.3515 1.5730
74 2 Car -1 -1 -1 10 10 100 100 1.6959 1.7470 4.1385 -11.4467 4.3232 28.8862 -9.3510 2.2670
74 11 Car -1 -1 -1 10 10 100 100 1.5089 1.7326 4.6457 3.1911 3.9743 27.3556 -9.3684 1.8128
74 9 Car -1 -1 -1 10 10 100 100 1.7281 1.7674 4.5021 20.6086 3.4533 26.3484 -9.3683 2.5267
75 1 Car -1 -1 -1 10 10 100 100 1.6177 1.7075 4.7581 -35.1494 5.0159 29.5825 -9.3936 1.2424
75 7 Car -1 -1 -1 10 10 100 100 1.6285 1.7621 3.9477 -24.6473 4.5981 26.2100 -9.3865 1.6705
75 2 Car -1 -1 -1 10 10 100 100 1.7101 1.7949 4.0545 -12.0980 4.3827 28.9525 -9.3629 2.2138
75 11 Car -1 -1 -1 10 10 100 100 1.5408 1.8203 4.6540 2.5670 4.0012 27.4749 -9.3690 1.6399
75 9 Car -1 -1 -1 10 10 100 100 1.7521 1.7647 4.4853 19.9259 3.4380 26.4325 -9.3723 1.7950
76 1 Car -1 -1 -1 10 10 100 100 1.6060 1.6842 4.4519 -35.6700 4.9976 29.5788 -9.4229 0.9566
76 7 Car -1 -1 -1 10 10 100 100 1.5133 1.6120 4.1481 -25.6741 4.6044 26.1732 -9.3677 1.6332
76 2 Car -1 -1 -1 10 10 100 100 1.7267 1.6894 4.0846 -12.8479 4.3928 28.9680 -9.3642 2.2702
76 11 Car -1 -1 -1 10 10 100 100 1.5275 1.7896 4.3098 1.6741 4.0330 27.5216 -9.3566 1.2573
76 9 Car -1 -1 -1 10 10 100 100 1.7302 1.7580 4.5517 19.2745 3.4553 26.4267 -9.3737 2.5701
77 1 Car -1 -1 -1 10 10 100 100 1.5964 1.7318 4.7040 -37.0316 5.0820 29.6330 -9.4142 0.5266
77 7 Car -1 -1 -1 10 10 100 100 1.5369 1.6587 4.2399 -26.4535 4.6412 26.2860 -9.3651 1.2569
77 2 Car -1 -1 -1 10 10 100 100 1.6700 1.6579 4.0006 -13.5084 4.3778 28.9692 -9.3620 2.1388
77 11 Car -1 -1 -1 10 10 100 100 1.5085 1.7530 4.4242 0.6465 4.0207 27.5848 -9.3686 1.7127
77 9 Car -1 -1 -1 10 10 100 100 1.7938 1.7738 4.5782 18.5304 3.4817 26.5254 -9.3606 1.8697
78 1 Car -1 -1 -1 10 10 100 100 1.6306 1.6985 4.5343 -38.4499 5.1740 29.6951 -9.4030 0.5059
78 7 Car -1 -1 -1 10 10 100 100 1.5569 1.7104 4.2780 -27.6075 4.6601 26.3242 -9.3758 1.4348
78 2 Car -1 -1 -1 10 10 100 100 1.7779 1.6190 4.0442 -14.2485 4.4472 29.0269 -9.3475 1.8469
78 11 Car -1 -1 -1 10 10 100 100 1.5104 1.8349 4.6105 -0.1165 4.0627 27.6954 -9.4068 1.4632
78 9 Car -1 -1 -1 10 10 100 100 1.7885 1.7735 4.5451 17.8197 3.5516 26.5506 -9.3699 2.3783
79 1 Car -1 -1 -1 10 10 100 100 1.5723 1.7077 4.4554 -39.4070 5.1980 29.6835 -9.4330 0.4689
79 7 Car -1 -1 -1 10 10 100 100 1.5471 1.6971 4.4695 -28.5836 4.6988 26.3928 -9.3830 1.2152
79 2 Car -1 -1 -1 10 10 100 100 1.7142 1.7091 4.1264 -14.8747 4.4174 29.0896 -9.3516 1.5668
79 11 Car -1 -1 -1 10 10 100 100 1.5035 1.7401 4.4514 -0.8354 4.0825 27.6284 -9.4012 1.6781
79 9 Car -1 -1 -1 10 10 100 100 1.7503 1.7355 4.4432 17.1547 3.5302 26.5748 -9.3563 2.2576
80 1 Car -1 -1 -1 10 10 100 100 1.5985 1.7560 4.5267 -40.6987 5.2522 29.7471 -9.4057 0.4192
80 7 Car -1 -1 -1 10 10 100 100 1.5392 1.6741 4.5139 -29.5730 4.7081 26.4454 -9.4002 1.0980
80 2 Car -1 -1 -1 10 10 100 100 1.7102 1.6712 3.8872 -15.7120 4.4690 29.1197 -9.3478 2.0303
80 11 Car -1 -1 -1 10 10 100 100 1.5296 1.7886 4.4157 -1.7103 4.0813 27.6666 -9.4028 1.3664
80 9 Car -1 -1 -1 10 10 100 100 1.8055 1.7893 4.6829 16.4229 3.5800 26.6476 -9.3450 2.5857
81 1 Car -1 -1 -1 10 10 100 100 1.5823 1.6798 4.5164 -41.6418 5.2462 29.7078 -9.4069 0.4575
81 7 Car -1 -1 -1 10 10 100 100 1.5177 1.7016 4.5519 -30.5944 4.7400 26.4930 -9.3742 0.9346
81 2 Car -1 -1 -1 10 10 100 100 1.7151 1.7755 4.0752 -16.3877 4.5102 29.1878 -9.3618 1.9559
81 11 Car -1 -1 -1 10 10 100 100 1.4583 1.6978 4.2944 -2.6571 4.0407 27.6499 -9.3900 1.9556
81 9 Car -1 -1 -1 10 10 100 100 1.7183 1.7664 4.4442 15.6416 3.6180 26.7159 -9.3364 2.3217
82 1 Car -1 -1 -1 10 10 100 100 1.5368 1.6683 4.3910 -42.4268 5.2425 29.7192 -9.3938 0.4167
82 7 Car -1 -1 -1 10 10 100 100 1.5188 1.6666 4.5568 -31.4331 4.7368 26.5257 -9.3585 0.6740
82 2 Car -1 -1 -1 10 10 100 100 1.6988 1.7920 4.1949 -17.2415 4.5265 29.2554 -9.3701 1.8911
82 11 Car -1 -1 -1 10 10 100 100 1.4634 1.7199 4.4156 -3.4498 4.0690 27.6790 -9.4143 1.8738
82 9 Car -1 -1 -1 10 10 100 100 1.7590 1.8040 4.5509 15.0330 3.6388 26.7784 -9.3500 2.2171
82 15 Car -1 -1 -1 10 10 100 100 1.6633 1.7455 3.8814 32.6542 3.1189 25.1036 -9.3969 0.5448
83 1 Car -1 -1 -1 10 10 100 100 1.5489 1.6508 4.3746 -43.5159 5.2197 29.7225 -9.4023 0.5704
83 7 Car -1 -1 -1 10 10 100 100 1.5001 1.6487 4.5653 -32.4736 4.7510 26.5625 -9.3845 1.0945
83 2 Car -1 -1 -1 10 10 100 100 1.7474 1.8111 4.2958 -18.0458 4.5585 29.3377 -9.3656 1.8527
83 11 Car -1 -1 -1 10 10 100 100 1.4766 1.6178 4.3517 -4.3309 4.0726 27.6372 -9.4041 1.7411
83 9 Car -1 -1 -1 10 10 100 100 1.7780 1.7922 4.5651 14.2300 3.6504 26.7902 -9.3497 2.4503
83 15 Car -1 -1 -1 10 10 100 100 1.6097 1.6852 3.8723 31.9294 3.1230 25.2016 -9.3420 0.5119
84 7 Car -1 -1 -1 10 10 100 100 1.5410 1.6483 4.5863 -33.4389 4.8310 26.6253 -9.3959 0.7618
84 2 Car -1 -1 -1 10 10 100 100 1.7276 1.7908 4.0375 -18.7586 4.5679 29.3872 -9.3478 2.3645
84 11 Car -1 -1 -1 10 10 100 100 1.4812 1.6545 4.3998 -5.2195 4.1101 27.6429 -9.4140 1.9773
84 9 Car -1 -1 -1 10 10 100 100 1.7211 1.8236 4.5268 13.4553 3.6771 26.8801 -9.3405 2.3943
84 15 Car -1 -1 -1 10 10 100 100 1.7235 1.7905 4.0265 31.2295 3.1421 25.2798 -9.3792 0.9071
85 7 Car -1 -1 -1 10 10 100 100 1.6438 1.7109 4.6565 -34.6748 4.9619 26.6385 -9.3942 0.6137
85 2 Car -1 -1 -1 10 10 100 100 1.7355 1.8303 4.0328 -19.4442 4.5801 29.4428 -9.3380 2.0248
85 11 Car -1 -1 -1 10 10 100 100 1.4789 1.7305 4.4672 -6.1943 4.1779 27.7191 -9.3975 1.8970
85 9 Car -1 -1 -1 10 10 100 100 1.6779 1.6820 4.4947 12.6529 3.6860 26.8573 -9.3288 2.0891
85 15 Car -1 -1 -1 10 10 100 100 1.6962 1.7544 4.1825 30.4024 3.1439 25.3212 -9.3366 1.0212
86 7 Car -1 -1 -1 10 10 100 100 1.6664 1.7373 4.4677 -36.2206 4.9724 26.7525 -9.4312 0.7626
86 2 Car -1 -1 -1 10 10 100 100 1.7342 1.7563 3.9849 -20.2154 4.5952 29.4684 -9.3533 1.8631
86 11 Car -1 -1 -1 10 10 100 100 1.5066 1.8155 4.3601 -7.0027 4.2258 27.7434 -9.4347 1.4865
86 9 Car -1 -1 -1 10 10 100 100 1.7731 1.7802 4.8818 11.9160 3.7011 26.9445 -9.3591 2.0983
86 15 Car -1 -1 -1 10 10 100 100 1.7919 1.7354 4.2746 29.5322 3.1909 25.3766 -9.3502 1.2867
87 7 Car -1 -1 -1 10 10 100 100 1.7495 1.7828 4.1591 -37.3017 4.9316 26.8430 -9.4290 0.5186
87 2 Car -1 -1 -1 10 10 100 100 1.7629 1.7601 3.9823 -20.9828 4.6530 29.5036 -9.3637 2.2835
87 11 Car -1 -1 -1 10 10 100 100 1.4574 1.6107 4.2404 -7.8564 4.2136 27.6497 -9.4122 1.9120
87 9 Car -1 -1 -1 10 10 100 100 1.7433 1.7964 4.9701 10.9059 3.7478 27.0662 -9.3747 2.2582
87 15 Car -1 -1 -1 10 10 100 100 1.6955 1.7760 4.1925 28.8148 3.2071 25.4103 -9.3396 2.0996
88 7 Car -1 -1 -1 10 10 100 100 1.7534 1.7400 4.2529 -38.3161 5.0042 26.7895 -9.3932 0.6997
88 2 Car -1 -1 -1 10 10 100 100 1.7086 1.8163 4.2027 -21.7750 4.6428 29.5623 -9.3369 1.6541
88 11 Car -1 -1 -1 10 10 100 100 1.4694 1.7000 4.4959 -8.8261 4.2394 27.7068 -9.4304 1.7176
88 9 Car -1 -1 -1 10 10 100 100 1.7376 1.7738 4.9663 10.1940 3.7654 27.0908 -9.3591 2.1667
88 15 Car -1 -1 -1 10 10 100 100 1.7464 1.7428 4.3055 27.9416 3.2633 25.5161 -9.3415 1.9706
89 7 Car -1 -1 -1 10 10 100 100 1.5847 1.6683 4.1862 -39.3771 5.0505 26.8317 -9.3921 0.4830
89 2 Car -1 -1 -1 10 10 100 100 1.6916 1.7907 4.0339 -22.5645 4.6585 29.5661 -9.3740 1.7381
89 11 Car -1 -1 -1 10 10 100 100 1.5039 1.6300 4.2378 -9.5707 4.2497 27.6654 -9.4164 1.8013
89 9 Car -1 -1 -1 10 10 100 100 1.7798 1.8022 4.9961 9.4386 3.7917 27.1336 -9.3603 1.8409
89 15 Car -1 -1 -1 10 10 100 100 1.7499 1.7291 4.1271 27.0908 3.2627 25.5579 -9.3542 1.8146
90 7 Car -1 -1 -1 10 10 100 100 1.7220 1.7635 4.3004 -40.3812 5.0839 26.9068 -9.3832 0.4989
90 2 Car -1 -1 -1 10 10 100 100 1.7196 1.7744 4.0251 -23.4406 4.6760 29.6449 -9.3485 2.2816
90 11 Car -1 -1 -1 10 10 100 100 1.4458 1.6480 4.3932 -10.5851 4.2501 27.6603 -9.4651 2.0013
90 9 Car -1 -1 -1 10 10 100 100 1.8376 1.7774 4.9839 8.5574 3.8173 27.1973 -9.3482 2.1310
90 15 Car -1 -1 -1 10 10 100 100 1.6944 1.6999 4.2333 26.5278 3.2507 25.6307 -9.3616 1.3888
91 7 Car -1 -1 -1 10 10 100 100 1.5667 1.6395 4.1828 -41.5388 5.1324 26.8796 -9.3913 0.3384
91 2 Car -1 -1 -1 10 10 100 100 1.7111 1.7771 4.1906 -24.2444 4.6904 29.6661 -9.3629 1.6668
91 11 Car -1 -1 -1 10 10 100 100 1.5439 1.7883 4.3198 -11.4822 4.3504 27.6945 -9.4676 1.7813
91 9 Car -1 -1 -1 10 10 100 100 1.7556 1.7989 4.9232 7.7967 3.7905 27.2639 -9.3344 2.2110
91 15 Car -1 -1 -1 10 10 100 100 1.6776 1.7191 4.3281 25.7644 3.2827 25.6820 -9.3476 1.2907
92 2 Car -1 -1 -1 10 10 100 100 1.7417 1.7147 4.1710 -24.9416 4.7366 29.6966 -9.3622 1.5763
92 11 Car -1 -1 -1 10 10 100 100 1.4938 1.7320 4.3537 -12.5431 4.4109 27.6022 -9.4536 1.9581
92 9 Car -1 -1 -1 10 10 100 100 1.7532 1.8702 4.9794 6.9528 3.8192 27.4049 -9.3473 2.1134
92 15 Car -1 -1 -1 10 10 100 100 1.6452 1.7500 4.2823 25.0248 3.3196 25.7796 -9.3552 1.5522
93 7 Car -1 -1 -1 10 10 100 100 1.5172 1.6492 4.1080 -43.4533 5.1992 26.9532 -9.4196 0.4293
93 2 Car -1 -1 -1 10 10 100 100 1.7268 1.7044 4.1771 -25.9310 4.7736 29.7853 -9.3687 1.9335
93 11 Car -1 -1 -1 10 10 100 100 1.5432 1.6933 4.1860 -13.2497 4.4470 27.5698 -9.4636 1.5322
93 9 Car -1 -1 -1 10 10 100 100 1.8205 1.8123 5.0669 6.1708 3.8740 27.4043 -9.3424 2.0257
93 15 Car -1 -1 -1 10 10 100 100 1.6828 1.6862 4.2846 24.3557 3.3040 25.7700 -9.3755 1.8873
94 2 Car -1 -1 -1 10 10 100 100 1.7638 1.8067 4.3117 -26.6789 4.7859 29.8063 -9.3740 1.7403
94 11 Car -1 -1 -1 10 10 100 100 1.5071 1.7206 4.3402 -14.4067 4.4502 27.5709 -9.4746 1.8497
94 9 Car -1 -1 -1 10 10 100 100 1.6824 1.8311 5.0446 5.2714 3.8852 27.4643 -9.3576 2.1408
94 15 Car -1 -1 -1 10 10 100 100 1.6797 1.7469 4.2639 23.6075 3.3154 25.8535 -9.3594 1.7914
95 2 Car -1 -1 -1 10 10 100 100 1.7778 1.8610 4.2028 -27.5529 4.7780 29.8426 -9.3689 1.6662
95 11 Car -1 -1 -1 10 10 100 100 1.5425 1.8496 4.3321 -15.4207 4.5075 27.5954 -9.4484 2.1256
95 9 Car -1 -1 -1 10 10 100 100 1.7775 1.8261 4.8981 4.4300 3.8904 27.5374 -9.3488 2.1891
95 15 Car -1 -1 -1 10 10 100 100 1.6682 1.6916 4.3422 22.9706 3.3461 25.8484 -9.3289 1.7998
96 7 Car -1 -1 -1 10 10 100 100 1.6369 1.6704 4.1936 -46.9118 5.3255 26.9849 -9.4123 0.3972
96 2 Car -1 -1 -1 10 10 100 100 1.7053 1.8210 4.3817 -28.4126 4.8074 29.9302 -9.3603 1.6861
96 11 Car -1 -1 -1 10 10 100 100 1.5133 1.7849 4.3419 -16.3606 4.5077 27.5123 -9.4519 2.1529
96 9 Car -1 -1 -1 10 10 100 100 1.7158 1.8063 4.8806 3.6296 3.9286 27.5900 -9.3602 2.1446
96 15 Car -1 -1 -1 10 10 100 100 1.6627 1.6969 4.1357 22.0087 3.3319 25.9368 -9.3337 2.0441
97 2 Car -1 -1 -1 10 10 100 100 1.6908 1.7859 4.5925 -29.2420 4.8303 29.9719 -9.3525 1.6873
97 11 Car -1 -1 -1 10 10 100 100 1.5048 1.7035 4.3805 -17.3115 4.5205 27.3981 -9.4703 1.9555
97 9 Car -1 -1 -1 10 10 100 100 1.6969 1.9271 4.8491 2.7421 3.9610 27.7166 -9.3733 1.6903
97 15 Car -1 -1 -1 10 10 100 100 1.6564 1.7313 4.3225 21.4452 3.3790 25.9972 -9.3288 1.8586
98 7 Car -1 -1 -1 10 10 100 100 1.6556 1.6867 4.1240 -49.0309 5.4094 27.0425 -9.4223 0.3365
98 2 Car -1 -1 -1 10 10 100 100 1.6451 1.7719 4.4943 -30.1689 4.8640 29.9903 -9.3512 1.9689
98 11 Car -1 -1 -1 10 10 100 100 1.5486 1.7132 4.4136 -18.3807 4.5221 27.3480 -9.4788 1.8659
98 9 Car -1 -1 -1 10 10 100 100 1.7059 1.7929 4.5034 1.8016 3.9519 27.7501 -9.3661 1.4123
98 15 Car -1 -1 -1 10 10 100 100 1.7181 1.6833 4.2993 20.7613 3.3738 26.0507 -9.3412 2.2865
99 2 Car -1 -1 -1 10 10 100 100 1.6313 1.7555 4.4875 -30.9695 4.9510 30.0333 -9.3979 2.0283
99 11 Car -1 -1 -1 10 10 100 100 1.4770 1.7003 4.3620 -19.4058 4.5613 27.2805 -9.4607 1.9349
99 9 Car -1 -1 -1 10 10 100 100 1.6851 1.7732 4.5801 0.6769 3.9863 27.7853 -9.3605 1.8699
99 15 Car -1 -1 -1 10 10 100 100 1.7137 1.7461 4.4193 19.8375 3.4292 26.1574 -9.3286 1.9604
100 2 Car -1 -1 -1 10 10 100 100 1.6844 1.7792 4.5623 -31.8447 4.9223 30.0946 -9.3721 1.4051
100 11 Car -1 -1 -1 10 10 100 100 1.4969 1.7676 4.3971 -20.3407 4.5837 27.2652 -9.4647 1.5793
100 9 Car -1 -1 -1 10 10 100 100 1.7151 1.8060 4.6312 -0.1525 4.0277 27.9070 -9.3354 1.6688
100 15 Car -1 -1 -1 10 10 100 100 1.7031 1.7303 4.3792 19.1900 3.4270 26.2147 -9.3312 2.4001
101 2 Car -1 -1 -1 10 10 100 100 1.6371 1.8115 4.8852 -32.9613 4.9479 30.1804 -9.3592 1.1388
101 11 Car -1 -1 -1 10 10 100 100 1.5105 1.6923 4.5289 -21.2696 4.5991 27.2245 -9.4675 1.2836
101 9 Car -1 -1 -1 10 10 100 100 1.6729 1.8031 4.6739 -1.0474 4.0371 27.9840 -9.3540 1.8344
101 15 Car -1 -1 -1 10 10 100 100 1.6617 1.7182 4.3071 18.4426 3.4499 26.2628 -9.3360 2.2575
102 2 Car -1 -1 -1 10 10 100 100 1.6849 1.7543 4.6489 -33.8129 4.9989 30.1574 -9.3925 1.6473
102 11 Car -1 -1 -1 10 10 100 100 1.4958 1.7292 4.4315 -22.4338 4.6292 27.1836 -9.4683 1.2770
102 9 Car -1 -1 -1 10 10 100 100 1.6685 1.7151 4.6059 -1.8694 4.0640 27.9787 -9.3651 1.6034
102 15 Car -1 -1 -1 10 10 100 100 1.7555 1.6686 4.3941 17.6948 3.5110 26.2997 -9.3388 2.3443
103 2 Car -1 -1 -1 10 10 100 100 1.6202 1.7902 4.6075 -34.6093 5.0524 30.2236 -9.4159 1.2680
103 11 Car -1 -1 -1 10 10 100 100 1.5047 1.7493 4.5316 -23.2633 4.6551 27.1186 -9.4696 1.0782
103 9 Car -1 -1 -1 10 10 100 100 1.6892 1.7744 4.6376 -2.9332 4.0896 28.0368 -9.3659 1.6556
103 15 Car -1 -1 -1 10 10 100 100 1.6846 1.7070 4.2869 16.9442 3.5214 26.3684 -9.3326 2.1811
104 2 Car -1 -1 -1 10 10 100 100 1.6076 1.7374 4.6666 -35.5144 5.0636 30.1982 -9.4013 1.0498
104 11 Car -1 -1 -1 10 10 100 100 1.4652 1.7316 4.3925 -24.5258 4.6657 26.9832 -9.4671 1.1837
104 9 Car -1 -1 -1 10 10 100 100 1.6942 1.9439 4.7486 -3.6261 4.1343 28.2128 -9.3726 1.4471
104 15 Car -1 -1 -1 10 10 100 100 1.7290 1.7138 4.2855 16.1072 3.5573 26.4075 -9.3479 2.0729
105 2 Car -1 -1 -1 10 10 100 100 1.6827 1.7454 4.7368 -36.4772 5.0853 30.2717 -9.3843 0.8121
105 11 Car -1 -1 -1 10 10 100 100 1.4702 1.6976 4.4184 -25.5486 4.6662 27.0242 -9.4650 1.3199
105 9 Car -1 -1 -1 10 10 100 100 1.6797 1.8110 4.6889 -4.7039 4.1328 28.2362 -9.3697 1.9073
105 15 Car -1 -1 -1 10 10 100 100 1.6739 1.7300 4.4174 15.3855 3.5717 26.4623 -9.3362 2.2008
106 2 Car -1 -1 -1 10 10 100 100 1.6610 1.7115 4.4495 -37.3171 5.0741 30.3459 -9.3878 0.5420
106 11 Car -1 -1 -1 10 10 100 100 1.4900 1.6639 4.4451 -26.5085 4.7058 26.9613 -9.4544 1.0947
106 9 Car -1 -1 -1 10 10 100 100 1.7012 1.8239 4.6027 -5.5261 4.1573 28.2900 -9.3887 1.9352
106 15 Car -1 -1 -1 10 10 100 100 1.6192 1.6668 4.3162 14.6242 3.6231 26.5173 -9.3571 1.6636
107 2 Car -1 -1 -1 10 10 100 100 1.8409 1.7119 4.4802 -38.9024 5.1358 30.3736 -9.3881 0.7504
107 11 Car -1 -1 -1 10 10 100 100 1.4670 1.6605 4.5755 -27.7771 4.6908 26.8834 -9.4533 0.8293
107 9 Car -1 -1 -1 10 10 100 100 1.6206 1.7453 4.3388 -6.5786 4.1594 28.3490 -9.3747 1.3671
107 15 Car -1 -1 -1 10 10 100 100 1.6825 1.7274 4.2902 13.8659 3.6359 26.6305 -9.3555 2.1708
108 2 Car -1 -1 -1 10 10 100 100 1.8126 1.6633 4.2221 -40.0454 5.1852 30.4545 -9.3977 0.4600
108 11 Car -1 -1 -1 10 10 100 100 1.5069 1.6560 4.6121 -28.8142 4.7350 26.8980 -9.4512 0.7989
108 9 Car -1 -1 -1 10 10 100 100 1.6543 1.7101 4.5699 -7.5724 4.1856 28.3447 -9.3478 1.1017
108 15 Car -1 -1 -1 10 10 100 100 1.7177 1.7464 4.4888 13.0390 3.6630 26.6701 -9.3200 2.2015
109 2 Car -1 -1 -1 10 10 100 100 1.7219 1.7141 4.3320 -41.0293 5.1497 30.5088 -9.4280 0.5111
109 11 Car -1 -1 -1 10 10 100 100 1.5351 1.7442 4.7385 -30.0488 4.7663 26.9249 -9.4574 0.6576
109 9 Car -1 -1 -1 10 10 100 100 1.7136 1.9176 4.8189 -8.3668 4.2790 28.5197 -9.3917 0.9485
109 15 Car -1 -1 -1 10 10 100 100 1.7533 1.7852 4.6647 12.0527 3.6954 26.7643 -9.3135 2.0060
110 11 Car -1 -1 -1 10 10 100 100 1.4981 1.7348 4.7495 -31.1689 4.7705 26.8771 -9.4481 1.5163
110 9 Car -1 -1 -1 10 10 100 100 1.6624 1.7873 4.5580 -9.2700 4.2997 28.5242 -9.3564 1.0067
110 15 Car -1 -1 -1 10 10 100 100 1.7535 1.7999 4.7211 11.2321 3.7130 26.8552 -9.3430 2.3099
111 2 Car -1 -1 -1 10 10 100 100 1.6275 1.6790 4.3101 -43.0237 5.2590 30.5547 -9.3777 0.4592
111 11 Car -1 -1 -1 10 10 100 100 1.5184 1.6863 4.4885 -31.9269 4.7614 26.8787 -9.4549 1.2014
111 9 Car -1 -1 -1 10 10 100 100 1.5782 1.8272 4.8429 -10.2569 4.3586 28.5610 -9.3674 1.2536
111 15 Car -1 -1 -1 10 10 100 100 1.7523 1.7757 4.7166 10.3739 3.7514 26.8923 -9.3622 1.9249
112 17 Car -1 -1 -1 10 10 100 100 2.3095 1.9561 4.6295 -17.2191 4.7567 50.0768 -10.8223 0.3789
112 2 Car -1 -1 -1 10 10 100 100 1.7138 1.7396 4.5161 -44.1328 5.2310 30.6462 -9.3638 0.3561
112 11 Car -1 -1 -1 10 10 100 100 1.5795 1.6908 4.7665 -33.2860 4.8722 26.8358 -9.4490 1.0380
112 9 Car -1 -1 -1 10 10 100 100 1.6750 1.7764 4.8222 -11.3569 4.3811 28.6525 -9.3374 0.9965
112 15 Car -1 -1 -1 10 10 100 100 1.7958 1.7735 4.7638 9.5633 3.7348 26.9911 -9.3291 2.1938
113 2 Car -1 -1 -1 10 10 100 100 1.6876 1.7722 4.6175 -45.1714 5.2572 30.6391 -9.3664 0.4245
113 11 Car -1 -1 -1 10 10 100 100 1.5398 1.6832 4.7895 -34.5383 4.9444 26.8313 -9.5079 0.3852
113 9 Car -1 -1 -1 10 10 100 100 1.6945 1.7067 4.6039 -12.3605 4.3986 28.7131 -9.3762 0.9981
113 15 Car -1 -1 -1 10 10 100 100 1.8294 1.7699 4.8832 8.6550 3.7684 27.0791 -9.3510 2.3727
114 2 Car -1 -1 -1 10 10 100 100 1.7942 1.7522 4.4651 -46.1498 5.2522 30.6949 -9.3793 0.4292
114 11 Car -1 -1 -1 10 10 100 100 1.5689 1.6894 4.4857 -36.3909 4.9880 26.8282 -9.4635 0.5413
114 9 Car -1 -1 -1 10 10 100 100 1.6877 1.7882 4.5431 -13.3913 4.4049 28.8359 -9.3523 1.2723
114 15 Car -1 -1 -1 10 10 100 100 1.8221 1.7675 4.7224 7.8232 3.7883 27.0950 -9.3274 2.3245
115 2 Car -1 -1 -1 10 10 100 100 1.8109 1.7477 4.3810 -47.1680 5.2520 30.7321 -9.3914 0.4095
115 11 Car -1 -1 -1 10 10 100 100 1.6278 1.7657 4.4396 -37.7097 5.0514 26.8188 -9.4282 0.5005
115 9 Car -1 -1 -1 10 10 100 100 1.7277 1.7553 4.7440 -14.0892 4.4445 28.8224 -9.3822 1.1481
115 15 Car -1 -1 -1 10 10 100 100 1.7852 1.7988 4.8493 6.9051 3.8148 27.1798 -9.3468 1.7957
116 11 Car -1 -1 -1 10 10 100 100 1.5623 1.7141 4.3513 -38.9757 5.1375 26.7913 -9.4171 0.6493
116 9 Car -1 -1 -1 10 10 100 100 1.6820 1.6838 4.5639 -15.3239 4.5121 28.8326 -9.3580 0.7062
116 15 Car -1 -1 -1 10 10 100 100 1.7428 1.8057 4.7681 6.0912 3.8366 27.2377 -9.3674 2.1135
117 11 Car -1 -1 -1 10 10 100 100 1.5052 1.6294 4.2272 -40.0395 5.1361 26.7628 -9.4243 0.7643
117 9 Car -1 -1 -1 10 10 100 100 1.7114 1.8179 4.6198 -16.1513 4.5166 28.9802 -9.3666 0.7512
117 15 Car -1 -1 -1 10 10 100 100 1.7475 1.8155 4.7815 5.1486 3.8702 27.3588 -9.3530 2.4138
118 11 Car -1 -1 -1 10 10 100 100 1.5569 1.6602 4.3435 -41.3109 5.1746 26.7736 -9.4422 0.7373
118 9 Car -1 -1 -1 10 10 100 100 1.7553 1.8815 4.6788 -17.3155 4.5300 29.1014 -9.3866 1.2519
118 15 Car -1 -1 -1 10 10 100 100 1.7451 1.8425 4.8378 4.3055 3.8847 27.4354 -9.3595 1.9066
119 11 Car -1 -1 -1 10 10 100 100 1.4557 1.6418 4.1705 -42.4184 5.2558 26.7425 -9.4236 0.5456
119 9 Car -1 -1 -1 10 10 100 100 1.7551 1.8492 5.0484 -18.1791 4.6232 29.0693 -9.3661 1.1181
119 15 Car -1 -1 -1 10 10 100 100 1.7690 1.9023 4.9270 3.4400 3.9157 27.5134 -9.3524 1.6893
120 11 Car -1 -1 -1 10 10 100 100 1.5400 1.6617 4.2444 -43.6637 5.2332 26.7795 -9.4169 0.5392
120 9 Car -1 -1 -1 10 10 100 100 1.5351 1.8026 4.7673 -19.2786 4.6329 29.1182 -9.3376 0.4070
120 15 Car -1 -1 -1 10 10 100 100 1.7586 1.8524 4.7526 2.1630 3.9633 27.5990 -9.3403 1.2761
121 9 Car -1 -1 -1 10 10 100 100 1.7616 1.7598 4.5261 -20.3362 4.6565 29.1540 -9.3630 1.3009
121 15 Car -1 -1 -1 10 10 100 100 1.7375 1.8212 4.5165 1.2172 3.9803 27.7047 -9.3661 1.3167
122 9 Car -1 -1 -1 10 10 100 100 1.7342 1.7335 4.6907 -21.2704 4.6518 29.2214 -9.3327 1.1020
122 15 Car -1 -1 -1 10 10 100 100 1.7053 1.6838 4.3115 0.2108 3.9922 27.6938 -9.3687 1.4821
123 9 Car -1 -1 -1 10 10 100 100 1.5545 1.7193 4.6278 -22.4226 4.7008 29.2414 -9.3669 0.5108
123 15 Car -1 -1 -1 10 10 100 100 1.6483 1.6534 4.2905 -0.5982 4.0073 27.6955 -9.3738 1.5097
124 9 Car -1 -1 -1 10 10 100 100 1.7235 1.8007 4.6181 -23.4429 4.7203 29.3516 -9.3633 1.0779
124 15 Car -1 -1 -1 10 10 100 100 1.7121 1.6499 4.0893 -1.5708 4.0324 27.8028 -9.4066 1.2193
125 9 Car -1 -1 -1 10 10 100 100 1.7256 1.8109 4.6684 -24.4301 4.7469 29.4054 -9.4041 0.9239
125 15 Car -1 -1 -1 10 10 100 100 1.7773 1.7360 4.3765 -2.6597 4.0611 27.9277 -9.3592 1.6861
126 9 Car -1 -1 -1 10 10 100 100 1.6633 1.8362 4.7162 -25.6245 4.7893 29.4533 -9.3839 0.9265
126 15 Car -1 -1 -1 10 10 100 100 1.7264 1.7220 4.3135 -3.4836 4.0893 27.9698 -9.3667 1.7897
127 9 Car -1 -1 -1 10 10 100 100 1.7163 1.8035 4.5828 -26.5513 4.7918 29.5067 -9.3665 0.8842
127 15 Car -1 -1 -1 10 10 100 100 1.6955 1.7069 4.2660 -4.4492 4.1135 28.0509 -9.3593 1.9990
128 9 Car -1 -1 -1 10 10 100 100 1.8049 1.8112 4.6838 -27.6157 4.8187 29.5295 -9.3538 1.3004
128 15 Car -1 -1 -1 10 10 100 100 1.7150 1.7731 4.3575 -5.3024 4.0962 28.1439 -9.3557 1.7584
129 9 Car -1 -1 -1 10 10 100 100 1.7954 1.8301 4.5601 -28.5063 4.8322 29.6080 -9.3754 1.5683
129 15 Car -1 -1 -1 10 10 100 100 1.7299 1.7562 4.3787 -6.3406 4.1257 28.1887 -9.3824 2.0788
130 9 Car -1 -1 -1 10 10 100 100 1.6987 1.7739 4.5761 -29.6141 4.8766 29.6123 -9.3495 1.2307
130 15 Car -1 -1 -1 10 10 100 100 1.7378 1.7679 4.4405 -7.4115 4.1588 28.2762 -9.3688 1.6174
131 9 Car -1 -1 -1 10 10 100 100 1.7465 1.7496 4.6124 -30.6478 4.9063 29.6336 -9.3613 0.8503
131 15 Car -1 -1 -1 10 10 100 100 1.7051 1.8490 4.3710 -8.3258 4.1992 28.3511 -9.3820 1.8623
132 9 Car -1 -1 -1 10 10 100 100 1.7925 1.6966 4.4313 -31.4881 4.9359 29.6974 -9.3818 1.3382
132 15 Car -1 -1 -1 10 10 100 100 1.7458 1.8147 4.4948 -9.2419 4.2356 28.3867 -9.3682 2.0015
133 9 Car -1 -1 -1 10 10 100 100 1.7625 1.6807 4.6925 -32.6544 4.9845 29.7012 -9.3657 0.9100
133 15 Car -1 -1 -1 10 10 100 100 1.7247 1.8354 4.5021 -10.3012 4.2779 28.4661 -9.3486 1.8054
134 9 Car -1 -1 -1 10 10 100 100 1.8281 1.6411 4.4351 -33.5248 4.9975 29.7374 -9.3939 1.0366
134 15 Car -1 -1 -1 10 10 100 100 1.7466 1.8479 4.6382 -11.2998 4.2961 28.5417 -9.3705 1.8977
135 9 Car -1 -1 -1 10 10 100 100 1.7668 1.7743 4.5261 -34.6702 4.9729 29.8398 -9.3786 0.6158
135 15 Car -1 -1 -1 10 10 100 100 1.7616 1.8601 4.5111 -12.3791 4.3675 28.5816 -9.3715 2.1583
136 15 Car -1 -1 -1 10 10 100 100 1.7393 1.8533 4.3814 -13.4050 4.3926 28.6501 -9.3422 1.9624
137 15 Car -1 -1 -1 10 10 100 100 1.7413 1.8934 4.4390 -14.3838 4.4083 28.7499 -9.3539 1.9366
138 15 Car -1 -1 -1 10 10 100 100 1.7538 1.7068 4.3297 -15.3963 4.4417 28.7167 -9.3660 1.8578
139 15 Car -1 -1 -1 10 10 100 100 1.7956 1.8052 4.2837 -16.3550 4.4599 28.8008 -9.3693 2.0074
140 15 Car -1 -1 -1 10 10 100 100 1.7723 1.8879 4.3848 -17.5104 4.5240 28.9276 -9.3633 1.9029
141 15 Car -1 -1 -1 10 10 100 100 1.7392 1.8345 4.2857 -18.4838 4.5460 28.9321 -9.3753 2.0683
142 15 Car -1 -1 -1 10 10 100 100 1.7979 1.8766 4.3996 -19.4985 4.5920 28.9429 -9.3798 2.1740
143 15 Car -1 -1 -1 10 10 100 100 1.7360 1.8201 4.2057 -20.4546 4.5700 29.0456 -9.3510 2.0421
144 15 Car -1 -1 -1 10 10 100 100 1.7425 1.8539 4.3680 -21.6321 4.6169 29.1133 -9.4018 2.0221
145 15 Car -1 -1 -1 10 10 100 100 1.7589 1.8088 4.4071 -22.5073 4.6380 29.0568 -9.3934 1.7326
146 15 Car -1 -1 -1 10 10 100 100 1.7957 1.8003 4.4120 -23.5791 4.6967 29.1601 -9.3770 2.0306
147 15 Car -1 -1 -1 10 10 100 100 1.8227 1.7566 4.3879 -24.5025 4.7135 29.1681 -9.3940 2.1395
148 15 Car -1 -1 -1 10 10 100 100 1.7703 1.7368 4.5572 -25.5122 4.7774 29.2104 -9.3807 1.8288
149 15 Car -1 -1 -1 10 10 100 100 1.7849 1.8605 4.4720 -26.6060 4.7523 29.2680 -9.3771 1.9757
150 15 Car -1 -1 -1 10 10 100 100 1.7812 1.8098 4.5698 -27.5570 4.8064 29.2716 -9.3869 2.1064
151 15 Car -1 -1 -1 10 10 100 100 1.7361 1.8163 4.5393 -28.6007 4.7734 29.3095 -9.3790 2.0943
152 15 Car -1 -1 -1 10 10 100 100 1.7215 1.8013 4.6384 -29.5883 4.8298 29.3384 -9.4059 1.5588
153 15 Car -1 -1 -1 10 10 100 100 1.7463 1.7914 4.9221 -30.6618 4.8822 29.3609 -9.3893 1.9565
154 15 Car -1 -1 -1 10 10 100 100 1.7300 1.8456 4.8142 -31.5750 4.9109 29.4437 -9.3816 1.8942
155 15 Car -1 -1 -1 10 10 100 100 1.8697 1.7971 5.0278 -32.7003 4.9522 29.4906 -9.3813 1.4434
156 15 Car -1 -1 -1 10 10 100 100 1.7879 1.8256 4.9465 -33.7938 4.9967 29.5843 -9.3783 1.2640
157 15 Car -1 -1 -1 10 10 100 100 1.9024 1.8794 5.0739 -34.8245 5.0543 29.6338 -9.3748 1.6177
158 15 Car -1 -1 -1 10 10 100 100 1.7381 1.7795 4.6725 -35.4337 4.9989 29.6039 -9.3945 1.3175
159 15 Car -1 -1 -1 10 10 100 100 1.8299 1.8226 5.0642 -36.9742 5.0974 29.6705 -9.4016 0.6564
