0 1 Car -1 -1 -1 10 10 100 100 1.5448 1.7113 4.4004 -10.7357 4.2935 28.3450 -9.3462 2.0069
0 0 Car -1 -1 -1 10 10 100 100 1.8844 1.6720 4.4923 7.6665 3.7716 27.5192 -9.3504 2.2286
0 2 Car -1 -1 -1 10 10 100 100 1.8248 1.8589 4.8639 30.4145 3.2713 25.3101 -9.3719 1.7647
1 1 Car -1 -1 -1 10 10 100 100 1.5484 1.8140 4.6140 -11.6244 4.3755 28.4390 -9.3372 1.5254
1 0 Car -1 -1 -1 10 10 100 100 1.9355 1.6709 4.4726 7.2437 3.8042 27.5738 -9.3555 1.9958
1 2 Car -1 -1 -1 10 10 100 100 1.8115 1.8251 4.6677 29.2237 3.2868 25.4227 -9.3542 2.0566
2 1 Car -1 -1 -1 10 10 100 100 1.5665 1.8130 4.5996 -12.3273 4.3850 28.5311 -9.3331 1.6606
2 0 Car -1 -1 -1 10 10 100 100 1.8994 1.7146 4.5796 6.6690 3.7943 27.5876 -9.3498 2.3482
2 2 Car -1 -1 -1 10 10 100 100 1.8506 1.8714 4.6780 28.3339 3.3070 25.4662 -9.3645 2.0767
3 1 Car -1 -1 -1 10 10 100 100 1.5515 1.7057 4.4179 -13.0680 4.4062 28.5523 -9.3577 2.0765
3 0 Car -1 -1 -1 10 10 100 100 1.8975 1.7408 4.5676 6.2064 3.8345 27.6435 -9.3366 1.7616
3 2 Car -1 -1 -1 10 10 100 100 1.8225 1.8286 4.5801 27.2389 3.3754 25.5393 -9.3568 1.9134
4 1 Car -1 -1 -1 10 10 100 100 1.5732 1.7878 4.4825 -13.8065 4.4754 28.6342 -9.3322 1.6945
4 0 Car -1 -1 -1 10 10 100 100 1.9516 1.6842 4.5961 5.5525 3.8729 27.6840 -9.3492 1.9713
4 2 Car -1 -1 -1 10 10 100 100 1.7935 1.7728 4.5896 26.2395 3.3415 25.5548 -9.3529 2.1153
5 1 Car -1 -1 -1 10 10 100 100 1.5921 1.8021 4.5583 -14.6163 4.4919 28.6807 -9.3297 1.6889
5 0 Car -1 -1 -1 10 10 100 100 1.9017 1.6720 4.5312 5.0555 3.8520 27.6901 -9.3526 2.3437
5 2 Car -1 -1 -1 10 10 100 100 1.8199 1.7701 4.6422 25.2996 3.3878 25.6762 -9.3646 2.0209
6 1 Car -1 -1 -1 10 10 100 100 1.5892 1.8702 4.6134 -15.5273 4.5308 28.8040 -9.3258 2.1544
6 0 Car -1 -1 -1 10 10 100 100 1.9868 1.6828 4.6509 4.4928 3.8985 27.7615 -9.3509 2.2331
6 2 Car -1 -1 -1 10 10 100 100 1.7673 1.7423 4.5311 24.3051 3.3915 25.7083 -9.3529 2.3132
7 1 Car -1 -1 -1 10 10 100 100 1.5583 1.7758 4.3713 -16.1630 4.5247 28.8341 -9.3503 1.9930
7 0 Car -1 -1 -1 10 10 100 100 1.9627 1.7178 4.6417 3.8774 3.9137 27.7927 -9.3524 2.4017
7 2 Car -1 -1 -1 10 10 100 100 1.8115 1.7987 4.6619 23.3780 3.4684 25.7781 -9.3677 2.2492
8 1 Car -1 -1 -1 10 10 100 100 1.5589 1.7761 4.4256 -17.0805 4.5927 28.8700 -9.3448 1.8387
8 0 Car -1 -1 -1 10 10 100 100 1.9804 1.6966 4.6770 3.3520 3.9532 27.8219 -9.3604 1.9421
8 2 Car -1 -1 -1 10 10 100 100 1.8308 1.7637 4.8591 22.5561 3.4640 25.8405 -9.3734 1.6393
9 1 Car -1 -1 -1 10 10 100 100 1.5922 1.7393 4.4385 -17.9012 4.5787 28.9172 -9.3371 1.9009
9 0 Car -1 -1 -1 10 10 100 100 2.0061 1.6689 4.6360 2.6481 3.9737 27.8766 -9.3651 1.7469
9 2 Car -1 -1 -1 10 10 100 100 1.8324 1.7246 4.6220 21.4444 3.4691 25.8868 -9.3541 1.8874
10 1 Car -1 -1 -1 10 10 100 100 1.5362 1.7557 4.4617 -18.6819 4.6240 28.9507 -9.3629 1.7460
10 0 Car -1 -1 -1 10 10 100 100 2.0215 1.6446 4.3096 1.7985 4.0947 27.9288 -9.3517 1.9673
10 2 Car -1 -1 -1 10 10 100 100 1.8779 1.7739 4.7228 20.5400 3.5057 25.9854 -9.3515 2.4012
11 1 Car -1 -1 -1 10 10 100 100 1.5433 1.6564 4.3973 -19.6535 4.6238 29.0216 -9.3552 1.8370
11 0 Car -1 -1 -1 10 10 100 100 1.9536 1.6430 4.3305 1.2319 4.0687 27.9377 -9.3427 2.0193
11 2 Car -1 -1 -1 10 10 100 100 1.8617 1.8115 4.8239 19.8253 3.5651 26.0785 -9.3506 1.7562
12 1 Car -1 -1 -1 10 10 100 100 1.5392 1.7742 4.4304 -20.4512 4.6820 29.1536 -9.3340 2.1310
12 0 Car -1 -1 -1 10 10 100 100 1.9211 1.6744 4.3511 0.6184 4.0702 27.9994 -9.3562 2.0016
12 2 Car -1 -1 -1 10 10 100 100 1.8353 1.8218 4.8476 18.6939 3.5863 26.1461 -9.3624 1.8931
13 1 Car -1 -1 -1 10 10 100 100 1.5599 1.7536 4.4569 -21.2973 4.6774 29.1503 -9.3626 1.6228
13 0 Car -1 -1 -1 10 10 100 100 1.9854 1.6025 4.1788 0.0761 4.1331 28.0236 -9.3461 2.0815
13 2 Car -1 -1 -1 10 10 100 100 1.8624 1.7939 5.0397 17.9314 3.5712 26.1737 -9.3337 2.2953
14 1 Car -1 -1 -1 10 10 100 100 1.5422 1.6584 4.4922 -22.1177 4.6910 29.2115 -9.3673 1.2172
14 0 Car -1 -1 -1 10 10 100 100 1.9577 1.6416 4.4004 -0.7231 4.1172 28.0603 -9.3395 1.8761
14 2 Car -1 -1 -1 10 10 100 100 1.8579 1.7893 4.8680 17.0769 3.6079 26.2382 -9.3475 1.8198
15 1 Car -1 -1 -1 10 10 100 100 1.5264 1.6976 4.5249 -23.0739 4.6889 29.3060 -9.3498 1.6568
15 0 Car -1 -1 -1 10 10 100 100 1.9863 1.6230 4.4316 -1.4224 4.1294 28.1295 -9.3323 2.1193
15 2 Car -1 -1 -1 10 10 100 100 1.9096 1.8414 5.1721 16.1640 3.6309 26.3226 -9.3509 2.1220
16 1 Car -1 -1 -1 10 10 100 100 1.5122 1.7421 4.5256 -23.8677 4.7349 29.4200 -9.3672 1.7305
16 0 Car -1 -1 -1 10 10 100 100 1.9427 1.6551 4.4969 -2.1449 4.1403 28.1586 -9.3505 1.7947
16 2 Car -1 -1 -1 10 10 100 100 1.7896 1.8102 4.9595 15.2740 3.6779 26.4090 -9.3585 1.9571
17 1 Car -1 -1 -1 10 10 100 100 1.5479 1.7310 4.4060 -24.6997 4.7430 29.4419 -9.3660 1.5606
17 0 Car -1 -1 -1 10 10 100 100 2.1144 1.6099 4.1343 -2.9139 4.2251 28.2898 -9.3501 2.0701
17 2 Car -1 -1 -1 10 10 100 100 1.8229 1.8491 4.7263 14.2427 3.6688 26.4805 -9.3586 1.9655
18 1 Car -1 -1 -1 10 10 100 100 1.5624 1.7579 4.5064 -25.6911 4.7823 29.5095 -9.3589 1.6437
18 0 Car -1 -1 -1 10 10 100 100 2.0239 1.6421 4.4709 -3.5444 4.1666 28.3026 -9.3424 1.7598
18 2 Car -1 -1 -1 10 10 100 100 1.8670 1.8374 4.7087 13.3006 3.6819 26.5319 -9.3587 1.3564
19 1 Car -1 -1 -1 10 10 100 100 1.5791 1.7419 4.4693 -26.5647 4.8136 29.5536 -9.3774 1.5666
19 0 Car -1 -1 -1 10 10 100 100 2.0482 1.6216 4.2708 -4.3373 4.2130 28.3367 -9.3727 2.0121
19 2 Car -1 -1 -1 10 10 100 100 1.8803 1.7659 5.0035 12.4454 3.7368 26.5478 -9.3492 1.7313
20 1 Car -1 -1 -1 10 10 100 100 1.5245 1.6789 4.4739 -27.5193 4.8100 29.6255 -9.3638 1.6037
20 0 Car -1 -1 -1 10 10 100 100 1.9528 1.6211 4.4184 -5.0521 4.1736 28.3760 -9.3322 1.7914
20 2 Car -1 -1 -1 10 10 100 100 1.8863 1.7880 5.0494 11.5056 3.7476 26.6339 -9.3477 1.8873
21 1 Car -1 -1 -1 10 10 100 100 1.5658 1.8053 4.6870 -28.3558 4.8772 29.7428 -9.3705 1.3031
21 0 Car -1 -1 -1 10 10 100 100 1.9366 1.5814 4.3100 -5.7930 4.1808 28.4063 -9.3588 1.8583
21 2 Car -1 -1 -1 10 10 100 100 1.7949 1.8158 5.2281 10.4686 3.7700 26.7273 -9.3473 1.6874
22 1 Car -1 -1 -1 10 10 100 100 1.5935 1.7910 4.8228 -29.4007 4.9056 29.7441 -9.3683 1.1261
22 0 Car -1 -1 -1 10 10 100 100 1.8642 1.6239 4.4868 -6.6716 4.1889 28.4776 -9.3562 2.1714
22 2 Car -1 -1 -1 10 10 100 100 1.7898 1.8124 5.2245 9.5682 3.7462 26.7969 -9.3458 1.7574
23 1 Car -1 -1 -1 10 10 100 100 1.6172 1.8153 4.7167 -30.4296 4.9620 29.8142 -9.3470 1.2006
23 0 Car -1 -1 -1 10 10 100 100 1.9711 1.6457 4.3969 -7.4093 4.2334 28.5386 -9.3479 1.6741
23 2 Car -1 -1 -1 10 10 100 100 1.7942 1.8625 5.2278 8.7523 3.7760 26.8597 -9.3429 1.7216
24 1 Car -1 -1 -1 10 10 100 100 1.6083 1.7968 4.4771 -31.1020 4.9745 29.8414 -9.3913 1.5218
24 0 Car -1 -1 -1 10 10 100 100 1.9540 1.5691 4.4007 -8.0953 4.2664 28.5243 -9.3499 2.0406
24 2 Car -1 -1 -1 10 10 100 100 1.7319 1.8373 5.2980 7.7821 3.8035 26.9151 -9.3620 1.7723
25 1 Car -1 -1 -1 10 10 100 100 1.6018 1.7569 4.7139 -32.2039 5.0401 29.9018 -9.3858 0.8942
25 0 Car -1 -1 -1 10 10 100 100 1.9027 1.5845 4.4129 -9.1176 4.2777 28.6124 -9.3385 2.3469
25 2 Car -1 -1 -1 10 10 100 100 1.8121 1.8578 5.3681 6.9278 3.8176 26.9890 -9.3601 1.9378
26 1 Car -1 -1 -1 10 10 100 100 1.5950 1.7914 4.8622 -33.1529 5.0406 29.9314 -9.3885 1.4649
26 0 Car -1 -1 -1 10 10 100 100 1.9225 1.5822 4.3842 -9.8075 4.2989 28.6516 -9.3272 1.8457
26 2 Car -1 -1 -1 10 10 100 100 1.8158 1.8557 5.1993 6.0178 3.8465 27.0094 -9.3819 1.8980
27 1 Car -1 -1 -1 10 10 100 100 1.6240 1.7459 4.7832 -34.1665 5.0471 30.0024 -9.4014 0.6492
27 0 Car -1 -1 -1 10 10 100 100 1.8962 1.6373 4.4995 -10.6246 4.3008 28.7482 -9.3490 2.1827
27 2 Car -1 -1 -1 10 10 100 100 1.7506 1.8104 5.3127 5.1288 3.9070 27.0343 -9.3982 1.5600
28 1 Car -1 -1 -1 10 10 100 100 1.5734 1.6967 4.5845 -34.9681 5.0532 29.9764 -9.3984 0.9592
28 0 Car -1 -1 -1 10 10 100 100 1.9341 1.6158 4.3709 -11.5635 4.3432 28.7651 -9.3304 2.1233
28 2 Car -1 -1 -1 10 10 100 100 1.7610 1.8719 5.0297 4.0592 3.8938 27.0792 -9.3870 1.4395
29 1 Car -1 -1 -1 10 10 100 100 1.6144 1.8316 4.7921 -35.9828 5.1229 29.9991 -9.3749 0.9057
29 0 Car -1 -1 -1 10 10 100 100 1.9231 1.6235 4.4409 -12.3342 4.4113 28.8105 -9.3526 2.0327
29 2 Car -1 -1 -1 10 10 100 100 1.8457 1.8956 5.1076 3.3183 3.9419 27.1707 -9.3920 1.3870
30 1 Car -1 -1 -1 10 10 100 100 1.6109 1.8127 4.9161 -37.0705 5.1964 30.0489 -9.4000 0.7187
30 0 Car -1 -1 -1 10 10 100 100 1.9420 1.6344 4.2757 -13.2084 4.4515 28.9103 -9.3528 2.2366
30 2 Car -1 -1 -1 10 10 100 100 1.8638 1.9114 5.0923 2.3589 3.9676 27.1982 -9.3917 1.3779
31 1 Car -1 -1 -1 10 10 100 100 1.6135 1.7681 4.7299 -38.1709 5.3180 30.0626 -9.3886 0.5326
31 0 Car -1 -1 -1 10 10 100 100 1.9650 1.6624 4.3763 -14.0092 4.4626 28.9634 -9.3233 1.8678
31 2 Car -1 -1 -1 10 10 100 100 1.7917 1.8797 4.7782 1.0543 4.0138 27.2835 -9.4093 2.1279
32 0 Car -1 -1 -1 10 10 100 100 1.9098 1.6351 4.3817 -14.8141 4.4514 28.9794 -9.3479 2.1313
32 2 Car -1 -1 -1 10 10 100 100 1.7951 1.9341 4.8752 0.1685 4.0426 27.3149 -9.4144 1.4998
33 0 Car -1 -1 -1 10 10 100 100 1.9460 1.6318 4.5991 -15.4687 4.4867 29.0065 -9.3642 2.1637
33 2 Car -1 -1 -1 10 10 100 100 1.7905 1.8966 4.8531 -0.8181 4.0604 27.3089 -9.4155 1.9914
34 0 Car -1 -1 -1 10 10 100 100 1.9785 1.6008 4.3182 -16.3560 4.5485 29.0097 -9.3607 1.7633
34 2 Car -1 -1 -1 10 10 100 100 1.7254 1.8284 4.8200 -1.7890 4.0590 27.3085 -9.4063 1.8974
35 0 Car -1 -1 -1 10 10 100 100 1.9439 1.5580 4.2293 -17.2856 4.5972 29.0973 -9.3488 2.0681
35 2 Car -1 -1 -1 10 10 100 100 1.7030 1.8182 4.7006 -2.7984 4.0779 27.3056 -9.4097 1.8326
36 0 Car -1 -1 -1 10 10 100 100 2.0357 1.5739 4.1312 -18.0075 4.6469 29.1570 -9.3637 1.7932
36 2 Car -1 -1 -1 10 10 100 100 1.7388 1.8990 4.8305 -3.6055 4.0978 27.3915 -9.4149 1.9605
37 0 Car -1 -1 -1 10 10 100 100 1.9816 1.6037 4.2776 -18.8386 4.6308 29.1914 -9.3461 1.7376
37 2 Car -1 -1 -1 10 10 100 100 1.7515 1.9547 4.8625 -4.6146 4.1366 27.4446 -9.4108 2.0114
38 0 Car -1 -1 -1 10 10 100 100 1.9388 1.6138 4.4717 -19.7240 4.6271 29.2011 -9.3489 1.7755
38 2 Car -1 -1 -1 10 10 100 100 1.7993 1.9901 4.8786 -5.6119 4.1484 27.4582 -9.4075 2.0073
39 0 Car -1 -1 -1 10 10 100 100 2.0101 1.5922 4.2332 -20.3957 4.6986 29.2612 -9.3765 2.1391
39 2 Car -1 -1 -1 10 10 100 100 1.7258 1.9501 4.9644 -6.5605 4.1912 27.4587 -9.4106 1.9391
40 0 Car -1 -1 -1 10 10 100 100 1.9537 1.6254 4.2789 -21.3051 4.6634 29.3489 -9.3764 2.1000
40 2 Car -1 -1 -1 10 10 100 100 1.7183 1.8688 4.8911 -7.4754 4.2120 27.4436 -9.4033 1.8001
41 0 Car -1 -1 -1 10 10 100 100 1.9957 1.5484 4.2625 -22.1425 4.7328 29.3274 -9.3815 2.0860
41 2 Car -1 -1 -1 10 10 100 100 1.6475 1.9264 4.9634 -8.4377 4.2449 27.4914 -9.4172 2.0656
42 0 Car -1 -1 -1 10 10 100 100 1.9429 1.5758 4.3076 -22.8850 4.6910 29.4010 -9.3626 2.0315
42 2 Car -1 -1 -1 10 10 100 100 1.7904 1.9668 4.9626 -9.4887 4.3036 27.4882 -9.3956 2.2142
43 0 Car -1 -1 -1 10 10 100 100 1.9959 1.6092 4.2883 -23.8571 4.7966 29.4635 -9.3756 1.7939
43 2 Car -1 -1 -1 10 10 100 100 1.7413 1.9457 5.1034 -10.4582 4.2563 27.5106 -9.4164 2.1743
44 0 Car -1 -1 -1 10 10 100 100 2.0401 1.6107 4.0913 -24.7767 4.8473 29.5354 -9.3677 1.9017
44 2 Car -1 -1 -1 10 10 100 100 1.7956 1.9571 5.0231 -11.3621 4.3592 27.4908 -9.4402 1.6970
45 0 Car -1 -1 -1 10 10 100 100 2.0079 1.6415 4.3068 -25.4631 4.8192 29.5420 -9.3487 1.5958
45 2 Car -1 -1 -1 10 10 100 100 1.6930 1.9263 4.8412 -12.6060 4.3993 27.4806 -9.4431 1.6170
46 0 Car -1 -1 -1 10 10 100 100 1.9663 1.5918 4.3183 -26.3939 4.8141 29.6136 -9.3701 1.8076
46 2 Car -1 -1 -1 10 10 100 100 1.7780 1.9432 4.9063 -13.5816 4.3968 27.4799 -9.4254 1.7075
47 0 Car -1 -1 -1 10 10 100 100 1.9644 1.5839 4.2292 -27.3220 4.8594 29.6269 -9.3858 1.7382
47 2 Car -1 -1 -1 10 10 100 100 1.7875 2.0089 4.8539 -14.7411 4.4866 27.4833 -9.4174 2.3251
48 0 Car -1 -1 -1 10 10 100 100 2.0476 1.6804 4.6369 -28.1862 4.8837 29.6732 -9.3700 1.8448
48 2 Car -1 -1 -1 10 10 100 100 1.7050 1.9147 4.6472 -15.7915 4.4828 27.4452 -9.4299 1.7924
49 0 Car -1 -1 -1 10 10 100 100 1.9654 1.6288 4.4041 -28.9859 4.8644 29.6725 -9.3806 1.5953
49 2 Car -1 -1 -1 10 10 100 100 1.7611 1.9070 4.7972 -16.9911 4.5362 27.4019 -9.4478 1.7391
50 0 Car -1 -1 -1 10 10 100 100 1.9484 1.6213 4.3820 -29.8357 4.8950 29.7035 -9.3763 1.8438
50 2 Car -1 -1 -1 10 10 100 100 1.6929 1.9123 4.6487 -18.0007 4.5787 27.3670 -9.4336 1.6382
51 0 Car -1 -1 -1 10 10 100 100 2.0186 1.6272 4.6066 -30.7215 4.9431 29.7813 -9.3593 1.9872
51 2 Car -1 -1 -1 10 10 100 100 1.7510 1.8302 4.7376 -19.1219 4.5883 27.2820 -9.4530 1.4655
52 0 Car -1 -1 -1 10 10 100 100 1.9708 1.6204 4.5372 -31.6034 4.9305 29.7821 -9.3794 1.4110
52 2 Car -1 -1 -1 10 10 100 100 1.7361 1.8673 4.6319 -20.3380 4.6014 27.2996 -9.4399 1.5613
53 0 Car -1 -1 -1 10 10 100 100 1.9799 1.6116 4.7060 -32.7139 5.0040 29.7943 -9.3868 1.6663
53 2 Car -1 -1 -1 10 10 100 100 1.6975 1.8186 4.7755 -21.3521 4.6256 27.2323 -9.4488 0.8303
54 0 Car -1 -1 -1 10 10 100 100 2.0769 1.6973 5.0050 -33.6176 5.0860 29.9385 -9.3566 1.6469
54 2 Car -1 -1 -1 10 10 100 100 1.7434 1.8236 4.7987 -22.5866 4.6477 27.2276 -9.4466 1.1811
55 0 Car -1 -1 -1 10 10 100 100 2.0137 1.6590 4.6325 -34.4827 5.0353 29.9201 -9.3631 1.7085
55 2 Car -1 -1 -1 10 10 100 100 1.7577 1.8602 4.7766 -23.6261 4.6614 27.2204 -9.4696 1.0573
56 0 Car -1 -1 -1 10 10 100 100 2.0630 1.7123 4.8536 -35.4391 5.1103 30.0344 -9.3872 1.2851
56 2 Car -1 -1 -1 10 10 100 100 1.7858 1.8131 4.7205 -24.9426 4.6823 27.0753 -9.4728 0.6742
57 0 Car -1 -1 -1 10 10 100 100 1.8831 1.6353 4.4815 -36.1038 5.0869 29.9397 -9.3473 1.3705
57 2 Car -1 -1 -1 10 10 100 100 1.8214 1.8074 4.6437 -26.0274 4.6813 27.0679 -9.4533 0.8012
58 0 Car -1 -1 -1 10 10 100 100 1.9976 1.6872 4.8760 -37.2752 5.1270 30.0758 -9.3635 1.1641
58 2 Car -1 -1 -1 10 10 100 100 1.8931 1.8401 5.0582 -27.3123 4.7678 27.0952 -9.4605 1.0670
59 0 Car -1 -1 -1 10 10 100 100 2.0501 1.6464 4.7668 -38.7019 5.1407 30.1374 -9.3766 1.0518
59 2 Car -1 -1 -1 10 10 100 100 1.8975 1.9201 5.0604 -28.5214 4.8309 27.0961 -9.4834 1.4992
60 0 Car -1 -1 -1 10 10 100 100 1.9350 1.6820 4.4927 -39.8180 5.1510 30.2006 -9.3972 0.6882
60 2 Car -1 -1 -1 10 10 100 100 1.8717 1.8843 5.0314 -29.7170 4.8393 27.0058 -9.4580 0.9962
61 2 Car -1 -1 -1 10 10 100 100 1.8179 1.8281 5.1787 -31.0363 4.8711 27.0506 -9.4329 0.7373
62 2 Car -1 -1 -1 10 10 100 100 1.7631 1.8228 4.9641 -32.0139 4.8572 26.9857 -9.4454 0.6079
63 2 Car -1 -1 -1 10 10 100 100 1.8297 1.8128 5.2021 -33.3063 4.9231 26.9922 -9.4158 0.6137
64 2 Car -1 -1 -1 10 10 100 100 1.9211 1.8917 5.0886 -34.7843 4.9744 27.0069 -9.4794 0.6365
65 2 Car -1 -1 -1 10 10 100 100 1.9568 1.8783 5.1079 -36.8054 5.0711 26.9632 -9.5013 0.5979
66 2 Car -1 -1 -1 10 10 100 100 1.9266 1.8770 4.8603 -38.3111 5.1023 26.9422 -9.4367 0.8043
